1 0.20388270871584405 0.3262056737588652 0.019076034128955584 0.014184397163120555
1 0.3316637865860244 0.32468085106382977 0.019251539043093204 0.013812056737588705
3 0.311251215034021 0.6581205673758865 0.017361486121611393 0.01099290780141852
2 0.07733016524462685 0.32875886524822695 0.018954530726860336 0.014627659574468054
3 0.43942380386650826 0.6570921985815603 0.01796900313208756 0.011063829787234076
3 0.18360514094394642 0.6581205673758865 0.017550491413759587 0.011170212765957406
1 0.45957986823631064 0.32349290780141843 0.01853601900853229 0.012978723404255276
1 0.588008964250999 0.3224822695035461 0.01881952694675451 0.013439716312056664
3 0.5678528998811967 0.6557446808510637 0.017833999351981954 0.011329787234042593
3 0.6965385030780863 0.6550531914893617 0.017037477049357302 0.010567375886524814
3 0.8247110919105735 0.6540425531914894 0.017631493681822895 0.010443262411347404
2 0.07920671778809807 0.7276773049645391 0.020318068905929392 0.01650709219858148
1 0.8453801706447781 0.3204432624113475 0.018900529214818107 0.013226950354609907
1 0.7166945674478885 0.32145390070921986 0.019103034884976878 0.013138297872340464
3 0.9528701803650502 0.6533687943262411 0.01722648234150564 0.011170212765957406
2 0.8464061993735825 0.7236170212765958 0.021560103682903276 0.016063829787233884
2 0.5902365266227454 0.7256560283687943 0.02185711199913607 0.01599290780141833
2 0.2055702559671671 0.7276773049645391 0.02153310292688191 0.01599290780141833
2 0.46164542607193 0.7263297872340425 0.021479101414839535 0.016560283687943336
2 0.3330273247650934 0.7270035460992907 0.02161410519494543 0.01638297872340426
2 0.7182471109191058 0.724290780141844 0.021533102926882125 0.016187943262411294
0 0.06130521654606329 0.9448758865248226 0.009018252511070326 0.01086879432624149