2 0.06748602287503574 0.6895631602112675 0.02120041119376475 0.015111573984925145
3 0.8080571188871808 0.6161009022887324 0.017046926701189173 0.010256915025308141
3 0.9353237325284193 0.6157639194542253 0.016646011209627606 0.010141077175946218
3 0.6807905052459425 0.6174488336267605 0.01764028162869975 0.011046718543684051
3 0.2982209065784299 0.6201446963028169 0.017431805573087985 0.010783450704225287
3 0.5535238916047043 0.6184597821302816 0.017367659094438197 0.010951942121478927
2 0.4472973229606062 0.6875412632042253 0.02216260837351202 0.014985205421985105
3 0.17159575772368982 0.620481679137324 0.017704428107349686 0.010662347498074307
2 0.3202872952339672 0.6882152288732394 0.021745656262288204 0.014879898286201676
3 0.42548752021966824 0.6191337477992956 0.01751198867140017 0.011130964252310681
2 0.19289238863542932 0.6895631602112675 0.020607056266253938 0.014363893320862645
2 0.7023437220722814 0.6861933318661971 0.021168337954439873 0.0142059326171875
2 0.5745639366018446 0.6875412632042253 0.021168337954439873 0.014090094767825766
2 0.8296103357135196 0.684845400528169 0.022451267527436255 0.01476406043683975
3 0.6787378179291484 0.21778719190140844 0.017303512615788334 0.010951942121478831
2 0.06524089612229213 0.2929343639964788 0.02095986189882793 0.015343249683648802
3 0.8060044315703867 0.21745020906690138 0.016581864730977742 0.010177934673470475
3 0.5509580324587117 0.21930361465669013 0.017977050641611456 0.011130964252310775
3 0.933271045211625 0.21660775198063376 0.016646011209627606 0.010220057527783884
3 0.2966813910908343 0.2214940030809859 0.01683845064557712 0.01058336714623683
2 0.3179780220025738 0.2902385013204225 0.02128059429207706 0.015111573984925145
2 0.4455012215584114 0.2885535871478873 0.021328704151064384 0.01470087615536973
2 0.19148116610513333 0.2919234154929577 0.021168337954439873 0.014479731170224473
2 0.5730244211142489 0.2875426386443662 0.020719312603891125 0.014311239752970929
2 0.7008042065846857 0.2860262158890845 0.02104004499714015 0.014037441199933956
3 0.4236914188174733 0.22065154599471828 0.017977050641611456 0.010909819267165517
3 0.16954307040689567 0.22317891725352113 0.017367659094438125 0.01125733281525091
2 0.8285839920551226 0.2853522502200704 0.021569253446001153 0.014363893320862645
0 0.047472321536292626 0.9139937279929576 0.009373404192704615 0.010994064975792146