2 0.4381189079544227 0.31314411569148937 0.021641475101927803 0.015091483474623241
2 0.5657713103466897 0.31246537012411346 0.021076212692549213 0.014752110690935278
3 0.16149563515903445 0.6494625443262411 0.018185299227440884 0.011209907261192408
2 0.3094328828707204 0.31416223404255317 0.022319789993182317 0.015155115871564722
3 0.5440652338265471 0.24374238142730495 0.018104547454672448 0.010987193871897128
3 0.5466492905551356 0.6481050531914894 0.016634865190287788 0.01142201525099741
3 0.4161544257614213 0.2450998725620567 0.017829991427260012 0.010987193871897128
3 0.41770485979857436 0.6487837987588653 0.017490833981632682 0.011167485663231294
3 0.6727512589102495 0.24272426307624112 0.017361631145203327 0.011029615469858148
2 0.6949741467761097 0.3111078789893617 0.02143152049273012 0.015091483474623241
3 0.289018834714872 0.6487837987588653 0.016957872281361395 0.01112506406527037
3 0.8019540953396694 0.2423848902925532 0.016513737531135223 0.0105735832917775
2 0.18333091451560643 0.7186945921985816 0.020833957374244007 0.014688478293993702
2 0.05658293197834539 0.7186945921985816 0.021560723329159474 0.015632358848625925
3 0.15981599828545198 0.2474754820478723 0.017636187172615836 0.011252328859153332
3 0.6748185042931202 0.6467475620567376 0.017765390009045118 0.011559885444370555
2 0.18190968331488283 0.31585909796099293 0.020914709147012336 0.014465764904698612
2 0.3112417225807323 0.7180158466312057 0.021932181483894034 0.014805137688386481
3 0.9301233090776542 0.24085771276595747 0.01669946660850254 0.01053116169381648
3 0.9321905544605248 0.64471132535461 0.017490833981632828 0.009937259322362592
3 0.287468400677719 0.24628767730496454 0.016893270863146643 0.01053116169381648
2 0.5673217443838428 0.7173371010638299 0.021560723329159474 0.014805137688386481
2 0.8231433605140943 0.31008976063829785 0.022400541765950646 0.015568726451684445
2 0.6965245808132627 0.7159796099290779 0.021560723329159332 0.014805137688386481
2 0.4394109363187169 0.7173371010638299 0.02248129353871912 0.015515699454233148
0 0.03668569516821472 0.9087433510638299 0.009512558832116047 0.010902350675975185
2 0.8246937945512475 0.7146221187943262 0.022836601338899885 0.015155115871564628
3 0.8024709066853872 0.6450506981382979 0.017765390009045118 0.010133459212932128
2 0.05451568659547467 0.31687721631205673 0.020430198510402037 0.014359710909796111