1 0.9486452542986344 0.1876856844190141 0.010479930949414091 0.010746593206701125
3 0.18902265412749336 0.1944253411091549 0.017704428107349686 0.011257332815250862
0 0.06509165737604561 0.9206233494718309 0.010006850669371554 0.010541244291923324
2 0.08529779815073818 0.2643492792693662 0.02095986189882793 0.016701711735255267
2 0.5940435203224422 0.658113721390845 0.02153718020667622 0.0157012939453125
3 0.4462500335132623 0.9907157790492958 0.017367659094438197 0.010456998583296505
1 0.9522374571030241 0.9866719850352111 0.011105359116249745 0.010141077175946218
3 0.8280498744369771 0.9880199163732393 0.01764028162869975 0.010456998583296505
3 0.31924000578662326 0.9900418133802816 0.017848757684311732 0.010583367146236923
2 0.7218233057928791 0.6574397557218309 0.021328704151064384 0.015164227552816859
3 0.7012964326249375 0.9893678477112676 0.017848757684311732 0.010256915025308141
3 0.3156478029822335 0.19274042693661972 0.016982780222539236 0.01095194212147888
2 0.3392537071253664 0.6597986355633803 0.020959861898827894 0.015164227552816859
2 0.46652032076660466 0.6591246698943661 0.021456997108363966 0.015827662508252727
3 0.5740298189836991 0.9900418133802816 0.017704428107349613 0.010098954321632997
3 0.8249708434617858 0.1876856844190141 0.017046926701189173 0.010499121437610058
3 0.5704376161793093 0.18987607284330985 0.017848757684311732 0.011173087106624138
3 0.19325632171838134 0.9900418133802816 0.017640281628699895 0.010541244291923324
2 0.8496030912633158 0.6560918243838028 0.02185791259992539 0.015406433965118822
3 0.19081875552968827 0.5917281029929576 0.017431805573087985 0.010620224643761085
3 0.44265783070887255 0.191224004181338 0.017704428107349613 0.010994064975792242
3 0.6977042298205476 0.18886512433978872 0.017511988671400313 0.01090981926716547
2 0.21262855827062627 0.6604726012323944 0.021280594292076987 0.015164227552816859
2 0.0868373136383338 0.6611465669014084 0.02095986189882793 0.01613305320202471
2 0.3372010198085722 0.26131643375880276 0.021120228095452404 0.01594350035761446
3 0.3171873184698291 0.5910541373239436 0.01723936613713847 0.010299037879621551
1 0.9517242852738257 0.5866733604753521 0.01098508446878136 0.010019973969795426
2 0.4647242193644098 0.2599685024207746 0.021649436544313408 0.015827662508252634
2 0.5925040048348467 0.2589575539172535 0.02124852105275213 0.015280065402178689
2 0.7202837903052834 0.2579466054137324 0.021328704151064384 0.015459087533010537
3 0.4447105180256667 0.5903801716549295 0.017977050641611456 0.010299037879621551
3 0.5724903034961035 0.5893692231514084 0.017704428107349613 0.010541244291923324
3 0.82702353077858 0.5873473261443661 0.01698278022253931 0.009983116472271073
2 0.21096074982573101 0.2628328565140845 0.021697546403300804 0.015827662508252634
2 0.8475504039465217 0.25693565691021125 0.021120228095452404 0.015459087533010537
3 0.6997569171373418 0.5883582746478873 0.017576135150050177 0.010499121437610105