3 0.17457769152736735 0.20393728222996518 0.01681735985533453 0.01
3 0.6766771049265646 0.19799651567944251 0.01649980152604436 0.011271777003484307
3 0.4251841397256649 0.20003484320557494 0.016698275481850707 0.012090592334494754
3 0.5510563224981256 0.19865853658536586 0.016764433467119488 0.011707317073170742
3 0.1760993251885503 0.5961498257839721 0.016499801526044217 0.01158536585365842
3 0.3008335906143872 0.5958188153310104 0.01582499007630229 0.01132404181184673
3 0.6787015392757907 0.5934843205574913 0.016883517840603383 0.011062717770034852
3 0.9284082388744322 0.19581881533101048 0.017677413663829057 0.011271777003484307
3 0.4272879636572135 0.594808362369338 0.016949675825872167 0.01167247386759584
3 0.8033034887310898 0.5928048780487805 0.01649980152604436 0.010104529616724752
3 0.5525779561593085 0.5941463414634147 0.017889119216689363 0.011219512195121979
3 0.930445904820712 0.5918118466898954 0.01649980152604436 0.011062717770034852
2 0.3205883650156574 0.27001742160278747 0.020852996956732626 0.015540069686411187
2 0.8235610638204032 0.2646864111498258 0.021051470912539116 0.015121951219512179
2 0.19573501521633663 0.2708536585365854 0.020694217792087504 0.015662020905923366
2 0.5723327305605787 0.2666898954703833 0.020998544524324148 0.014547038327526138
2 0.698456313677061 0.2658536585365854 0.02228200943853907 0.015069686411149802
2 0.4467119481321396 0.26918118466898955 0.021289639659506907 0.014721254355400693
2 0.19775944956556257 0.6648432055749129 0.02061482820976491 0.015296167247386734
2 0.32236139902086186 0.6641637630662022 0.021699819168173557 0.015662020905923366
2 0.7004807480262869 0.662177700348432 0.0220306090945179 0.015418118466899007
2 0.07168879283729548 0.2726829268292683 0.020072332730560565 0.015418118466899007
2 0.44798218144930096 0.6635017421602788 0.021183786883076827 0.015243902439024359
2 0.5743571649098046 0.6631707317073171 0.021699819168173557 0.015365853658536632
3 0.17837515988179772 0.9889547038327526 0.017558329290345308 0.010470383275261383
2 0.8255854981696292 0.6614982578397213 0.021541040003528366 0.015365853658536632
3 0.6797071406518769 0.9883972125435541 0.018166982754818595 0.010714285714285931
3 0.4292330084241168 0.9896341463414634 0.017889119216689363 0.010714285714285931
3 0.5546023905085343 0.9889547038327526 0.018087593172495853 0.01043554006968634
3 0.8053279230803158 0.987630662020906 0.0171481497816788 0.010156794425087127
3 0.3028580249636131 0.9889547038327526 0.016883517840603383 0.010034843205575043
3 0.9308693159264324 0.9856271777003485 0.01694967582587202 0.010261324041811879
2 0.07182110880783313 0.6655052264808362 0.020456049045119752 0.014059233449477423
3 0.29955012570017203 0.20170731707317074 0.017187844572839953 0.01050522648083619
3 0.8020994133991974 0.19752613240418118 0.017254002558108737 0.008954703832752577