3 0.18707805907172997 0.19265625 0.015981012658227847 0.00925347222222219
3 0.5623285864978903 0.18812500000000001 0.016824894514767885 0.011458333333333333
3 0.4368934599156118 0.18928819444444445 0.016442510548523255 0.012048611111111095
3 0.6900316455696204 0.5830729166666667 0.016824894514768027 0.010885416666666667
3 0.31297468354430386 0.5853993055555556 0.015941455696202603 0.011284722222222286
2 0.20824103375527428 0.25973958333333336 0.020925632911392406 0.015069444444444476
2 0.4575949367088608 0.2565798611111111 0.02066191983122358 0.014444444444444477
2 0.332660864978903 0.2575868055555556 0.020820147679324847 0.014895833333333334
2 0.8338871308016879 0.25375 0.020780590717299673 0.015017361111111047
2 0.5835311181434599 0.2555902777777778 0.02150580168776362 0.01484375
2 0.7087025316455697 0.25475694444444447 0.0223496835443038 0.015243055555555524
2 0.21012658227848105 0.6528472222222222 0.020925632911392406 0.015069444444444382
2 0.5855485232067511 0.6511979166666667 0.021716772151898735 0.014895833333333334
2 0.33442774261603375 0.6525173611111112 0.021756329113924052 0.0153125
2 0.4596123417721519 0.6518576388888889 0.02105748945147689 0.014670138888888951
3 0.19132383966244726 0.9768402777777777 0.01722046413502112 0.01046875
2 0.7112341772151899 0.6501909722222223 0.021954113924050632 0.014947916666666667
2 0.8359045358649789 0.64953125 0.021624472573839853 0.015416666666666667
2 0.08475738396624474 0.2617361111111111 0.020029008438818552 0.015243055555555524
3 0.5663633966244725 0.9768402777777777 0.01838080168776376 0.010885416666666667
3 0.4411787974683544 0.9775173611111111 0.017892932489451573 0.01109375
3 0.6905327004219409 0.9761805555555556 0.01776107594936709 0.010677083333333334
3 0.31524261603375525 0.9768402777777777 0.016956751054852368 0.010520833333333333
3 0.8152162447257384 0.9748611111111113 0.017220464135020905 0.009930555555555429
3 0.9409018987341774 0.9735243055555556 0.016956751054852226 0.01046875
2 0.08475738396624474 0.6538541666666667 0.020503691983122387 0.013263888888888952
3 0.31177478902953587 0.19102430555555558 0.01677215189873425 0.009704861111111095
3 0.6877241561181435 0.1871701388888889 0.017220464135020905 0.009149305555555572
3 0.8126714135021098 0.18647569444444445 0.01737869198312246 0.00921875
3 0.9379614978902954 0.18588541666666666 0.01711497890295349 0.009878472222222238
3 0.43852848101265823 0.5852083333333333 0.01656118143459906 0.011527777777777715
3 0.5636339662447258 0.5846875 0.017022679324894468 0.010017361111111048
3 0.814570147679325 0.5825868055555556 0.016284282700421846 0.009965277777777715
3 0.9400184599156118 0.5816145833333334 0.015849156118143363 0.008697916666666666
3 0.18909546413502112 0.5861284722222223 0.016376582278481013 0.010451388888888953