2 0.10264211507873983 0.6917601719798658 0.020204418721574458 0.014732821675755
3 0.8089103434912956 0.6230337667785235 0.016429463030024506 0.00973992059694846
3 0.9301979887064356 0.6223914639261745 0.016429463030024506 0.00985031639969596
3 0.6871336351906109 0.623997221057047 0.01694909255841595 0.0103571334941275
3 0.32253710491687393 0.626566432466443 0.016612861687103988 0.01020157577207423
3 0.566335053061016 0.6249606753355705 0.01655172880141078 0.010477565278942886
2 0.4648544628104453 0.6904755662751679 0.02087688046419875 0.014120626769609809
3 0.2021053201014377 0.6272087353187921 0.016612861687103988 0.010086161978292693
2 0.34356681759530544 0.6911178691275168 0.02055593281430989 0.013899835164114999
2 0.7081633478690423 0.6885486577181209 0.020250268385844202 0.013749295433095578
3 0.4438247501320138 0.625924129614094 0.01655172880141078 0.010086161978292693
2 0.5858975764828127 0.6898332634228188 0.02032668449296066 0.013638899630348079
2 0.22252370392293805 0.6911178691275168 0.019593089864643302 0.013538539809668654
2 0.10068586273656016 0.31360436765939603 0.020021020064495118 0.014732821675755
2 0.8294509930841822 0.6879063548657719 0.02132009388547374 0.014070446859270192
3 0.806954091149116 0.2415058724832215 0.015986249608749514 0.010005874121749135
2 0.22117878043768954 0.3128014890939598 0.020204418721574458 0.014281202482697116
3 0.6851773828484312 0.24230875104865773 0.01713249121549551 0.010437421350671154
2 0.3418550967958982 0.3113563076761745 0.020999146235585023 0.014732821675755
3 0.9282417363642559 0.24070299391778524 0.015802850951670246 0.010161431843802405
2 0.5844303872261779 0.3086265205536913 0.019745922078876075 0.013960051056522692
2 0.7062070955268627 0.3076630662751678 0.020204418721574385 0.013899835164114905
2 0.4631427420110381 0.30942939911912754 0.020800464357082292 0.014562209980599808
3 0.20027133353064425 0.24712602244127518 0.01655172880141085 0.010567889117554519
3 0.4423575608753791 0.24439623531879198 0.017545138193924004 0.01093922045406875
2 0.8274947407420026 0.30653903628355705 0.021243677778357284 0.014070446859270096
3 0.3205808525746942 0.2455202653104027 0.016689277794220338 0.0103571334941275
3 0.5638897376332913 0.24327220532718125 0.017468722086807546 0.01068832090237
0 0.08375205339956734 0.9075739303691277 0.009070591914715919 0.010608033045826156