1 0.09194308230576169 0.2701239224137931 0.012712203067028591 0.014912361934267248
3 0.31683080532518554 0.982287176724138 0.018328130115124373 0.0107666015625
3 0.6897847555652554 0.9809671336206898 0.018108819156481895 0.010323149582435463
3 0.5659680543430817 0.982287176724138 0.018500445868343537 0.010684098868534496
3 0.19351538629419468 0.981627155172414 0.018046158882584044 0.010642847521551554
2 0.5855180597992143 0.6575565732758621 0.020834541071038857 0.01467516668911647
3 0.4406475065473593 0.982287176724138 0.018046158882584044 0.01056034482758605
3 0.18988109040811874 0.20197669719827588 0.017905173266313808 0.011106925175107751
2 0.21093494243780012 0.2686388739224138 0.0210695170981558 0.015675511853448256
3 0.814102738978612 0.9803071120689655 0.018187144498854283 0.01052424989897645
2 0.21281475065473596 0.6595366379310345 0.02144547874154298 0.015201121363146513
2 0.46069879419467485 0.6582165948275862 0.021899765727302473 0.015861142914870736
3 0.31357247108249675 0.20065665409482758 0.017497881485977775 0.0107666015625
2 0.7103373254037539 0.656896551724138 0.021602129426287607 0.014231714709051744
2 0.3343756820165867 0.2668238146551724 0.021476808878491904 0.015984896955818992
2 0.33613016968572673 0.6588766163793104 0.0213514883306962 0.015500193628771513
2 0.45894430652553475 0.2656687769396552 0.021931095864251397 0.015861142914870736
3 0.6872783446093409 0.19702653556034483 0.018187144498854283 0.011065673828125
3 0.4378904544958534 0.1991716056034483 0.018390790389022225 0.010941919787176744
3 0.5624590790048014 0.19834657866379313 0.017905173266313808 0.011509125808189632
2 0.7088334788302052 0.2636887122844828 0.021602129426287607 0.015314562567349128
3 0.8110950458315147 0.1962015086206897 0.01756054175987548 0.010400495858028004
2 0.5840142132256657 0.26500875538793106 0.021147842440528114 0.014737043709590504
2 0.8346553088171106 0.6552464978448276 0.021931095864251397 0.014963926117995735
3 0.19125961643387168 0.5918844288793104 0.018046158882584044 0.011375058930495735
2 0.8326501800523789 0.2628636853448276 0.02252636846628113 0.015314562567349128
3 0.9384207223919686 0.9789870689655172 0.018187144498854283 0.010204551959859979
3 0.9359143114360542 0.19570649245689656 0.017842512992415956 0.010900668440193944
3 0.31507631765604543 0.5912244073275862 0.017905173266313808 0.010859417093211239
3 0.4398955832605849 0.5905643857758621 0.01871975682698602 0.010441747205010756
3 0.564464207769533 0.589904364224138 0.018108819156481895 0.010900668440193991
3 0.8131001745962463 0.5879242995689656 0.017842512992415956 0.010900668440193991
3 0.6887821911828896 0.5889143318965517 0.018923402717153964 0.011199740705818991
3 0.9379194402007857 0.5872642780172413 0.018108819156481895 0.01056034482758624
1 0.09231904394914885 0.6595366379310345 0.015657235940228068 0.015613634832974222