0 0.08375634517766499 0.9069295302013423 0.009428337818962285 0.010570469798657693
2 0.10300906210608797 0.7058892617449665 0.02060692263141756 0.015788590604026733
2 0.10105440670459578 0.3275671140939598 0.019942595305420235 0.015369127516778557
2 0.3418602868531326 0.325 0.021616189145913463 0.015083892617449711
2 0.22118267298061528 0.3262919463087249 0.020249207917419024 0.014731543624161058
3 0.32278642728170887 0.6403691275167787 0.016365448165434546 0.010167785234899232
3 0.6871316390147516 0.6381208053691276 0.017336388103430595 0.010687919463087307
2 0.46338108540864653 0.3235570469798658 0.021194596804415218 0.015369127516778557
2 0.7066909685551732 0.32194630872483226 0.02076022893741683 0.014966442953020192
3 0.44406449085272376 0.6397315436241611 0.016365448165434403 0.01020134228187923
2 0.5849146594896604 0.3230704697986578 0.020875208666916535 0.014966442953020192
3 0.8084224781112663 0.6368456375838927 0.01668483630293323 0.009966442953020191
3 0.5653553299492385 0.6387751677852349 0.016429325792934255 0.010771812080536923
2 0.8279818076516883 0.32067114093959737 0.021156270227915365 0.014563758389261732
3 0.6851769836132595 0.2559563758389262 0.016812591557932934 0.010318791946308655
3 0.20210881340919157 0.6400503355704699 0.016608183149933595 0.010687919463087307
2 0.22276683814260895 0.7058892617449665 0.02040251422341844 0.014278523489932885
3 0.3210745068647157 0.2593288590604027 0.01618659080843521 0.010083892617449616
3 0.8069532926787722 0.25531879194630874 0.01668483630293323 0.010654362416107404
3 0.5638861445167445 0.2570805369127517 0.01630157053793484 0.011107382550335576
3 0.4423525704357306 0.258523489932886 0.016608183149933523 0.010654362416107404
2 0.8294509930841822 0.702030201342282 0.021654515722413316 0.014731543624160964
2 0.3433166967601268 0.705251677852349 0.021156270227915365 0.014899328859060385
3 0.9297133172077814 0.636526845637584 0.01668483630293323 0.009882550335570386
2 0.7081601539876674 0.7033221476510069 0.021002963921915953 0.014345637583892502
3 0.20026913773719893 0.2607718120805369 0.01655708104793374 0.010855704697986635
2 0.5863838449221546 0.7046140939597316 0.021002963921916095 0.015083892617449616
2 0.46485027084114067 0.7046140939597316 0.021245698906415072 0.015503355704698076
3 0.9282441317752872 0.2546812080536913 0.01695312233843206 0.010570469798657693
0 0.09738783088611047 0.6095469798657719 0.009913807787960319 0.011409395973154234
0 0.0330758355193677 0.984010067114094 0.006860457193472554 0.009261744966443075