3 0.31510324780576016 0.9659462108013939 0.01829810994905828 0.011014612709603473
3 0.19075207846337056 0.9659462108013939 0.0178865607633529 0.010389374523628021
3 0.44046746129757863 0.9659462108013939 0.017554155651821533 0.010431057069359895
3 0.8178264069598201 0.9639454486062718 0.018171479430379747 0.010837461890243958
3 0.6922089324306444 0.9652792900696865 0.018234794689719013 0.010431057069359895
3 0.5665914579014687 0.9652792900696865 0.01844056928257185 0.010431057069359895
2 0.46047508324879816 0.6401554333623694 0.022508574695121995 0.015901891196646336
2 0.33485760871962245 0.6408223540940767 0.022556061139626372 0.015537168921493958
3 0.5650718916773255 0.5711291376306621 0.018029020096866324 0.010431057069359706
2 0.586345818815331 0.6394885126306621 0.021907079731398525 0.015776843559451283
3 0.3130771595069025 0.5724629790940767 0.018298109949058353 0.010795779344512273
3 0.6911958882812156 0.5701287565331011 0.018029020096866324 0.010550894388338368
3 0.18834609860847706 0.5734633601916376 0.01809233535620559 0.010931247618140294
3 0.43894789507343535 0.5724629790940767 0.018377254023232436 0.010149699885670695
2 0.2093667647091254 0.6414892748257841 0.021052323730317984 0.01559969274009139
3 0.8168133628103913 0.5687949150696864 0.017617470911160945 0.01019138243140238
2 0.7124698154192212 0.6388215918989547 0.021796278027554877 0.015360018102134063
2 0.8380872899483969 0.6374877504355401 0.021796278027554877 0.015901891196646336
3 0.9429373594142814 0.9632785278745646 0.017411696318308252 0.010311219750381042
3 0.942430837339567 0.5681279943379791 0.01768078617050021 0.010431057069359706
2 0.08552211744145018 0.6418227351916377 0.021210611878666262 0.01602693883384139
0 0.06393161400674811 0.9092579486062718 0.009141140567111768 0.010837461890243958