1 0.9403220515591233 0.20837189677700346 0.010344130494558491 0.010634259479801832
3 0.19054275046310593 0.21504110409407667 0.01747501157764745 0.011139660346798811
0 0.06821766941957395 0.9336481925087109 0.009877180456931145 0.010431057069359895
2 0.08816197611145417 0.28423413000871084 0.02068826098911702 0.016527129382621977
2 0.5903152979314603 0.6738825675087109 0.021258098323170674 0.015537168921493958
3 0.4417721518987342 0.9966666666666667 0.017721518987341773 0.006666666666666667
1 0.9434128699334011 0.9965156794425087 0.010585277643011506 0.006968641114982574
3 0.8210205971860803 0.9973867595818816 0.01720107616989377 0.005226480836236836
3 0.31772151898734174 0.9966666666666667 0.017721518987341773 0.006666666666666667
2 0.7164392945353504 0.6732156467770035 0.021052323730317984 0.015005716463414653
3 0.6949367088607595 0.9966666666666667 0.017721518987341773 0.006666666666666667
3 0.3155270723988886 0.21337380226480837 0.016762714910080263 0.010837461890243863
2 0.3388270878357518 0.6755498693379791 0.020688260989116983 0.015005716463414653
2 0.4644445623649275 0.6748829486062717 0.021178954248996663 0.01566221655868901
3 0.5683544303797469 0.9966666666666667 0.017721518987341773 0.006666666666666667
3 0.8182502315529485 0.2083718967770035 0.01682603016941967 0.010389374523628068
3 0.5670152824945972 0.21053938915505227 0.0176174709111608 0.011056295255335347
3 0.19240506329113924 0.9966666666666667 0.015189873417721518 0.006666666666666667
2 0.8425632911392406 0.6718818053135889 0.0215746746198673 0.015245391101371979
3 0.1923155777246064 0.6081908754355401 0.01720592172545542 0.010509211842606685
3 0.44089128589070703 0.2118732306184669 0.017475011577647376 0.010879144435975594
3 0.6926327570237728 0.20953900805749134 0.01728506579962943 0.01079577934451218
2 0.21384276589996914 0.6762167900696864 0.021004837285813534 0.015005716463414653
2 0.0896815423355974 0.6768837108013938 0.02068826098911702 0.015964415015243958
2 0.33680099953689413 0.28123298671602787 0.020846549137465295 0.01577684355945119
3 0.31704663862303184 0.6075239547038328 0.017015975947437475 0.01019138243140238
1 0.9433611840074098 0.6031889699477353 0.010842738161855617 0.009915235565929947
2 0.462671735103427 0.2798991452526133 0.021368900027014467 0.01566221655868901
2 0.588795731707317 0.27889876415505227 0.02097317965614383 0.015120343464176832
2 0.7149197283112073 0.27789838305749126 0.021052323730317984 0.015297494283536632
3 0.44291737418956467 0.6068570339721254 0.017744101429839478 0.01019138243140238
3 0.5690413707934548 0.6058566528745645 0.017475011577647376 0.010431057069359706
3 0.8202763198518063 0.6038558906794426 0.016762714910080405 0.009878763338414653
2 0.21219656915714727 0.28273355836236935 0.021416386471518986 0.01566221655868901
2 0.8405372028403829 0.27689800195993036 0.020846549137465295 0.015297494283536632
3 0.6946588453226306 0.6048562717770035 0.017348381058968698 0.010389374523628021