2 0.22521973903859915 0.6461577181208055 0.022919292746908338 0.016929530201342306
2 0.5888367458181447 0.6439093959731544 0.022357169624910533 0.0168624161073825
2 0.5868820904166525 0.2644630872483222 0.02282986406840863 0.016744966442953077
2 0.223252308111607 0.2681543624161074 0.021948352808912216 0.016744966442953077
2 0.3435722072701258 0.2665604026845638 0.021897250706912435 0.016610738255033557
2 0.4655912513201377 0.265755033557047 0.023506966919905992 0.01699664429530202
2 0.7101148093891596 0.643271812080537 0.020632473682417704 0.016174496644295194
2 0.10465710489558139 0.6467953020134228 0.021437331788914268 0.015973154362416152
2 0.10318791946308725 0.26961409395973157 0.020721902360917123 0.016040268456375864
1 0.20638861445167447 0.9602348993288591 0.017668551766429275 0.010352348993288843
3 0.9292150717132832 0.19654362416107385 0.016608183149933523 0.01057046979865774
1 0.8113608489762547 0.9583221476510068 0.017004224440432057 0.009848993288590388
1 0.20369297857118523 0.5819295302013423 0.01674871393043301 0.010771812080536923
1 0.4479865771812081 0.9602348993288591 0.017885735699928396 0.010117449664429614
1 0.6905554798487378 0.9589597315436242 0.017272510475930886 0.010083892617449616
1 0.5687791707832249 0.9595973154362417 0.01754079651142986 0.010234899328858849
3 0.20246652812319016 0.2024832214765101 0.01695312233843213 0.011023489932885914
1 0.32669573808469327 0.9602348993288591 0.017885735699928507 0.010604026845637311
3 0.8079370081422683 0.19703020134228189 0.01642932579293411 0.01057046979865774
1 0.9321534425782715 0.9570302013422819 0.01642932579293411 0.009630872483221538
0 0.9541656730146834 0.2230369127516779 0.008048581064967785 0.014010067114094037
3 0.3225309167717099 0.2015268456375839 0.01681259155793279 0.010805369127516779
1 0.324498347698702 0.5803187919463088 0.017336388103430668 0.01102348993288596
3 0.6866461690457535 0.1981543624161074 0.016812591557932934 0.011073825503355674
3 0.5658407999182368 0.1991107382550336 0.016876469185432497 0.011241610738255
3 0.4438217558682247 0.2000838926174497 0.01713197969543147 0.011157718120805384
2 0.8294509930841822 0.2625335570469799 0.021245698906415072 0.01550335570469798
1 0.5678082308452288 0.5790436241610739 0.01760467413892957 0.010771812080536923
2 0.34552686267161786 0.6458389261744967 0.021156270227915365 0.015671140939597306
2 0.8314056484856744 0.6422986577181209 0.020721902360917123 0.014563758389261732
1 0.44577641126971695 0.5803187919463088 0.016876469185432497 0.010687919463087307
2 0.7081601539876674 0.2633389261744966 0.020875208666916535 0.015620805369127501
1 0.6890862944162437 0.5785738255033558 0.017336388103430595 0.010570469798657693
2 0.4668049262426328 0.6448657718120806 0.02165451572241346 0.015788590604026733
1 0.9311825026402754 0.5764597315436242 0.01793683780192825 0.010654362416107498
1 0.8103771335127586 0.5771140939597316 0.017604674138929424 0.010570469798657693