2 0.09248799650807507 0.7108620689655173 0.02051942383238759 0.015379310344827483
2 0.3390615451767787 0.7102068965517242 0.020676560453950193 0.014275862068965542
2 0.46361850720209524 0.7095517241379311 0.02135748581405496 0.014465517241379379
2 0.21548668703622875 0.7108620689655173 0.020597992143168927 0.014224137931034496
3 0.194561326931471 0.643551724137931 0.016774334351811436 0.010637931034482713
2 0.8370798777826277 0.7062586206896552 0.02152771715408119 0.014120689655172592
2 0.5884504583151463 0.7082241379310344 0.02016586643387165 0.01374137931034492
2 0.7127586206896552 0.7075689655172414 0.02040157136621566 0.013913793103448409
3 0.31749454386730686 0.642896551724138 0.01729812309035346 0.010637931034482713
2 0.3373068529026626 0.3181551724137931 0.020990833697075537 0.014672413793103469
2 0.21361414229594064 0.31981034482758625 0.020597992143168927 0.014793103448275814
2 0.09048450458315145 0.32112068965517243 0.020244434744652987 0.015379310344827578
3 0.442326494980358 0.6422241379310345 0.017023134002618928 0.010206896551723995
2 0.46186381492797907 0.3168448275862069 0.02078131820165864 0.014741379310344863
3 0.940344827586207 0.6386034482758621 0.016525534701003656 0.010241379310344882
3 0.6912047140986469 0.6405862068965518 0.0174945438673068 0.010637931034482713
2 0.5864338716717591 0.3165 0.02044085552160633 0.013913793103448313
3 0.567394151025753 0.6415689655172414 0.017023134002618928 0.010637931034482713
2 0.8355739851593191 0.31353448275862067 0.021475338280226967 0.014672413793103469
3 0.19242688782191184 0.2521551724137931 0.016905281536446996 0.010724137931034553
2 0.7112527280663465 0.3141896551724138 0.020519423832387806 0.013913793103448218
3 0.8160235704932345 0.6392586206896552 0.016905281536447214 0.01027586206896558
3 0.5653906591008294 0.24851724137931033 0.01697075512876485 0.010862068965517249
3 0.3157529463116543 0.25067241379310345 0.016591008293321653 0.010396551724137927
3 0.44082060235704934 0.25001724137931036 0.017167175905718045 0.010948275862068991
3 0.6896988214753383 0.24720689655172418 0.01710170231340012 0.010637931034482809
3 0.9388389349628984 0.2457241379310345 0.016263640331732825 0.010155172413793044
3 0.8140200785683108 0.24655172413793106 0.016014840680925405 0.010241379310344788
0 0.07300305543430817 0.9115172413793103 0.009048450458315135 0.010517241379310083