1 0.10465710489558139 0.6480872483221477 0.021002963921915987 0.011644295302013462
1 0.22436377883010258 0.6487248322147651 0.020095901611419612 0.00874161073825519
2 0.10283020474908869 0.2674328859060403 0.020721902360917123 0.014899328859060385
3 0.20626085919667494 0.9583221476510068 0.017004224440431984 0.010469798657718077
3 0.32621026811569526 0.9589597315436242 0.016953122338432203 0.010570469798657693
3 0.6900700098797397 0.9576677852348994 0.01687646918543264 0.010117449664429614
3 0.5687791707832249 0.9583221476510068 0.01713197969543147 0.01020134228187923
3 0.44724559670221103 0.9589597315436242 0.01713197969543147 0.010436241610738459
3 0.8113608489762547 0.9563926174496644 0.01668483630293323 0.010117449664429614
2 0.8294509930841822 0.2601342281879195 0.020134228187919465 0.014563758389261732
2 0.22289459339760845 0.2659060402684564 0.02017255476441932 0.014446308724832211
2 0.3435722072701258 0.2643120805369128 0.020555820529417852 0.014848993288590672
2 0.4650930058256397 0.2628691275167785 0.021156270227915365 0.014899328859060385
2 0.7086583994821655 0.2607718120805369 0.02027475896841888 0.014848993288590672
2 0.5868820904166525 0.26174496644295303 0.02017255476441932 0.014513422818791923
1 0.9292150717132832 0.9557550335570472 0.010309849078458708 0.00978187919463077
1 0.9267749463427929 0.19429530201342285 0.010309849078458708 0.009966442953020144
3 0.2023515483936906 0.20087248322147655 0.016493203420434033 0.010117449664429519
1 0.3452841276871189 0.6493624161073825 0.020479167376418 0.007449664429530382
3 0.8079370081422683 0.19461409395973156 0.01562446768643762 0.009513422818791924
3 0.6871316390147516 0.19558724832214766 0.016301570537934695 0.010117449664429519
3 0.5658407999182368 0.19654362416107385 0.01668483630293323 0.01023489932885904
3 0.32296528463870816 0.19919463087248324 0.016301570537934768 0.009731543624161105
3 0.44406449085272376 0.19798657718120807 0.016557081047933814 0.010117449664429519
0 0.08387132490716454 0.9075671140939598 0.009211153885463164 0.010285234899329225
1 0.4665621912581338 0.6493624161073825 0.02083688209041654 0.00686241610738269