3 0.20149399124450654 0.21501087982382552 0.017132491215495437 0.0101212879155306
2 0.22215690660877938 0.2798834679110738 0.02055593281430989 0.014682641765415288
2 0.34283322296698804 0.27859886220637586 0.020922730128468566 0.015314908635696345
3 0.3222925733741015 0.21340512269295303 0.017071358329802337 0.010241719700346057
3 0.4435802185892414 0.2122810927013423 0.017407589201114407 0.010397277422399327
3 0.6871336351906109 0.21003303271812082 0.017667403965310132 0.010608033045826346
2 0.46436539972490043 0.27747483221476515 0.021365943549743704 0.015023865155725673
2 0.7081633478690423 0.27554792365771813 0.02087688046419875 0.014231022572357404
3 0.5653569268899261 0.21115706270973156 0.01720890732261182 0.01110983214922399
3 0.8079322173202059 0.20890900272651008 0.017010225444109236 0.010005874121749159
2 0.5863866395683577 0.27683252936241615 0.02072404824996598 0.014180842662017596
3 0.20320571204391374 0.5941301384228188 0.017468722086807546 0.010608033045826346
2 0.8294509930841822 0.2747450450922819 0.021656324756785923 0.014682641765415288
2 0.22411315895095904 0.6596450293624162 0.02067819858569609 0.014732821675755
3 0.9297089256208906 0.20858785130033564 0.017208907322611967 0.010567889117554543
3 0.3240042941735087 0.5934878355704699 0.017606271079617104 0.010437421350671154
2 0.34454494376639533 0.6590027265100672 0.020479516707193432 0.014963649263317886
3 0.8098884696623856 0.5902763213087249 0.017468722086807692 0.01020157577207423
2 0.7091414740401323 0.6567546665268457 0.01994460395737866 0.013960051056522692
3 0.6886008244472457 0.5912397755872484 0.017942501950929324 0.010648176974098079
3 0.44553647093142107 0.5928455327181209 0.01780495295811973 0.01000587412174923
3 0.5673131792321058 0.5922032298657718 0.017606271079617142 0.01072846483064173
2 0.4658325889815351 0.6590027265100672 0.0213965099925902 0.015314908635696345
2 0.8309181823408169 0.6557912122483223 0.0213965099925902 0.014451814177852308
2 0.5873647657394475 0.6573969693791947 0.020678198585696164 0.014732821675755
3 0.9316651779630702 0.5896340184563759 0.017407589201114407 0.01020157577207423
3 0.32571601497291597 0.972446518456376 0.01754513819392397 0.010201575772074421
3 0.4467591286452833 0.972446518456376 0.017331173093998096 0.010121287915530578
3 0.2054064959288659 0.972446518456376 0.017667403965310205 0.010121287915530578
3 0.6900680137038804 0.9711619127516778 0.017804952958119583 0.010316989565855769
3 0.5682913054031956 0.971804215604027 0.017667403965310132 0.01035713349412769
3 0.8108665958334753 0.96987730704698 0.017545138193923858 0.010241719700345963
3 0.9321542410486152 0.9692350041946309 0.017208907322611967 0.009624506803166923