3 0.1948511802942183 0.21278716216216217 0.015549093397194689 0.009003378378378338
3 0.5599598015737257 0.2083783783783784 0.01637016763599037 0.011148648648648608
3 0.43791481354772493 0.20951013513513517 0.01599811837153613 0.011722972972973006
3 0.68421142661649 0.5926520270270271 0.016370167635990515 0.01059121621621614
3 0.3173451932945604 0.5949155405405406 0.015510605542251121 0.010979729729729684
2 0.21544218268901816 0.27805743243243247 0.020360075265138583 0.014662162162162151
2 0.4580567909681834 0.2749831081081081 0.0201034895655149 0.014054054054054082
2 0.3364993157714677 0.27596283783783787 0.020257440985289026 0.014493243243243227
2 0.8241789257612042 0.27222972972972975 0.020218953130345458 0.014611486486486455
2 0.5805892918234691 0.27402027027027026 0.02092456380431051 0.014442567567567626
2 0.7023776941498461 0.2732094594594595 0.021745638043106554 0.014831081081081075
2 0.21727677044132743 0.6605405405405407 0.020360075265138583 0.014662162162162151
2 0.5825521724255902 0.6589358108108109 0.02112983236400963 0.014493243243243227
2 0.33821843995894635 0.6602195945945947 0.021168320218953197 0.014898648648648797
2 0.46001967157030454 0.6595777027027028 0.020488368114950424 0.014273648648648798
3 0.19898221005815944 0.9757770270270271 0.016755046185425965 0.010185810810810759
2 0.7048409168662334 0.6579560810810811 0.021360759493670885 0.014543918918918925
2 0.8261418063633255 0.6573141891891893 0.021040027369141356 0.015
2 0.09529592884023265 0.28 0.01948768388641805 0.014831081081081075
3 0.5638855627779679 0.9757770270270271 0.01788402326377018 0.010591216216216328
3 0.4420843311666096 0.9764358108108108 0.017409339719466385 0.010793918918919114
3 0.6846989394457751 0.9751351351351353 0.01728104686965454 0.010388513513513544
3 0.31955183031132395 0.9757770270270271 0.01649846048580221 0.010236486486486457
3 0.8060126582278481 0.9738513513513514 0.016755046185425893 0.009662162162162152
3 0.9283014026684915 0.9725506756756757 0.01649846048580221 0.010185810810810759
2 0.09529592884023265 0.6615202702702703 0.019949538145740707 0.01290540540540538
3 0.31617772836127267 0.21119932432432434 0.016318850496065664 0.009442567567567532
3 0.6819663017447828 0.20744932432432436 0.016755046185425893 0.008902027027027042
3 0.8035366062264797 0.20677364864864867 0.01690899760520016 0.008969594594594621
3 0.9254404721176873 0.20619932432432433 0.016652411905576477 0.009611486486486503
3 0.43950564488539173 0.5947297297297298 0.016113581936366687 0.01121621621621614
3 0.5612299007868629 0.594222972972973 0.016562606910708204 0.009746621621621519
3 0.8053840232637702 0.5921790540540541 0.015844166951761864 0.009695945945946012
3 0.927441840574752 0.5912331081081081 0.015420800547382919 0.008462837837837849
3 0.1968140608963394 0.5956250000000001 0.01593397194663021 0.010168918918918924