3 0.1959787772627549 0.2447166313559322 0.016720051467187868 0.010969362420550889
2 0.09525706371526284 0.31203323622881357 0.020610589758721917 0.014943475238347426
3 0.6861866019960423 0.24017478813559323 0.017044262991482338 0.010381355932203367
3 0.31763529209326336 0.24341896186440679 0.01685899926331414 0.010421908103813564
3 0.44065040759700586 0.24260791843220336 0.017445667735847013 0.010634807004766931
3 0.5631714864922998 0.2414724576271186 0.017121456211552543 0.010715911347987325
3 0.8087076808913362 0.2395259533898305 0.015546714522121982 0.00972238314353812
3 0.19795492369654993 0.6288268008474577 0.01685899926331414 0.010675359176377129
3 0.319364420222834 0.6285023834745762 0.016781806043244005 0.010421908103813469
3 0.9312287597866299 0.23871490995762712 0.01608706706261286 0.010067076602224556
2 0.09741847387722617 0.6963056144067796 0.020409887386539618 0.014831956766419505
3 0.44237953572657657 0.6281779661016949 0.016858999263314068 0.010381355932203367
3 0.8101897907166824 0.6252582097457626 0.016781806043243863 0.010462460275423762
2 0.21722235142605179 0.31138440148305085 0.02057971247069385 0.014213536149364454
3 0.6876687118213887 0.6262314618644067 0.017244965363664818 0.010675359176377129
3 0.5656416695345435 0.6272047139830508 0.016781806043244005 0.010543564618644155
2 0.8299512550546331 0.3050582627118644 0.020687782978791983 0.013990499205508513
2 0.7069361395508905 0.3061937235169492 0.02065690569076413 0.01377760030455505
2 0.3388788662565602 0.30992452330508474 0.021259012807311 0.015004303495762676
3 0.933204906220425 0.6242849576271187 0.016287769434795343 0.010305320610434402
2 0.4616469634560785 0.30830243644067795 0.021459715179493192 0.01442643505031782
2 0.5839210240471479 0.30830243644067795 0.020101114506259184 0.013149041644597428
2 0.21870446125139806 0.6950079449152542 0.019653393829852442 0.013463320974576238
2 0.34060799438613093 0.6950079449152542 0.02057971247069392 0.01415270789194911
2 0.7089122859846855 0.6924126059322033 0.02057971247069392 0.01361539161811436
2 0.8314333648799793 0.6911149364406779 0.0215369083995634 0.013726910090042376
2 0.5863912070893916 0.693061440677966 0.020456203318581646 0.013726910090042376
2 0.4633760915856491 0.6937102754237288 0.02136708331540906 0.014487263307732973