3 0.17955065417888036 0.1761619718309859 0.017038142560949442 0.010105633802816906
3 0.6882417602059054 0.17015845070422536 0.016716415242725362 0.01139084507042251
3 0.4334471294773718 0.1722183098591549 0.016917494816615468 0.012218309859154933
3 0.5609717952384357 0.17082746478873237 0.016984521341245406 0.01183098591549296
3 0.18109226424537067 0.5725176056338028 0.016716415242725435 0.01170774647887318
3 0.3074640737827983 0.5721830985915493 0.016032744691499286 0.011443661971831033
3 0.690292771859584 0.5698239436619719 0.01710516908557938 0.011179577464788698
3 0.943277686423107 0.16795774647887324 0.017909487381139507 0.01139084507042251
3 0.4355785729606062 0.5711619718309859 0.017172195610209464 0.011795774647887357
3 0.8165305283477515 0.5691373239436619 0.016716415242725362 0.010211267605633718
3 0.562513405304926 0.5704929577464788 0.018123972259955656 0.011338028169014176
3 0.9453421033817115 0.5681338028169013 0.016716415242725362 0.011179577464788698
2 0.32747819403732037 0.2429401408450704 0.021126760563380302 0.01570422535211274
2 0.8370540501894614 0.23755281690140842 0.02132784013727055 0.015281690140845114
2 0.20098573675555875 0.2437852112676056 0.020965896904268262 0.015827464788732374
2 0.5825275255594481 0.23957746478873237 0.021274218917566368 0.014700704225352107
2 0.7103068921141058 0.23873239436619717 0.02257453349538859 0.01522887323943659
2 0.45525756059197825 0.2420950704225352 0.021569135625938356 0.014876760563380269
2 0.20303674840923716 0.6419366197183098 0.020885465074712208 0.01545774647887318
2 0.3292745048974047 0.64125 0.021984700078644465 0.015827464788732374
2 0.7123579037677843 0.6392429577464788 0.022319832701794735 0.015580985915492913
2 0.07531100307428326 0.2456338028169014 0.02033584757274611 0.015580985915493006
2 0.45654446986487446 0.640580985915493 0.021461893186530284 0.01540492957746475
2 0.5845785372131265 0.6402464788732395 0.021984700078644465 0.015528169014084672
3 0.18339797669264316 0.9694718309859153 0.017788839636805606 0.010580985915493103
2 0.83910506184314 0.6385563380281689 0.021823836419532353 0.015528169014084672
3 0.6913115750339601 0.9689084507042253 0.01840548366340189 0.010827464788732566
3 0.4375491527847286 0.9701584507042252 0.018123972259955656 0.010827464788732566
3 0.5645644169586044 0.9694718309859153 0.018325051833845616 0.010545774647887356
3 0.8185815400014298 0.9681338028169013 0.017373275184099424 0.010264084507042148
3 0.30951508543647666 0.9694718309859153 0.017105169085579453 0.010140845070422604
3 0.9457710731393436 0.9661091549295774 0.017172195610209464 0.010369718309859385
2 0.07544505612354328 0.6426056338028169 0.020724601415600202 0.01420774647887337
3 0.306163759204976 0.17390845070422534 0.01741349109887756 0.010616197183098563
3 0.8153106455994852 0.1696830985915493 0.017480517623507497 0.009049295774647845