2 0.46271622690728703 0.7046954180743245 0.021409808957246444 0.015418387748099652
2 0.3409182026171742 0.7053420608108109 0.020887992824955032 0.014892990524704336
2 0.21948851912632572 0.7059887035472973 0.020765212558533624 0.01437769709406666
2 0.7068033965531988 0.7034021326013514 0.02048895695908517 0.014216036409945142
2 0.5850053722630859 0.7040487753378379 0.02091868789156053 0.01483236776815886
2 0.705330033356141 0.3178414009712838 0.020688474892020317 0.014781848804370744
2 0.4609973031773863 0.31978132918074326 0.02096473049146848 0.015297142235008417
2 0.5830408880003422 0.31897302576013514 0.020488956959085314 0.014660603291279604
2 0.3391992788872734 0.3209129539695946 0.021578631823575948 0.015236519478462848
2 0.21789237566284642 0.3222062394425676 0.020212701359636934 0.014832367768158767
2 0.8286014208433117 0.7021088471283785 0.021333071290732846 0.014610084327491488
2 0.827128057646254 0.31687143686655406 0.02084195022504693 0.015064755001583592
2 0.09726076390373761 0.3236611855996622 0.020059226026610068 0.014660603291279604
2 0.09922524816648136 0.7059887035472973 0.02104146815798197 0.015479010504645316
3 0.5643782875042765 0.637767894847973 0.0165599884335977 0.01072012411581511
3 0.19714251063761548 0.2564103410050676 0.016759506366532704 0.011144483411634288
3 0.5624138032415327 0.25236882390202703 0.017204584832310518 0.01050794446790538
3 0.44061577895141985 0.253662109375 0.016621378566808547 0.011013134105785506
3 0.31979999679267873 0.6387378589527027 0.017143194699099817 0.01038669895481424
3 0.6861763117943894 0.6367979307432433 0.016621378566808547 0.01072012411581511
3 0.8065009728874445 0.2504288956925676 0.015692852801996046 0.01011389655035894
3 0.6842118275316456 0.2515605204814189 0.01668276870001925 0.010270505338101733
3 0.31857219412846394 0.2551170555320946 0.01637581803396559 0.010598878602723781
3 0.44208914214847767 0.6387378589527027 0.01637581803396559 0.01038669895481424
3 0.9287901182432433 0.2497822529560811 0.016375818033965445 0.009916872591585767
3 0.8084654571501881 0.6355046452702703 0.016053519834609183 0.010154311721389414
3 0.19910699490035924 0.6393845016891893 0.016314427900754814 0.01076053928684549
3 0.9302634814403011 0.6345346811655407 0.016498598300387142 0.009916872591585767
0 0.07964179567225455 0.9090345228040542 0.009177824915005982 0.01054835963893576