2 0.21420973597450715 0.2870515298344948 0.02117895424899659 0.015297494283536632
3 0.1929358088365016 0.21935907556620213 0.01809233535620559 0.0109312476181402
2 0.5929616173422132 0.6783672691637631 0.02100483728581346 0.014724359279725641
2 0.2163624547920434 0.680368031358885 0.02133724239734483 0.015297494283536632
2 0.46683762073832313 0.6790341898954704 0.021907079731398525 0.015901891196646336
2 0.33919405791028984 0.2853842280052265 0.02146387291602351 0.01608946265243901
2 0.4653180545141799 0.28438384690766555 0.021907079731398525 0.01577684355945119
3 0.31792013077228426 0.21752504355400698 0.017949876022692168 0.010837461890243863
2 0.34096688517179025 0.6797011106271778 0.02113146780449214 0.01559969274009139
3 0.44379086633881715 0.21619120209059234 0.018029020096866324 0.011097977801067032
2 0.7175660477219601 0.28221635452961674 0.021907079731398525 0.015182867282774359
3 0.6957855985092402 0.21385697952961674 0.01829810994905828 0.011056295255335347
3 0.5701681239800644 0.21552428135888504 0.018029020096866324 0.011400176257621979
3 0.8214030730384159 0.21335678898083624 0.01768078617050021 0.010389374523628021
2 0.7190856139461034 0.6770334277003485 0.020814891507795516 0.014661835461128021
3 0.19483526661668066 0.6116751959930314 0.0178865607633529 0.011223025438262273
2 0.8426770001764214 0.2813827036149826 0.02242943062094784 0.015537168921493863
2 0.5914420511180699 0.2835501959930314 0.021210611878666297 0.014609732278963368
2 0.844703088475279 0.6760330466027875 0.02195456617590319 0.015120343464176737
3 0.9475270696423059 0.21235640788327528 0.018171479430379747 0.01109797780106708
3 0.31994621907114185 0.6106748148954704 0.0178865607633529 0.010931247618140294
3 0.5716876902042076 0.6093409734320558 0.018029020096866324 0.011139660346798716
3 0.6973051647333834 0.6086740527003485 0.018377254023232436 0.011097977801067032
3 0.9481012658227848 0.9966666666666667 0.017721518987341773 0.006666666666666667
3 0.4458169546376748 0.6103413545296167 0.018234794689719013 0.010592576934070053
3 0.8229226392625592 0.6073402112369338 0.0178865607633529 0.010837461890243958
3 0.9495531579411635 0.6066732905052266 0.01809233535620559 0.010592576934070053