0 0.06189229284335454 0.9368838028169013 0.009450739972831936 0.010827464788732566
3 0.9485325659541002 0.25213028169014085 0.016770036462429257 0.01014084507042251
2 0.20788946879245015 0.7259330985915492 0.021461893186530356 0.015052816901408429
2 0.3345159791234718 0.7252640845070422 0.021783620504754363 0.01528169014084502
2 0.7170899764066632 0.7232394366197183 0.021247408307714277 0.014471830985915517
2 0.8443599413741332 0.7218838028169013 0.022118753127904487 0.014929577464788698
2 0.4620406448845356 0.7245774647887324 0.02215896904268248 0.015880281690140805
2 0.5898200114391935 0.7239084507042253 0.021864052334310345 0.01545774647887318
2 0.08204046614713663 0.7259330985915492 0.021569135625938395 0.01612676056338027
2 0.33297436905698147 0.3259330985915493 0.022721991849574654 0.015528169014084483
2 0.20609315793236577 0.3274471830985915 0.021166976478158295 0.014929577464788792
3 0.9500741760205905 0.6517957746478874 0.017306248659469628 0.010140845070422604
2 0.587259598198327 0.32373239436619716 0.021247408307714277 0.015105633802816858
2 0.715548366340173 0.3223943661971831 0.021823836419532353 0.015281690140845114
2 0.46024433402445125 0.32475352112676054 0.021461893186530284 0.015880281690140805
3 0.8207531993994422 0.2527992957746479 0.016984521341245406 0.01017605633802816
2 0.8428183313076428 0.32172535211267606 0.02198470007864461 0.015158450704225383
2 0.08017712876242225 0.3284507042253521 0.020885465074712242 0.01522887323943659
3 0.31117734324730106 0.2575176056338028 0.01664938871809535 0.01125
2 0.5682642811181812 0.6548239436619717 0.017574354757989526 0.011302816901408429
3 0.5657038678773146 0.25482394366197186 0.018123972259955656 0.011514084507042336
3 0.3127055480088654 0.6565140845070422 0.017105169085579453 0.010792253521126819
2 0.695534246085651 0.6538204225352112 0.01723922213483926 0.011214788732394444
3 0.6929738328447844 0.25364436619718306 0.017708407807249547 0.010827464788732376
3 0.18428272681775934 0.2590316901408451 0.01764138128261961 0.011619718309859195
3 0.8233136126403088 0.6527992957746479 0.016515335668835115 0.010545774647887356
2 0.4407530206620433 0.6558450704225351 0.01742689640380346 0.011091549295774522
3 0.4386886037034389 0.256338028169014 0.01742689640380346 0.011654929577464751
2 0.18646779152069778 0.6565140845070422 0.01764138128261961 0.011654929577464751