3 0.32784351103814746 0.9858815059726961 0.01828001215735294 0.010493047408276274
2 0.22303190613254414 0.2808467096843003 0.020574704099073318 0.015106721949658682
3 0.20219362255367865 0.21503039675767918 0.017721843847204835 0.010493047408276463
3 0.45064053927074776 0.9858815059726961 0.018140470079815917 0.010416493074072074
2 0.46874999999999994 0.2779070232508532 0.02162902201824216 0.015759985601535787
3 0.20628685682809864 0.9858815059726961 0.018311021507916775 0.010707399544048712
2 0.34545682215837903 0.2790502346416382 0.02134993786316796 0.015698742134172317
3 0.4476636416166242 0.2119273944112628 0.01820248878094358 0.010911544435260226
3 0.3246185385795135 0.21339723762798632 0.017582301769667807 0.010452218430034084
3 0.5709568194582451 0.2111108148464164 0.017721843847204835 0.011207554527517042
3 0.6979711193675205 0.9845749786689418 0.018419554234890112 0.010334835117587317
3 0.6944980721043763 0.2096409716296928 0.01792340462586938 0.010656363321245692
3 0.5744298667213893 0.9858815059726961 0.018342030858480605 0.010493047408276274
2 0.7158325052922624 0.2757839163822526 0.02122590046091278 0.015157758172461608
3 0.8205200727956107 0.9839217150170647 0.017861385924742006 0.010375664095829885
3 0.817543175141487 0.20882439206484643 0.01738074099100312 0.010176622826898457
3 0.20393014618525077 0.6014358468430033 0.017861385924741863 0.010829886478775658
2 0.5927874022551518 0.2772537595989761 0.020776264877737868 0.014698432167235466
2 0.8383814587203525 0.2751306527303754 0.021877096822752524 0.015341488574552026
3 0.5729414178943275 0.5991494240614335 0.017799367223614342 0.011085067592790097
2 0.34719334578995115 0.6677421075085324 0.02122590046091292 0.015576255199445464
3 0.3263550622110856 0.6007825831911262 0.017659825146077314 0.010829886478775658
3 0.4496482400527066 0.6001293195392491 0.01820248878094358 0.010375664095829696
2 0.593779701473193 0.6664355802047781 0.020853788254147375 0.014698432167235561
2 0.47048652363157206 0.6670888438566552 0.02179957344634287 0.01569874213417241
3 0.6964826705404588 0.5984961604095562 0.01814047007981606 0.010911544435260226
2 0.22489246716637143 0.6683953711604095 0.020931311630556882 0.015392524797354857
3 0.9410844277876182 0.20849776023890784 0.017318722289875455 0.010748228522290995
2 0.7173209541193243 0.6651290529010239 0.021427461239577613 0.014361593096736366
3 0.8195277735775693 0.597189633105802 0.017861385924742006 0.01053387638651884
3 0.9435651758327211 0.9826151877133106 0.017799367223614342 0.00986530186780063
2 0.8403660571564349 0.6644757892491466 0.021380947213731794 0.014698432167235561
3 0.9430690262237006 0.5968630012798635 0.01806294670340655 0.010375664095829696
0 0.08249752937745711 0.9185953498293514 0.008953949975293769 0.010748228522290902