3 0.8084224781112663 0.6288087248322148 0.016748713930432937 0.01020134228187923
2 0.10318791946308725 0.6994630872483222 0.020325861070418696 0.015369127516778462
3 0.9301987871767793 0.6278523489932887 0.016608183149933523 0.009882550335570386
3 0.6876171089837496 0.6297818791946309 0.016557081047933814 0.01060402684563769
3 0.32278642728170887 0.6320302013422819 0.016186590808435278 0.010285234899328847
3 0.20259428337818966 0.6329865771812081 0.01625046843593506 0.010050335570469807
3 0.5658407999182368 0.6310570469798659 0.016876469185432497 0.010520134228187886
2 0.4650930058256397 0.69753355704698 0.02060692263141756 0.0143959731543625
3 0.4443200013627228 0.6317114093959731 0.016557081047933814 0.01023489932885904
2 0.3438149422546248 0.6981879194630873 0.020198105815419174 0.014513422818791923
2 0.223009573127108 0.6988255033557048 0.02027475896841888 0.014345637583892502
2 0.5863838449221546 0.6968959731543625 0.02027475896841888 0.013422818791946345
2 0.10105440670459578 0.31954697986577185 0.019750962422921004 0.014563758389261732
3 0.6851769836132595 0.24793624161073832 0.01695312233843206 0.010285234899328847
3 0.5643843900112425 0.2490604026845638 0.016557081047933814 0.010469798657718172
2 0.7081601539876674 0.6962583892617451 0.020172554764419173 0.013372483221476538
3 0.8074387626477703 0.24696308724832217 0.015151773242939379 0.009966442953020098
3 0.4426080809457296 0.250503355704698 0.01668483630293323 0.010201342281879135
2 0.8299364630531804 0.6943288590604028 0.020632473682417704 0.013540268456375959
3 0.200754607706197 0.2529026845637584 0.016301570537934768 0.010687919463087212
3 0.9282441317752872 0.24681208053691278 0.016250468435934987 0.009966442953020098
3 0.3208317718802167 0.2516275167785235 0.016608183149933557 0.01
2 0.5844291895206623 0.3148825503355705 0.020249207917419024 0.014278523489932885
2 0.3421030218376316 0.31697986577181214 0.021002963921916095 0.01479865771812077
2 0.22142540796511428 0.3185906040268457 0.020134228187919465 0.014228187919463077
2 0.46313835042414747 0.3158557046979866 0.01998092188192005 0.01468120805369125
2 0.7062054985861753 0.3136073825503356 0.019942595305420054 0.013959731543624135
2 0.8274963376826902 0.3124832214765101 0.020172554764419173 0.014278523489932885
0 0.08387132490716454 0.9088590604026846 0.008891765747964428 0.010436241610738459