2 0.22276823546571053 0.28084692218959734 0.02037253415723055 0.014963649263317981
3 0.20234985164421015 0.21549260696308725 0.017331173093998023 0.010527745189282716
3 0.9326433041341602 0.971804215604027 0.01733117309399795 0.009664650731438846
2 0.343322286052533 0.27924116505872487 0.02055593281430989 0.01555577220532721
3 0.32278163645964636 0.21388684983221481 0.017270040208304922 0.010437421350671154
2 0.4648544628104453 0.2781171350671141 0.021151978449817796 0.015615988097734904
2 0.7086524109545873 0.27619022651006714 0.020922730128468566 0.014682641765415288
3 0.6871336351906109 0.21019360843120807 0.017667403965310132 0.010768608758913582
3 0.44431381321755875 0.2126022441275168 0.016949092558416097 0.010477565278942932
3 0.8089103434912956 0.2092301541526846 0.017208907322611967 0.010276845637583893
2 0.5863866395683577 0.2773142565016779 0.020280834828690843 0.014622425873007595
3 0.5658459899754711 0.21147821413590606 0.01720890732261182 0.010899076525796995
3 0.2038170409008449 0.5944512898489933 0.016689277794220372 0.0103571334941275
2 0.8299400561697272 0.27538734794463093 0.02115197844981765 0.015084081048133366
2 0.2247244878078902 0.6596450293624162 0.020525366371463318 0.014120626769609809
3 0.9306870517919805 0.20874842701342283 0.017071358329802225 0.010608033045826346
3 0.3244933572590536 0.5938089869966443 0.017331173093998023 0.010477565278942886
3 0.2061400905571833 0.9743734270134229 0.01754513819392393 0.00985031639969596
2 0.3450340068519402 0.6590027265100672 0.020448950264346934 0.014853253460570386
3 0.8113556589190203 0.972446518456376 0.017606271079617142 0.010121287915530578
2 0.710119600211222 0.6573969693791947 0.02060178247857956 0.01332778418624154
3 0.44602553401696593 0.5931666841442954 0.017331173093998096 0.010086161978292693
2 0.8314072454263619 0.6557912122483223 0.0213965099925902 0.014281202482697116
3 0.6895789506183355 0.5915609270134229 0.01815646705085523 0.01068832090237
3 0.8108665958334753 0.5902763213087249 0.01774382007242659 0.0103571334941275
3 0.5678022423176508 0.5922032298657718 0.01774382007242659 0.01072846483064173
2 0.5878538288249924 0.6577181208053692 0.0206323489214262 0.014682641765415193
3 0.6905570767894254 0.973088821308725 0.01788136906523604 0.010276845637583847
2 0.4665661836098525 0.6590027265100672 0.021365943549743704 0.01508408104813346
3 0.5692694315742854 0.9743734270134229 0.01788136906523604 0.010241719700345963
3 0.32596054651568834 0.9743734270134229 0.01780495295811973 0.010201575772074421
3 0.44700366018805576 0.9743734270134229 0.01774382007242659 0.010316989565855769
3 0.9321542410486152 0.5899551698825504 0.017407589201114407 0.010086161978292693