2 0.7307889620909386 0.25725177304964536 0.022113619181337286 0.015744680851063796
3 0.19576898153148287 0.1926063829787234 0.018671022788638043 0.011170212765957454
2 0.8589615509234259 0.2564007092198582 0.02273463656982374 0.016187943262411294
2 0.6026298736364618 0.25893617021276594 0.02161410519494543 0.015514184397163148
2 0.47341775569715955 0.259290780141844 0.022478129387622815 0.01675531914893611
3 0.3238065665838643 0.1907269503546099 0.01818500918025705 0.011329787234042547
2 0.3452451668646722 0.2604787234042553 0.022275623717464044 0.01714539007092204
3 0.45170914785613997 0.18937943262411347 0.018954530726860264 0.011418439716312036
2 0.21759909277459769 0.2623404255319149 0.02156010368290313 0.015992907801418425
3 0.7085673398855168 0.18716312056737588 0.018671022788637897 0.011382978723404259
3 0.8367399287180041 0.18597517730496455 0.018401015228426684 0.01086879432624111
0 0.07107949022572634 0.9235992907801418 0.009396263095366682 0.011595744680851111
2 0.7328545199265579 0.6595744680851063 0.022356625985527637 0.014521276595744818
3 0.5803947510530295 0.18852836879432625 0.017915001620045404 0.011879432624113472
3 0.19769953558699643 0.5930496453900709 0.018455016740468767 0.011471631205673892
2 0.8610271087590453 0.657872340425532 0.02265363430176029 0.015567375886524815
2 0.3470542175180905 0.661613475177305 0.021803110487093626 0.01599290780141833
3 0.32508910249486983 0.5923758865248226 0.01853601900853229 0.011028368794326298
2 0.2199211577924182 0.6622872340425532 0.021857111999135998 0.01563829787234056
3 0.9654255319148937 0.18547872340425534 0.018603520898585166 0.01147163120567375
2 0.6036559023652662 0.6595744680851063 0.02219462144940059 0.015815602836879446
3 0.7106328977211362 0.5896631205673758 0.018900529214818107 0.01099290780141852
3 0.4535181985095582 0.5913652482269502 0.01853601900853229 0.010496453900709071
3 0.5819472945242466 0.5906737588652482 0.01853601900853229 0.011329787234042593
3 0.8388054865536235 0.5882978723404255 0.018603520898585166 0.010904255319148888
2 0.47522680635057774 0.6609397163120566 0.0228831407279405 0.016312056737588704
3 0.967491089750513 0.5876241134751773 0.018320012960362946 0.0107446808510637
3 0.2002916081650286 0.9942021276595745 0.018954530726860406 0.01099290780141852
3 0.32689815314828813 0.9942021276595745 0.019359542067177948 0.010939716312057044
3 0.7121854411923534 0.9928368794326241 0.018900529214818107 0.01099290780141852
3 0.8398450156604386 0.9921631205673759 0.018455016740468698 0.010656028368794448
3 0.4548142347985743 0.9942021276595745 0.019103034884976732 0.011063829787234076
3 0.5834998379954638 0.9942021276595745 0.019103034884976732 0.0107446808510637
3 0.9680041041149151 0.9914893617021278 0.018671022788637897 0.010283687943262218