2 0.090982700241932 0.7016718216723549 0.02130342383732232 0.01644387098709463
2 0.08899810180584956 0.3159196352389078 0.020001031113643226 0.01493319879212881
1 0.7034793925778718 0.3134698965443686 0.020621218124918853 0.008548567319485964
2 0.5799381399317405 0.312000053327645 0.020574704099073318 0.012401802141104952
2 0.3333517842484987 0.3129799488054607 0.021675536044087833 0.014647395944432635
2 0.21092686822266382 0.3147764238481228 0.020574704099073318 0.01504547848229521
3 0.3137538746921847 0.633732401877133 0.016279909045988677 0.010176622826898551
2 0.4566449620901196 0.3118367374146757 0.020853788254147375 0.014698432167235466
3 0.6841295578260682 0.6311193472696245 0.01654348852578096 0.010100068492694163
3 0.43729512733831594 0.633079138225256 0.016543488525780813 0.010829886478775658
3 0.5605883051799369 0.6324258745733788 0.016931105407828207 0.010748228522290902
3 0.19182510827537044 0.6343856655290102 0.016667525928035998 0.011125896571032474
3 0.8071746608631787 0.6301394517918089 0.01585353047573646 0.009564188153263634
2 0.8280129444420442 0.6977522397610921 0.02162902201824216 0.01498423501493183
2 0.21278742925649108 0.7016718216723549 0.02110186305865774 0.015157758172461512
2 0.7049678414049335 0.6990587670648464 0.02105534903281192 0.01498423501493183
2 0.3350883078800709 0.7010185580204777 0.021380947213731794 0.015515011732081993
2 0.5814265887588024 0.6997120307167234 0.021504984615986975 0.01481071185740196
2 0.45838148572169174 0.7003652943686006 0.02197012487444373 0.015219001639825175
3 0.9297236142912688 0.6291595563139931 0.016419451123525632 0.010294006139345129