3 0.4398010325590499 0.6412523596696892 0.016969414210328795 0.010399420055953283
2 0.21412499592196266 0.7095575242216322 0.020684888526849823 0.014281801465042357
3 0.19102036571838701 0.2513849590990587 0.016844524317336518 0.01089954090148004
3 0.564441145765366 0.6402624297486466 0.0166571894778481 0.010682993731252
3 0.8112235743181521 0.24577535621315033 0.016266908562247235 0.010280834700828405
3 0.6888314791856974 0.6396024764679515 0.017312861416057555 0.010600499571165128
3 0.19276882422027922 0.6422422895907319 0.01671963442434424 0.010765487891338871
3 0.43855213362912693 0.24874514597627828 0.017234805232937526 0.011023282141610347
3 0.8127222530340596 0.6386125465469089 0.017047470393448966 0.010162249345703527
3 0.3159102587106877 0.6415823363100368 0.0166571894778481 0.010682993731252
3 0.5624429074774892 0.24759022773506184 0.017375306362553838 0.011105776301697219
3 0.9371125864543911 0.6382825699065613 0.016782079370840378 0.010043663990578553
3 0.9351143481665144 0.24495041461228148 0.0166571894778481 0.01044066713599672
2 0.45978341543781803 0.31639035724752607 0.020216551428128712 0.014570531025346504
3 0.6863336813258514 0.24627032117367165 0.017109915339945107 0.010765487891338871
2 0.5839239690721649 0.31589539228700475 0.020606832343729578 0.014230242614988061
2 0.33539308201748663 0.3173802871685687 0.02080977841984203 0.015137678375943842
2 0.09160801089651573 0.7095575242216322 0.02055999863385751 0.015374849086193599
3 0.3144115799947801 0.24990006421749472 0.016469854638359614 0.010203496425746868
2 0.3371415405193788 0.7088975709409371 0.020638054816977648 0.014395230935161806
2 0.7083143024924963 0.31457548572561456 0.02063805481697779 0.014343672085107605
2 0.8322050763408586 0.31309059084405055 0.021200059335443038 0.014673648725455093
2 0.5854226477880725 0.708237617660242 0.020919057076210414 0.013168130303869397
2 0.4612820941537256 0.708237617660242 0.02127811551856321 0.014673648725455188
2 0.21225164752707812 0.319360147010654 0.0208097784198421 0.015137678375943842
2 0.709812981208404 0.7062577578181567 0.02052877616060955 0.014013695444760024
2 0.8337037550567662 0.7055978045374616 0.02160595148766794 0.01434367208510751
2 0.08960977260863891 0.32051506525187046 0.020559998633857476 0.01573576103657376