2 0.10245871642166049 0.6904755662751679 0.020204418721574458 0.014401634267512502
3 0.9311761148775254 0.6217491610738256 0.015390203973241605 0.009624506803166923
3 0.8084212804057508 0.6220703125000001 0.016429463030024506 0.009815190462458077
3 0.6871336351906109 0.622712615352349 0.016872676451299785 0.011069688220952117
3 0.322048041831329 0.625281826761745 0.016811543565606612 0.010316989565855769
3 0.5658459899754711 0.623997221057047 0.015741718065977107 0.01072846483064173
3 0.4438247501320138 0.625281826761745 0.0161849314872521 0.010241719700345963
3 0.20186078855866524 0.625924129614094 0.016811543565606574 0.010276845637583847
2 0.46436539972490043 0.6891909605704699 0.020999146235585023 0.014180842662017691
2 0.22215690660877938 0.6904755662751679 0.019791771743145965 0.013899835164114999
2 0.3430777545097605 0.6898332634228188 0.02055593281430989 0.013799475343435385
2 0.7076742847834976 0.6879063548657719 0.020280834828690843 0.014070446859270192
2 0.5858975764828127 0.6891909605704699 0.020250268385844348 0.01358871972000846
2 0.8289619299986373 0.686621749161074 0.021656324756785923 0.014281202482697116
3 0.9287307994498009 0.23925781250000006 0.015741718065976965 0.010276845637583942
3 0.806954091149116 0.24038184249161076 0.015741718065976965 0.010241719700346057
2 0.10050246407948081 0.31248033766778527 0.019975170400225267 0.014512030070260095
3 0.6851773828484312 0.24054241820469802 0.016689277794220227 0.010086161978292789
3 0.19990453621648555 0.2455202653104027 0.016490595915717714 0.010527745189282693
2 0.22081198312353081 0.3113563076761745 0.02017385227872789 0.013799475343435385
3 0.5634006745477464 0.24166644819630875 0.01687267645129964 0.0103571334941275
2 0.7062070955268627 0.30605730914429535 0.020448950264346934 0.014010230966862405
3 0.4421130293326066 0.24327220532718125 0.016490595915717787 0.010437421350671154
2 0.5844303872261779 0.30718133913590606 0.01994460395737866 0.014070446859270096
2 0.4628982104682656 0.30782364198825507 0.020448950264346934 0.013899835164114905
3 0.32033632103192183 0.24407508389261745 0.01598624960874955 0.010477565278942981
2 0.8274947407420026 0.30541500629194634 0.020724048249965835 0.014231022572357404
2 0.34136603371035334 0.3099111262583893 0.02032668449296066 0.014010230966862405
0 0.08326299031402243 0.9056470218120806 0.009177574464678873 0.01068832090237