3 0.19303581457640295 0.205358361774744 0.01758759234458026 0.010614334470989821
3 0.43826413790123986 0.20274744027303754 0.01819674255843087 0.011211604095563151
3 0.5618049855272822 0.2011092150170648 0.017665356201667645 0.011467576791808938
3 0.3154620469175271 0.20404436860068256 0.017665356201667575 0.010494880546075032
3 0.6868363070808312 0.588976109215017 0.017794962630146478 0.010255972696245787
3 0.808394176351147 0.19931740614334467 0.017587592344580117 0.01025597269624574
3 0.44024711625696633 0.590938566552901 0.01819674255843087 0.010784982935153758
3 0.563295459454789 0.589641638225256 0.019129908843478628 0.010955631399317364
3 0.19452628850390977 0.5919283276450511 0.017457985916101502 0.011092150170648551
3 0.3169525208450339 0.5912627986348122 0.017522789130340846 0.010255972696245787
2 0.33803948675854323 0.6579010238907849 0.02170907677020779 0.01563139931740617
3 0.810869659135093 0.5883276450511945 0.01819674255843087 0.009675767918088619
2 0.4613340821704756 0.6572525597269623 0.02134617877046709 0.01510238907849839
2 0.21549660863178813 0.6579010238907849 0.021501706484641572 0.01522184300341299
3 0.6848533287251047 0.19996587030716723 0.01725061563053507 0.010017064846416398
2 0.5851211820106277 0.6566040955631398 0.02179980127014307 0.014522184300341223
2 0.831217868406273 0.6546416382252559 0.02209789605564443 0.015392491467576784
3 0.9314295589061216 0.19817406143344707 0.017794962630146478 0.01052901023890783
2 0.7081695252084502 0.6552901023890784 0.02170907677020779 0.014692832764505207
3 0.31893549920076036 0.9773549488054607 0.017522789130340773 0.01034129692832759
3 0.4417375901844731 0.9773549488054607 0.018067136129952182 0.01022184300341299
3 0.6878213159372705 0.9760409556313994 0.017794962630146478 0.010494880546075365
3 0.5647859333822958 0.9766894197952217 0.017924569058625307 0.010255972696245787
1 0.0949237482179116 0.27329351535836177 0.015021385060698994 0.015460750853242283
3 0.8113621635633127 0.9747440273037542 0.01814489998703928 0.010051194539249384
3 0.9339180023329158 0.5873549488054607 0.018002332915712838 0.010409556313993183
3 0.19675551907374603 0.9766894197952217 0.017924569058625307 0.010409556313993183
2 0.3363027606169266 0.27035836177474404 0.021229532984836014 0.016126279863481252
2 0.7061865468527239 0.26675767918088733 0.02209789605564443 0.015460750853242283
2 0.459597356028859 0.26969283276450506 0.021631312913120548 0.015153583617747397
2 0.21375988249017153 0.2719795221843003 0.02125545427053181 0.01600682593856656
2 0.5831382036549012 0.2680716723549488 0.021670194841664242 0.015392491467576784
1 0.09616796993130859 0.6592150170648463 0.015138030846330001 0.01563139931740617
3 0.9339180023329158 0.9740784982935152 0.017056205987817038 0.010290102389078584
2 0.8292219294076985 0.2661092150170648 0.021385060699010784 0.01527303754266209
0 0.0769991791592863 0.908754266211604 0.00916317449345485 0.010409556313993183