2 0.08837144669358359 0.6959859913793104 0.020756215728666507 0.015201121363146513
3 0.8115963280226975 0.6250336745689656 0.016965269157846036 0.010204551959859979
3 0.93691687581842 0.6243736530172413 0.0163230013503927 0.010163300612877227
3 0.31332182998690533 0.6289938038793104 0.017231575321911833 0.01056034482758624
3 0.6872783446093409 0.6260237068965517 0.01756054175987548 0.010684098868534496
3 0.4381410955914448 0.6283337823275862 0.01677728833615234 0.010163300612877227
3 0.19013173150371018 0.6289938038793104 0.017294235595809684 0.010482998551993509
3 0.5634616433871672 0.62734375 0.016902608883948043 0.010441747205010756
2 0.45944558871671765 0.694005926724138 0.021273162988323817 0.014912361934267248
2 0.21131090408118727 0.6953259698275862 0.01986330682562202 0.013850139749461239
2 0.7088334788302052 0.6926858836206897 0.020881536276462175 0.014066709321120736
2 0.3348769642077696 0.6953259698275862 0.021038186961206948 0.014345155913254264
2 0.8331514622435618 0.6913658405172415 0.021805775316455698 0.014345155913254264
3 0.8100924814491489 0.23265086206896554 0.016197680802597002 0.010441747205010756
2 0.5835129310344828 0.694005926724138 0.020991191755783487 0.01396358095366376
3 0.6852732158446093 0.23347588900862068 0.016777288336152198 0.010642847521551743
3 0.5604539502400698 0.23446592133620692 0.017372560938182072 0.011065673828125
3 0.9349117470536884 0.23133081896551724 0.0163230013503927 0.010684098868534496
3 0.4361359668267133 0.23595096982758623 0.017294235595809684 0.010900668440193991
2 0.08655429875054561 0.30772831357758623 0.020317593811381478 0.015675511853448256
3 0.3115673423177652 0.23677599676724137 0.016526647240560865 0.01060159617456899
3 0.18812660273897863 0.23859105603448275 0.016902608883948043 0.011106925175107751
2 0.20955641641204714 0.306573275862069 0.020709220523243154 0.014623602505387889
2 0.3331224765386295 0.3050882273706897 0.02124183285137489 0.015314562567349128
2 0.7068283500654736 0.3007980872844828 0.020442914359177215 0.01434515591325436
2 0.5820090844609341 0.30228313577586213 0.02028626367443259 0.014066709321120736
2 0.4571898188563946 0.3032731681034483 0.020991191755783487 0.014737043709590504
2 0.8311463334788303 0.30013806573275864 0.0213514883306962 0.01445859711745688
0 0.0688214412374509 0.9170932112068967 0.00894475409891969 0.011282243399784496