2 0.3267694920340463 0.707354525862069 0.021273162988323817 0.015376439587823256
2 0.203203431907464 0.7080145474137931 0.020912866413411172 0.014912361934267248
2 0.5761573821475339 0.7060344827586207 0.020912866413411245 0.015675511853448256
2 0.4513381165429943 0.7066945043103449 0.021398483536119662 0.015500193628771513
2 0.7004753655608905 0.7053744612068966 0.02106951709815573 0.014510161301185273
3 0.42978298232213014 0.6393723060344828 0.017231575321911833 0.010364400929418024
2 0.8247933489742472 0.7040544181034484 0.021241832851375035 0.01467516668911647
2 0.07813352520733305 0.3187668372844828 0.019816311620198594 0.0155517578125
3 0.3054649989087735 0.640032327586207 0.01671462806225449 0.010044702990301744
3 0.6789202313400262 0.6373922413793104 0.017027929431743888 0.010400495858028004
3 0.8032382147533829 0.6367322198275862 0.016526647240560792 0.009967356714709013
2 0.08051461561545177 0.7080145474137931 0.020630895180870804 0.016170528017241472
3 0.18164829768659976 0.640692349137931 0.017372560938182 0.010441747205010756
2 0.32501500436490616 0.31579674030172417 0.021602129426287607 0.015438316608297385
2 0.20144894423832388 0.3172817887931035 0.0210695170981558 0.014737043709590504
2 0.4493329877782628 0.31464170258620694 0.021194837645951575 0.015438316608297385
3 0.42827913574858145 0.24764951508620692 0.017231575321911833 0.010818165746228488
2 0.6989715189873418 0.3124966325431035 0.02106951709815573 0.015376439587823256
2 0.5741522533828023 0.31381667564655175 0.021570799289338683 0.015262998383620736
3 0.30371051123963333 0.24880455280172417 0.016651967788356637 0.01056034482758624
3 0.9270549159755566 0.6357421875 0.01716891504801384 0.010364400929418024
2 0.8227882202095156 0.31150660021551724 0.021147842440528114 0.015314562567349128
3 0.8017343681798341 0.24385439116379312 0.017027929431743888 0.010482998551993509
3 0.6769151025752946 0.2448444234913793 0.016777288336152198 0.010400495858028004
3 0.9255510694020079 0.243359375 0.016651967788356495 0.010524249898976261
3 0.18001913056525537 0.2502896012931035 0.0163856616242907 0.01056034482758624
3 0.5546022479266697 0.6393723060344828 0.01710625477411613 0.01168444403286647
3 0.552597119161938 0.2456694504310345 0.01716891504801398 0.01145756162446124