3 0.9287296017442853 0.25515100671140944 0.015445610329438208 0.010654362416107404
2 0.2233800633666065 0.706526845637584 0.020095901611419612 0.014563758389261732
2 0.7081601539876674 0.7033221476510069 0.02027475896841888 0.01395973154362423
2 0.3440576772391238 0.705251677852349 0.021002963921916095 0.015083892617449616
2 0.8299364630531804 0.7026845637583893 0.020875208666916535 0.014563758389261732
2 0.4653485163356386 0.7046140939597316 0.021002963921916095 0.015083892617449616
2 0.5868820904166525 0.7039597315436242 0.02079855551391683 0.014614093959731539
2 0.3423457568221307 0.32531879194630875 0.021565087043913755 0.014278523489932885
3 0.8079370081422683 0.25627516778523496 0.01586720267093674 0.010201342281879135
2 0.10373726705958507 0.706526845637584 0.020479167376418073 0.015553691275167694
2 0.4636365959186455 0.32404362416107385 0.020926310768916243 0.014563758389261732
2 0.5849146594896604 0.3230704697986578 0.02005757503491976 0.014563758389261732
2 0.22154038769461387 0.3266107382550336 0.020134228187919465 0.014127516778523556
3 0.9301987871767793 0.6355536912751679 0.016493203420434106 0.009546979865771922
2 0.7066909685551732 0.32211409395973156 0.020376963172418584 0.014446308724832211
2 0.10160375430109359 0.32837248322147655 0.019750962422921004 0.014614093959731539
2 0.8279818076516883 0.3211577181208054 0.021194596804415076 0.014563758389261732
0 0.0958547678261166 0.6089093959731544 0.007614213197969543 0.010687919463087307
3 0.6856624535822574 0.256761744966443 0.016557081047933814 0.010520134228187886
3 0.32278642728170887 0.6400503355704699 0.01700422444043202 0.01040268456375846
3 0.20088236296119652 0.26157718120805373 0.01674871393043301 0.01115771812080529
3 0.6876171089837496 0.63748322147651 0.01642932579293411 0.01060402684563769
3 0.5663390454127347 0.6384563758389262 0.016250468435934987 0.01060402684563769
3 0.8093934180492625 0.636526845637584 0.01642932579293411 0.009882550335570386
3 0.5648698599802405 0.25788590604026845 0.015867202670936453 0.010402684563758365
3 0.4448054713317208 0.6394127516778524 0.016557081047933814 0.010654362416107498
3 0.3218027118182128 0.2599664429530201 0.015560590058937696 0.010721476510067116
3 0.44285081593022857 0.25884228187919467 0.016493203420433963 0.010973154362416153
3 0.2030797533471877 0.6396308724832216 0.0161227131809355 0.010906040268456346