2 0.1008692613936395 0.3219543047399329 0.019409691207563966 0.014963649263317981
3 0.32082538411746675 0.25354905096476515 0.0170713583298023 0.010005874121749135
3 0.20076039661618916 0.2554759595218121 0.01604738249444265 0.010648176974098172
3 0.44284662396092395 0.25290674811241615 0.01687267645129964 0.01068832090237
3 0.5638897376332913 0.25146156669463093 0.016811543565606647 0.010397277422399327
3 0.6851773828484312 0.25033753670302017 0.01630719725863852 0.010397277422399327
3 0.20234985164421015 0.6352375209731544 0.016307197258638374 0.010437421350671154
3 0.807443154234661 0.24905293099832215 0.01569586840170715 0.009739920596948367
3 0.32253710491687393 0.6349163695469799 0.016612861687103988 0.010161431843802499
2 0.10319231104997786 0.7013947147651007 0.02005158650734169 0.01508408104813346
3 0.9282417363642559 0.2487317795721477 0.015986249608749514 0.010046018050020962
3 0.4448028763031036 0.6345952181208054 0.016246064372945238 0.010241719700346152
3 0.6876226982761559 0.6320260067114094 0.01675041067991351 0.010477565278942886
2 0.2210565146663033 0.3205091233221477 0.020097436171611506 0.014231022572357404
3 0.8089103434912956 0.631704855285235 0.016246064372945238 0.010086161978292693
3 0.5658459899754711 0.6336317638422819 0.016949092558416097 0.010316989565855769
2 0.8274947407420026 0.31456782193791955 0.020754614692812475 0.014562209980599808
3 0.9301979887064356 0.6307414010067114 0.01661286168710406 0.010086161978292693
2 0.3418550967958982 0.31906394190436244 0.020999146235585023 0.014853253460570481
2 0.7062070955268627 0.3158524276426175 0.020128002614457928 0.014451814177852308
2 0.5844303872261779 0.3169764576342282 0.020448950264346934 0.014341418375104904
2 0.4633872735538106 0.3179399119127517 0.020448950264346934 0.014853253460570481
2 0.22276823546571053 0.7013947147651007 0.020021020064495118 0.014180842662017691
2 0.8294509930841822 0.6968985947986578 0.020448950264346934 0.013899835164114999
2 0.5863866395683577 0.6994678062080537 0.020280834828690843 0.014070446859270192
2 0.34356681759530544 0.7007524119127517 0.020448950264346934 0.014512030070260001
2 0.7081633478690423 0.6981832005033558 0.020403100600077117 0.013899835164114999
2 0.4648544628104453 0.7001101090604028 0.02087688046419875 0.014963649263317886