2 0.10499736286919832 0.7230555555555557 0.021875 0.01578125
2 0.10241297468354432 0.3319270833333333 0.02097837552742615 0.015416666666666667
3 0.33183016877637134 0.6542708333333335 0.01708860759493671 0.010763888888888951
3 0.7078718354430381 0.6522743055555555 0.018103902953586402 0.010763888888888951
2 0.3515163502109705 0.32894097222222224 0.022085970464134973 0.015364583333333333
3 0.5826872362869199 0.6529340277777778 0.017497362869198264 0.011319444444444382
2 0.47668776371308014 0.32760416666666664 0.021875 0.015486111111111143
2 0.2269646624472574 0.3306076388888889 0.02070147679324897 0.015017361111111047
2 0.7275580168776372 0.3254513888888889 0.021598101265823073 0.015416666666666667
3 0.45700158227848103 0.6535937500000001 0.01735232067510539 0.01071180555555543
3 0.8330564345991561 0.6509375 0.017352320675105677 0.010225694444444381
2 0.602373417721519 0.3269444444444445 0.02126845991561186 0.01519097222222219
2 0.2287315400843882 0.7230555555555557 0.02082014767932492 0.01484375
2 0.8532436708860761 0.3244444444444445 0.022125527426160432 0.015607638888888952
3 0.3298127637130802 0.2609895833333334 0.016495253164556963 0.010763888888888858
3 0.7058544303797469 0.2571701388888889 0.017497362869198407 0.010711805555555618
3 0.8315400843881857 0.25604166666666667 0.017497362869198407 0.010642361111111142
3 0.580168776371308 0.25831597222222225 0.017550105485231973 0.011597222222222191
3 0.2070279535864979 0.6546006944444445 0.017616033755274287 0.011631944444444571
3 0.45523470464135024 0.2598263888888889 0.017616033755274214 0.011597222222222191
3 0.20537974683544305 0.2626388888888889 0.01722046413502112 0.01140625
2 0.8547600210970465 0.7190625 0.022600210970464232 0.015017361111111047
2 0.3532832278481013 0.7223784722222222 0.02212552742616029 0.015364583333333333
3 0.9582410337552744 0.6502777777777778 0.017352320675105677 0.01031250000000019
0 0.08512658227848104 0.9303993055555556 0.00872890295358651 0.01109375
2 0.7295754219409283 0.7197222222222223 0.021954113924050632 0.014496527777777905
2 0.6038897679324895 0.7210590277777779 0.021756329113924052 0.015607638888888952
2 0.47870516877637137 0.72171875 0.022389240506329115 0.01609375
3 0.956724683544304 0.25550347222222225 0.017220464135020905 0.010885416666666667
0 0.09849683544303799 0.6236979166666666 0.010548523206751067 0.012239583333333333