3 0.817543175141487 0.6236801407849829 0.016481469824653296 0.010059239514451784
3 0.9410844277876182 0.6230268771331058 0.015737245411122487 0.010452218430034084
2 0.10190938283038838 0.6955391424914675 0.020621218124918995 0.015045478482295304
3 0.6944980721043763 0.6249866680887372 0.016791563330291324 0.010707399544048712
3 0.5714529690672656 0.6259665635665528 0.0168535820314187 0.010656363321245787
3 0.3243704637750032 0.6272730908703071 0.017194684887620416 0.010452218430034084
3 0.4479117164211345 0.6269464590443686 0.0168535820314187 0.010217451805140741
3 0.20293784696720957 0.6279263545221843 0.016419451123525705 0.010707399544048712
2 0.22352805574156476 0.6948858788395904 0.020388647995690616 0.014085997493600644
2 0.8388776083293731 0.6903130332764504 0.02158250799239634 0.014085997493600644
3 0.692513473668294 0.23678474296075086 0.01654348852578096 0.010452218430034084
2 0.4689980748045103 0.6935793515358362 0.0214584705901413 0.01452490900970569
3 0.9395959789605564 0.23564153156996587 0.016093852942606048 0.010334835117587413
2 0.3459529717673996 0.6948858788395904 0.02090030227999305 0.014034961270797718
3 0.44642326759407264 0.23939779756825938 0.017055142810083388 0.010533876386518747
3 0.8160547263144251 0.23596816339590443 0.01585353047573646 0.010176622826898457
3 0.5689722210221627 0.23776463843856652 0.017799367223614342 0.010911544435260226
2 0.7158325052922624 0.6916195605802047 0.02031112461928111 0.013606256999253408
3 0.32362623936147233 0.2402143771331058 0.01627990904598875 0.009982685180247397
3 0.20082921112887198 0.24184753626279862 0.016419451123525705 0.010748228522290995
2 0.5922912526461312 0.6922728242320819 0.02015607786646224 0.013820609135025658
2 0.09973872829092323 0.3094603242320819 0.019923507737233753 0.015157758172461608
2 0.22179153210999264 0.3084804287542662 0.02049718072266381 0.014586152477069068
2 0.3439683733313172 0.3068472696245733 0.020574704099073318 0.014698432167235466
2 0.46750962597744844 0.3057040582337884 0.020342133969844942 0.01431055687393344
2 0.8368930098932906 0.3024377399744027 0.020931311630556882 0.014137033716403569
2 0.5903066542100488 0.30488747866894195 0.020388647995690616 0.013657293222056334
2 0.71384790685618 0.3032543195392491 0.020156077866462094 0.013657293222056334
0 0.08218743587181923 0.9117694112627985 0.00875238919662915 0.010493047408276274