2 0.22276823546571053 0.7052485318791947 0.020922730128468566 0.014010230966862498
2 0.343322286052533 0.7046062290268457 0.021197828114087613 0.014682641765415193
2 0.4648544628104453 0.7039639261744968 0.02124367777835743 0.015254692743288653
2 0.5863866395683577 0.7039639261744968 0.02107556234270134 0.014120626769609809
2 0.7076742847834976 0.7020370176174497 0.020800464357082292 0.014180842662017691
2 0.8289619299986373 0.7013947147651007 0.021365943549743558 0.014401634267512502
3 0.32253710491687393 0.6387701866610739 0.016811543565606574 0.009930604256239425
3 0.4438247501320138 0.6384490352348994 0.017010225444109236 0.01068832090237
2 0.10105266005071885 0.3259686975671141 0.020021020064495118 0.014732821675755
3 0.686644572105066 0.6365221266778524 0.017208907322611967 0.0103571334941275
2 0.3416105652531258 0.3230783347315436 0.02156462542824629 0.014853253460570481
3 0.8079322173202059 0.635558672399329 0.01661286168710406 0.009815190462458077
2 0.10300891239289853 0.7052485318791947 0.0209532965713151 0.01543534042051173
3 0.9267745471076212 0.25322789953859065 0.016872676451299785 0.010437421350671154
2 0.4628982104682656 0.32211488045302017 0.020953296571315064 0.015194476850880866
2 0.5844303872261779 0.32115142617449666 0.020403100600077117 0.014512030070260095
2 0.7062070955268627 0.31970624475671144 0.020953296571315207 0.014512030070260095
2 0.2210565146663033 0.3245235161493289 0.020525366371463318 0.014562209980599808
3 0.20161625701589275 0.6390913380872484 0.016612861687103988 0.010316989565855769
3 0.806465028063571 0.25403077810402686 0.01675041067991351 0.010086161978292789
2 0.8270056776564576 0.31906394190436244 0.02107556234270148 0.014732821675755
3 0.6846883197628864 0.2545125052432886 0.01713249121549551 0.009965730193477308
3 0.19990453621648555 0.2594903523489933 0.016689277794220372 0.010648176974098172
3 0.9287307994498009 0.6342740666946309 0.01694909255841595 0.010086161978292693
3 0.3210699156602392 0.2580451709312081 0.016689277794220372 0.010316989565855673
3 0.4423575608753791 0.2570817166526846 0.01675041067991351 0.010527745189282693
3 0.5638897376332913 0.2554759595218121 0.015986249608749514 0.011681883127097307
3 0.5653569268899261 0.6381278838087249 0.016949092558416097 0.011200155987835577