3 0.19990453621648555 0.24616256816275167 0.01655172880141085 0.010728464830641826
2 0.1008692613936395 0.31360436765939603 0.019715355636029542 0.014451814177852308
3 0.3205808525746942 0.24455681103187923 0.016429463030024613 0.010527745189282693
3 0.5634006745477464 0.242469326761745 0.016811543565606647 0.010608033045826346
3 0.6851773828484312 0.24134529677013422 0.01630719725863852 0.010276845637583847
3 0.806465028063571 0.24070299391778524 0.015741718065976965 0.010161431843802405
3 0.4423575608753791 0.24407508389261745 0.016811543565606647 0.011240299916107404
3 0.20161625701589275 0.626566432466443 0.016872676451299713 0.010086161978292693
2 0.10264211507873983 0.6911178691275168 0.02025026838584431 0.014732821675755
3 0.9282417363642559 0.23990011535234904 0.01586398383736324 0.010316989565855673
3 0.322048041831329 0.625924129614094 0.01661286168710395 0.009890460327967693
3 0.4438247501320138 0.625281826761745 0.016307197258638374 0.010086161978292693
3 0.6871336351906109 0.6236760696308725 0.0168115435656065 0.010397277422399421
3 0.8084212804057508 0.6223914639261745 0.016246064372945238 0.00969977666867654
2 0.22081198312353081 0.312319761954698 0.02005158650734169 0.014120626769609904
3 0.5658459899754711 0.624639523909396 0.016368330144331512 0.010527745189282693
2 0.8274947407420026 0.30653903628355705 0.0206323489214262 0.013960051056522692
2 0.3416105652531258 0.3108745805369128 0.020601782478579706 0.014451814177852308
2 0.5844303872261779 0.3083053691275168 0.01963893952891312 0.014120626769609904
2 0.4628982104682656 0.30910824769295303 0.02020441872157453 0.014120626769609904
2 0.7062070955268627 0.30718133913590606 0.0199751704002253 0.013960051056522692
2 0.22215690660877938 0.6911178691275168 0.01930270865760101 0.01358871972000846
3 0.9301979887064356 0.6217491610738256 0.016368330144331512 0.008871808148070386
2 0.3430777545097605 0.6904755662751679 0.020479516707193432 0.014070446859270192
2 0.5858975764828127 0.6891909605704699 0.020280834828690843 0.01358871972000846
2 0.8289619299986373 0.6872640520134229 0.021488209321129832 0.014180842662017691
2 0.7076742847834976 0.6885486577181209 0.020204418721574385 0.013849655253775192
2 0.46460993126767286 0.6898332634228188 0.02107556234270134 0.014120626769609809