2 0.08356867090870093 0.7247711267605633 0.020965896904268227 0.015528169014084672
3 0.8241447415457209 0.6516549295774647 0.017574354757989383 0.010669014084506899
3 0.6963653749910631 0.6526584507042252 0.018123972259955656 0.011126760563380458
3 0.9524335096875669 0.6509683098591549 0.01723922213483926 0.010299295774647893
3 0.5696048116107814 0.6540140845070422 0.016984521341245406 0.010950704225352107
3 0.18716486737684992 0.6560387323943662 0.01750732823335952 0.011038732394366093
3 0.3137913777078716 0.6553521126760563 0.01730624865946956 0.010827464788732376
2 0.46312647458354184 0.7227464788732394 0.022239400872238607 0.014929577464788698
3 0.4413160434689354 0.6546830985915493 0.017507328233359445 0.010862676056337933
2 0.33585650961607205 0.7241021126760563 0.02154232501608641 0.014700704225352107
2 0.7184305068992636 0.7214084507042253 0.021193787088010098 0.01397887323943678
2 0.20897529849145632 0.7247711267605633 0.02033584757274615 0.014419014084507088
2 0.5906511403446056 0.7227464788732394 0.021046328733824317 0.013820422535211303
2 0.8457004718667334 0.7207394366197183 0.022802423679130636 0.014647887323943677
2 0.20743368842496604 0.3256161971830986 0.02108654464860231 0.01482394366197184
2 0.08151765925502252 0.3269718309859155 0.02068438550082221 0.015158450704225383
2 0.7163794952455851 0.31989436619718303 0.021166976478158295 0.014471830985915517
3 0.8220937298920425 0.2509683098591549 0.016716415242725362 0.010299295774647893
2 0.844158861800243 0.31920774647887323 0.021823836419532353 0.014700704225352107
2 0.33406019875598764 0.32427816901408446 0.021904268249088484 0.01522887323943659
2 0.5886001286909271 0.32123239436619716 0.02060395367126612 0.014524647887323947
3 0.6948237649245729 0.25165492957746477 0.017172195610209464 0.010669014084507088
3 0.3122497676413813 0.25501760563380277 0.016984521341245406 0.010457746478873275
3 0.5670443983699149 0.2526584507042253 0.017306248659469486 0.011126760563380269
2 0.4613301637234575 0.3220774647887324 0.02108654464860231 0.01482394366197184
3 0.4397744334024451 0.2538380281690141 0.017708407807249693 0.011126760563380269
3 0.9498730964467005 0.24963028169014082 0.01664938871809557 0.010792253521126725
3 0.18562325731035959 0.25670774647887323 0.017105169085579453 0.011302816901408524
0 0.06323282333595481 0.9498767605633801 0.009088796739829846 0.01086267605633831