3 0.32654744675335895 0.9879879479522183 0.01820248878094358 0.01053387638651884
2 0.2217358418477556 0.2832797834897611 0.02105534903281199 0.015453768264718424
3 0.2005254460621247 0.2168102069112628 0.018202488780943507 0.010870715457017942
2 0.3439126830690802 0.2816466243600682 0.02122590046091292 0.015882472536262827
3 0.4461195025273253 0.21419715230375427 0.018000928002278888 0.010493047408276463
3 0.20474271773879982 0.9873346843003412 0.018000928002278888 0.010334835117587317
2 0.4672058609107011 0.2806667288822526 0.02179957344634287 0.015759985601535787
3 0.449096400181449 0.9879879479522183 0.017721843847204835 0.010100068492694163
3 0.32307439949021466 0.21550367960750852 0.017520283068540143 0.01078905750053328
3 0.5696607551734566 0.21321725682593856 0.018000928002278888 0.011207554527517042
3 0.5731338024366008 0.9873346843003412 0.018388544884326282 0.010334835117587317
3 0.6932020078195879 0.2119107295221843 0.017861385924742006 0.01112589657103238
3 0.6961789054737115 0.9873346843003412 0.018202488780943434 0.010135793848656174
2 0.7145364410074739 0.2783803061006826 0.02110186305865774 0.015157758172461608
3 0.8187278589018014 0.986028156996587 0.017582301769667665 0.00982957651183862
2 0.5909951883613427 0.27985014931740615 0.021427461239577467 0.014647395944432635
3 0.8157509612476778 0.21093083404436858 0.01765982514607717 0.01037566409582979
3 0.20251004449820711 0.6015824978668941 0.017659825146077245 0.010707399544048712
3 0.5716453536095389 0.5996227069112627 0.018140470079815917 0.011085067592790097
2 0.8375815440445845 0.2778903583617747 0.02217168565310842 0.015392524797354952
2 0.5919874875793839 0.6656023357508531 0.020977825656402556 0.015106721949658777
3 0.3248109231217868 0.6009292342150171 0.01792340462586938 0.01078905750053328
3 0.6946904566466496 0.5986428114334471 0.018559096312426995 0.010993202391744793
2 0.22347236547932775 0.6685420221843004 0.021427461239577467 0.014871955324765432
2 0.46869430973776294 0.6669088630546075 0.02197012487444373 0.0159437160036263
2 0.3456492067006523 0.6678887585324231 0.020822778903583687 0.015157758172461512
3 0.4483521757679181 0.6002759705631399 0.017582301769667807 0.009982685180247397
3 0.8177355596837602 0.5976629159556314 0.017799367223614342 0.010656363321245787
2 0.7160248898345357 0.664949072098976 0.02069874150132836 0.014586152477069163
2 0.8390699928716464 0.6642958084470989 0.021753059420497198 0.015219001639825175
3 0.939292213893809 0.21044088630546073 0.01765982514607717 0.010952373413502556
3 0.9417729619389121 0.9847216296928326 0.01765982514607717 0.009564188153263634
3 0.9412768123298916 0.5966830204778156 0.018000928002278888 0.010375664095829696
0 0.08058127808139283 0.9200485281569966 0.009380328545545843 0.010748228522290902