3 0.2023515483936906 0.20761744966442955 0.0161227131809355 0.009731543624161105
1 0.9297133172077814 0.9621644295302015 0.010833645623956658 0.009815436241610768
3 0.20614587946717547 0.9653859060402686 0.01695312233843213 0.009932885906040382
2 0.10300906210608797 0.2744295302013423 0.019533778489421845 0.014848993288590672
3 0.32278642728170887 0.20585570469798659 0.0161227131809355 0.009664429530201347
1 0.9282441317752872 0.5806375838926175 0.010182093823459294 0.009261744966442886
3 0.5658407999182368 0.2034563758389262 0.01630157053793484 0.009848993288590624
3 0.44406449085272376 0.20458053691275171 0.016186590808435136 0.009630872483221491
3 0.8108626034817566 0.9634563758389263 0.01642932579293411 0.009815436241610768
3 0.3259547576056962 0.9653859060402686 0.016748713930433045 0.010083892617449616
3 0.6900700098797397 0.9640939597315439 0.01668483630293323 0.009815436241610768
3 0.5687791707832249 0.9647315436241611 0.016876469185432497 0.010050335570469996
3 0.6871316390147516 0.2024832214765101 0.016186590808435278 0.009479865771812115
3 0.44700286171771203 0.9653859060402686 0.016365448165434403 0.010167785234899232
2 0.10465710489558139 0.6516107382550337 0.020951861819916207 0.015738255033557115
3 0.20369297857118523 0.5857885906040269 0.016876469185432497 0.010083892617449616
3 0.44603192177971596 0.5844966442953021 0.016748713930433083 0.01
3 0.8098916635437606 0.5819295302013423 0.016250468435934987 0.009446308724832117
3 0.3242428371887031 0.5854530201342283 0.016812591557932754 0.010117449664429425
3 0.6890862944162437 0.5832046979865773 0.016748713930432937 0.009966442953020191
1 0.22289459339760845 0.27362416107382553 0.018294552515926786 0.012718120805369134
0 0.08375634517766499 0.9075671140939598 0.00949221544646204 0.010469798657718077
3 0.5673099853507308 0.5841778523489933 0.016748713930433083 0.01020134228187923
2 0.2246065138146016 0.6512919463087249 0.019827615575920637 0.014966442953020001
2 0.8309201785166764 0.6477684563758389 0.020875208666916535 0.014614093959731539
3 0.8079370081422683 0.20199664429530204 0.015215650870439376 0.007902684563758413
2 0.7096293394201616 0.6487248322147651 0.020632473682417704 0.014127516778523462
2 0.3452841276871189 0.6509731543624162 0.020721902360917123 0.014848993288590578
2 0.5878530303546486 0.6493624161073825 0.020875208666916535 0.014899328859060385
2 0.4665621912581338 0.6503355704697987 0.021782270977412876 0.015134228187919424
1 0.5863838449221546 0.2688087248322148 0.018639491704425467 0.0131208053691275
1 0.3438149422546248 0.2721812080536913 0.018792798010424883 0.014077181208053654
1 0.7081601539876674 0.26800335570469797 0.018933328790924152 0.012667785234899327
1 0.4650930058256397 0.27073825503355714 0.01930381903042283 0.01417785234899327
1 0.8299364630531804 0.26719798657718125 0.019201614826423272 0.013221476510067115
0 0.09071900657513714 0.8844463087248323 0.007563111095969727 0.010604026845637311