2 0.5883385003236467 0.6567617449664431 0.0209518618199161 0.01501677852349
3 0.4457253091677171 0.5921308724832215 0.01766855176642942 0.010117449664429425
3 0.20210881340919157 0.21582214765100674 0.017208632848431177 0.011107382550335576
2 0.4668049262426328 0.6577181208053692 0.02136067863591463 0.015369127516778462
3 0.5673099853507308 0.5915604026845639 0.01760467413892957 0.010805369127516921
3 0.324498347698702 0.5931711409395973 0.017004224440431984 0.010352348993288463
2 0.7101148093891596 0.6561073825503356 0.020632473682417704 0.014731543624160964
3 0.3225309167717099 0.2143624161073826 0.01668483630293323 0.010520134228187957
3 0.6886008244472457 0.5906040268456377 0.017745204919429127 0.010469798657718077
3 0.4438217558682247 0.21308724832214768 0.01713197969543147 0.010805369127516779
3 0.20382073382618474 0.5938087248322149 0.017272510475930886 0.010469798657718077
2 0.34552686267161786 0.6583557046979867 0.02005757503491976 0.01479865771812096
2 0.8314056484856744 0.6551510067114095 0.020632473682417704 0.014563758389261732
3 0.8098916635437606 0.5893120805369129 0.017208632848431177 0.01020134228187923
3 0.5653553299492385 0.21164429530201342 0.01754079651142986 0.010855704697986586
3 0.6871316390147516 0.21067114093959732 0.017272510475930886 0.01057046979865774
3 0.8084224781112663 0.20954697986577184 0.01687646918543264 0.010285234899328847
2 0.22472149354410115 0.659010067114094 0.02068357578441727 0.014614093959731539
2 0.46485027084114067 0.2776342281879195 0.02068357578441727 0.015436241610738269
2 0.3433166967601268 0.27875838926174495 0.020760228937416976 0.01573825503355702
2 0.5863838449221546 0.27667785234899334 0.021002963921916095 0.014899328859060385
2 0.7086583994821655 0.27555369127516777 0.020530269478417712 0.014899328859060385
2 0.223009573127108 0.28052013422818795 0.021156270227915365 0.015436241610738269
3 0.9292150717132832 0.20939597315436245 0.016608183149933523 0.01040268456375839
2 0.8294509930841822 0.27474832214765105 0.020721902360917123 0.014899328859060385
3 0.9311825026402754 0.5883557046979866 0.017068102067931475 0.010050335570469807
2 0.10465710489558139 0.6596476510067114 0.020760228937416976 0.015620805369127501
2 0.10300906210608797 0.2818120805369128 0.019865942152420563 0.016291946308724808
3 0.5687791707832249 0.9730872483221479 0.0174130412564303 0.010570469798657693
3 0.3262102681156952 0.9737248322147652 0.017208632848431177 0.010654362416107309
3 0.6900700098797397 0.9724496644295304 0.017272510475930886 0.010352348993288843
3 0.4474883316867101 0.9737248322147652 0.01700422444043191 0.010604026845637311
3 0.20626085919667494 0.9730872483221479 0.017208632848431177 0.010604026845637311
3 0.8113608489762547 0.9711577181208054 0.01695312233843206 0.010285234899329225
3 0.9321534425782715 0.9698825503355706 0.016493203420434106 0.009731543624161152