3 0.20377470569175937 0.1951418439716312 0.017158980451452623 0.010177304964539028
3 0.7160735500594015 0.18909574468085105 0.01683497137919853 0.01147163120567375
3 0.4594718652122259 0.19117021276595744 0.017037477049357447 0.012304964539007084
3 0.5879009612269144 0.18976950354609928 0.017104978939410178 0.011914893617021296
3 0.20532724916297657 0.5943085106382978 0.016834971379198677 0.011790780141843886
3 0.33259531266875475 0.5939716312056738 0.016146452100658914 0.011524822695035368
3 0.7181391078950211 0.5915957446808511 0.01722648234150564 0.01125886524822704
3 0.9729182417107679 0.18687943262411347 0.018036505022140437 0.01147163120567375
3 0.46161842531590885 0.5929432624113475 0.01729398423155837 0.01187943262411352
3 0.8452721676206933 0.5909042553191489 0.01683497137919853 0.010283687943262407
3 0.5894535046981315 0.5922695035460993 0.018252511070309927 0.011418439716312226
3 0.9749972999243979 0.5898936170212766 0.01683497137919853 0.01125886524822704
2 0.35275137703855713 0.2623936170212766 0.021276595744680764 0.015815602836879446
2 0.8659412463548979 0.25696808510638297 0.021479101414839823 0.015390070921985834
2 0.22536181013068365 0.26324468085106384 0.02111459120855379 0.01593971631205676
2 0.609609569067934 0.2590070921985816 0.021425099902797236 0.014804964539007131
2 0.7382951722648234 0.2581560283687943 0.02273463656982374 0.015336879432624073
2 0.4814369802354466 0.26154255319148934 0.021722108219030176 0.014982269503546112
2 0.22742736796630306 0.6642198581560284 0.02103358894049034 0.015567375886524815
2 0.3545604276919754 0.6635283687943263 0.022140619937358146 0.015939716312056665
2 0.7403607301004428 0.6615070921985815 0.022478129387622958 0.015691489361702223
2 0.09879576628145588 0.2651063829787234 0.020480073442056365 0.01569148936170213
2 0.48273301652446265 0.6628546099290781 0.02161410519494543 0.015514184397163148
2 0.6116751269035533 0.6625177304964539 0.022140619937358146 0.01563829787234056
3 0.20764931418079707 0.994078014184397 0.01791500162004533 0.010656028368794448
2 0.8680068041905173 0.6608156028368795 0.021978615401231246 0.01563829787234056
3 0.7191651366238255 0.9935106382978725 0.018536019008532148 0.010904255319149266
3 0.4630629657630414 0.9937943262411348 0.01890052921481796 0.012411347517730367
3 0.5915190625337509 0.994078014184397 0.018455016740468698 0.01062056737588667
3 0.8473377254563127 0.9927304964539008 0.017496489901717434 0.010336879432624074
3 0.3346608705043741 0.994078014184397 0.0172264823415055 0.010212765957446664
3 0.9754293120207366 0.990691489361702 0.01729398423155837 0.010443262411347784
2 0.09893077006156173 0.6648936170212766 0.020871584404363333 0.014308510638297965
3 0.331285776001728 0.19287234042553192 0.017536991035749013 0.010691489361702082
3 0.8440436332217303 0.18861702127659574 0.017604492925801744 0.009113475177304953