0 0.08398622343629011 0.9127648305084745 0.009270905730421346 0.010345872782044505
3 0.2040371192893401 0.6675052966101696 0.016982508415426343 0.010421908103813469
2 0.22478665684418822 0.7336864406779661 0.020070237218231115 0.013939808990995744
2 0.34681369913103327 0.7336864406779661 0.020764976198862188 0.01410201767743653
3 0.3255701249677364 0.6675052966101696 0.017044262991482338 0.010634807004767027
3 0.5716003559752215 0.6668564618644067 0.016858999263314068 0.010381355932203367
2 0.7148709724253635 0.7310911016949152 0.02037901009851144 0.014041189420021093
3 0.44833822216725455 0.6675052966101696 0.016920753839370205 0.010345872782044505
3 0.9381755194442054 0.27771782309322035 0.015963557910500872 0.010264768438824111
2 0.46933477802632706 0.7330376059322034 0.021614101619633463 0.014771128509004257
3 0.6941214348705153 0.6655587923728813 0.017244965363664818 0.010634807004767027
2 0.5923498935300696 0.7317399364406779 0.020487080606609788 0.013777600304555146
3 0.8156544405489116 0.2786910752118644 0.01543092469201696 0.010107628773834752
2 0.8373920513206573 0.7297934322033898 0.021737610771745592 0.01410201767743653
3 0.8166425137658091 0.6649099576271186 0.01614882163866914 0.010224216267214009
2 0.1011539955798847 0.35087394067796607 0.020610589758721917 0.014882646980932179
3 0.20243150031188162 0.2837195444915254 0.016658296891131803 0.01083756786281782
2 0.3448375526972382 0.34827860169491526 0.020934801283016388 0.01465961003707624
3 0.32408801514239005 0.2822596663135593 0.01628776943479527 0.010224216267214009
2 0.22330454701884195 0.34957627118644063 0.020656905690763984 0.014487263307733068
2 0.4676056498967564 0.34665651483050847 0.020687782978791983 0.014264226363877128
2 0.10368593319818464 0.7343352754237288 0.020487080606609753 0.014882646980932274
3 0.44685611234190825 0.28128641419491524 0.016781806043244005 0.010756463519597427
3 0.5691301729329777 0.2799887447033898 0.017121456211552543 0.010756463519597427
2 0.5903737470962745 0.34600768008474575 0.02025550094639931 0.014102017677436436
2 0.7133888626000171 0.3447100105932204 0.020533396538651855 0.01415270789194911
3 0.692639325045169 0.27885328389830505 0.01647303316296361 0.010421908103813564
3 0.9401516658780005 0.664261122881356 0.01614882163866914 0.010224216267214009
2 0.8364039781037598 0.34373675847457624 0.021135503655198725 0.014325054621292375
0 0.09479327424610684 0.6130031779661017 0.007040021670394921 0.011050466763771093