3 0.5658407999182368 0.6310570469798659 0.01700422444043191 0.012231543624160963
3 0.3225309167717099 0.6326677852348994 0.01649320342043407 0.009932885906040193
2 0.10318791946308725 0.6994630872483222 0.020274758968418915 0.015671140939597306
3 0.44406449085272376 0.6320302013422819 0.016953122338432203 0.010117449664429425
3 0.20210881340919157 0.6333053691275168 0.01681259155793279 0.010117449664429425
2 0.3435722072701258 0.6981879194630873 0.020926310768916243 0.014966442953020001
3 0.9292150717132832 0.6281711409395974 0.01695312233843206 0.01020134228187923
3 0.8079370081422683 0.6291275167785235 0.01642932579293411 0.01
2 0.46485027084114067 0.6981879194630873 0.021156270227915365 0.014848993288590578
2 0.5863838449221546 0.69753355704698 0.020721902360917123 0.014446308724832307
2 0.223009573127108 0.6988255033557048 0.02060692263141756 0.014731543624160964
3 0.6866461690457535 0.6304194630872485 0.01695312233843206 0.010285234899328847
2 0.7081601539876674 0.6962583892617451 0.02083688209041654 0.014228187919463077
2 0.22154038769461387 0.3189093959731544 0.020479167376418146 0.014848993288590672
2 0.3418602868531326 0.31810402684563766 0.02083688209041654 0.01332214765100673
2 0.8289655231151841 0.6956208053691275 0.02180782202841273 0.015369127516778462
2 0.1014248969440943 0.3200335570469799 0.01915051272442342 0.015620805369127501
1 0.46313835042414747 0.31810402684563766 0.01990426872892049 0.010687919463087212
0 0.08375634517766499 0.9075671140939598 0.00878956154396483 0.01040268456375846