3 0.19558919483231108 0.21371927042030134 0.015816259950411065 0.00918870461676378
3 0.5669711601200573 0.20921973588939072 0.01665144199399705 0.011378133296555511
3 0.4428291791726477 0.21037478881495017 0.016273000130497275 0.01196427955728717
3 0.6933576928096046 0.6014033031065752 0.01665144199399705 0.010809226631727637
3 0.32018791595980683 0.603713408957694 0.015777110792118024 0.011205737337516829
2 0.21653399451911784 0.2803330689928628 0.020709904737048167 0.014963969244560877
2 0.4633172386793684 0.2771954625383581 0.02044891034842743 0.014343343792021464
2 0.33967114707033796 0.27819535910078264 0.020605506981599873 0.014791573285522195
2 0.835730131802166 0.27438540840602693 0.020566357823306906 0.014912250456849244
2 0.5879551089651571 0.27621280557183736 0.021284092392013492 0.01473985449781056
2 0.7118360955239462 0.27538530496845154 0.02211927443559955 0.015136365203599561
2 0.21840010439775542 0.6706892390442367 0.020709904737048167 0.014963969244560877
2 0.589951716038105 0.6690514774333688 0.02149288790291008 0.014791573285522289
2 0.3414198094740963 0.6703616867220632 0.02153203706120319 0.015205323587215169
2 0.46531384575231627 0.669706582077716 0.020840401931358533 0.014567458538771876
3 0.19979120448910345 0.9924145778022962 0.01704293357692808 0.010395476330034757
2 0.7143416416547043 0.6680515808709443 0.02172778285266874 0.014843292073233733
2 0.8377267388751141 0.6673964762265973 0.021401539866892964 0.015308761162638245
2 0.09432337204750096 0.28231562252180803 0.019822523815737958 0.015136365203599561
3 0.5709643742659531 0.9924145778022962 0.018191308886858947 0.010809226631727826
3 0.4470703379877332 0.993086922042547 0.017708469267910736 0.011016101782574362
3 0.6938535821479838 0.991759473157949 0.017577972073600512 0.010602351480881293
3 0.32243246770194434 0.9924145778022962 0.016781939188307417 0.010447195117746201
3 0.8172517290878244 0.9904492638692547 0.01704293357692815 0.009861048857014732
3 0.9416416547044238 0.9891218149846567 0.016781939188307417 0.010395476330034757
2 0.09432337204750096 0.6716891356066613 0.020292313715255136 0.013171051270558148
3 0.3190003914915829 0.21209874840533735 0.01659924311627305 0.009636934110264462
3 0.691073991909174 0.20827155811467776 0.01704293357692815 0.00908526704134056
3 0.8147331332376354 0.2075819742785229 0.017199530210100594 0.009154225424956024
3 0.9387315672713037 0.20699582801779123 0.016938535821479857 0.009809330069303195
3 0.4444473443820957 0.6035237734027514 0.016390447605376463 0.011447091680170928
3 0.5682630823437295 0.6030065855256351 0.0168471877854626 0.009947246836534123
3 0.8166122928357039 0.6009205944212667 0.016116403497324693 0.009895528048822488
3 0.9407673235025446 0.5999551770506499 0.015685762756100625 0.008637037547839782
3 0.197585801905259 0.6044374719856567 0.01620775153334202 0.01037823673413088