2 0.46313835042414747 0.3224328859060403 0.020875208666916535 0.015436241610738269
2 0.34160477634313363 0.3238758389261745 0.021194596804415218 0.014848993288590672
2 0.5844291895206623 0.3216275167785235 0.020926310768916243 0.01468120805369125
2 0.8274963376826902 0.31954697986577185 0.021117943651415366 0.014614093959731539
3 0.20186607842469254 0.6403691275167787 0.01681259155793279 0.010687919463087307
2 0.7062054985861753 0.32018456375838933 0.020926310768916535 0.014395973154362404
3 0.4423525704357306 0.25771812080536916 0.016812591557932646 0.010469798657718172
2 0.46485027084114067 0.7046140939597316 0.021117943651415512 0.015134228187919424
2 0.10318791946308725 0.706526845637584 0.020402514223418402 0.015369127516778462
2 0.3435722072701258 0.705251677852349 0.021271249957414924 0.014681208053691346
3 0.6851769836132595 0.25483221476510065 0.01687646918543264 0.010083892617449616
3 0.3210745068647157 0.2586912751677853 0.016301570537934768 0.009848993288590577
2 0.2210549177256158 0.325 0.020530269478417854 0.014395973154362404
3 0.8079370081422683 0.636526845637584 0.016557081047933814 0.009966442953020191
2 0.22289459339760845 0.7058892617449665 0.02072190236091705 0.014228187919463077
3 0.6866461690457535 0.63748322147651 0.017068102067931475 0.010570469798657693
3 0.927260416311791 0.25387583892617455 0.01687646918543264 0.010469798657718172
2 0.7081601539876674 0.7033221476510069 0.020606922631417706 0.013892617449664423
3 0.9287296017442853 0.6355536912751679 0.01668483630293323 0.009966442953020191
2 0.5863838449221546 0.7046140939597316 0.020926310768916243 0.014731543624160964
3 0.20026913773719893 0.2599664429530201 0.016876469185432497 0.010805369127516732
3 0.5653553299492385 0.6384563758389262 0.016429325792934255 0.010973154362415964
3 0.44406449085272376 0.6394127516778524 0.016429325792934255 0.010285234899328847
3 0.3225309167717099 0.6400503355704699 0.016365448165434546 0.010083892617449616
3 0.8064678227097742 0.25451342281879197 0.01687646918543264 0.010117449664429519
2 0.8289655231151841 0.702030201342282 0.021322352059414778 0.014446308724832307
2 0.1008755493475965 0.32644295302013426 0.01982761557592071 0.014731543624161058
3 0.5634006745477464 0.25627516778523496 0.016365448165434403 0.010906040268456346
0 0.08375634517766499 0.9075671140939598 0.008751234967464995 0.01040268456375846