0 0.060414191597364726 0.9448758865248226 0.009814774813694797 0.010407801418439628
3 0.18082406307376608 0.21624113475177306 0.018252511070309927 0.010531914893617038
3 0.30834863376174537 0.21505319148936167 0.018252511070309927 0.010372340425531945
3 0.5649503186089211 0.2118439716312057 0.018320012960362946 0.011329787234042498
3 0.6951884652770278 0.6136524822695036 0.018603520898585166 0.010904255319148888
3 0.438586780429852 0.615354609929078 0.019076034128955584 0.01125886524822704
3 0.5665028620801382 0.6143262411347518 0.019616049249378875 0.011914893617021296
3 0.4365212225942326 0.21352836879432624 0.01903553299492386 0.011258865248226944
3 0.821808510638298 0.21014184397163121 0.018252511070309927 0.010336879432624168
3 0.18263311372718435 0.6170567375886524 0.01818500918025705 0.011205673758865373
3 0.6931229074414084 0.21099290780141844 0.017496489901717434 0.01049645390070926
2 0.33212279943838424 0.6856028368794326 0.02261313316772871 0.016826241134751854
2 0.5892374986499621 0.6849290780141845 0.02284263959390863 0.01563829787234056
3 0.3104141915973647 0.6163652482269504 0.018455016740468698 0.010815602836879445
2 0.4605518954530727 0.6849290780141845 0.022572632033696985 0.016826241134751854
2 0.7174100874824495 0.683563829787234 0.02257263203369684 0.015567375886524815
3 0.8238740684739172 0.6129787234042554 0.018671022788637897 0.010336879432624263
2 0.20447672534830974 0.6862765957446808 0.02223512258343232 0.016436170212765926
2 0.8455826763149368 0.6822163120567375 0.02261313316772871 0.015939716312056665
3 0.9499675990927745 0.20895390070921985 0.018603520898585166 0.010691489361702082
3 0.9525596716708068 0.6119503546099291 0.01875202505670164 0.010691489361702035
2 0.07915271627605572 0.28650709219858156 0.014769413543579227 0.01563829787234037
2 0.3305702559671671 0.28328014184397166 0.02270763581380288 0.01682624113475176
2 0.2027891780969867 0.2846276595744681 0.02219462144940059 0.01631205673758861
2 0.71534452964683 0.2797163120567375 0.02278863808186633 0.016063829787234075
2 0.8435036181013068 0.27886524822695036 0.021641105950966726 0.01593971631205676
2 0.08069175936926233 0.6876418439716312 0.014769413543579227 0.0158687943262413
2 0.4587428447996544 0.2824290780141844 0.02219462144940059 0.015744680851063796
2 0.5871719408143428 0.2810638297872341 0.02270763581380288 0.01611702127659574