3 0.15652338265471433 0.17918439716312057 0.017158980451452623 0.010177304964539028
3 0.6688222270223566 0.17313829787234045 0.01683497137919853 0.01147163120567375
3 0.41222054217518084 0.17521276595744678 0.017037477049357447 0.012304964539007084
3 0.5406496381898693 0.17381205673758865 0.017104978939410178 0.011914893617021296
3 0.15807592612593152 0.5783510638297872 0.01683497137919864 0.011790780141843886
3 0.2853439896317097 0.5780141843971631 0.01614645210065884 0.011524822695035368
3 0.6708877848579761 0.5756382978723404 0.01722648234150564 0.01125886524822704
3 0.9256669186737227 0.17092198581560283 0.018036505022140437 0.01147163120567375
3 0.4143671022788638 0.5769858156028369 0.01729398423155837 0.01187943262411352
3 0.7980208445836483 0.5749468085106383 0.01683497137919853 0.010283687943262407
3 0.5422021816610865 0.5763120567375887 0.018252511070309927 0.011418439716312226
3 0.9277459768873529 0.5739361702127659 0.01683497137919853 0.01125886524822704
2 0.30550005400151203 0.24643617021276598 0.021276595744680837 0.015815602836879446
2 0.8186899233178528 0.24101063829787236 0.021479101414839823 0.015390070921985834
2 0.17811048709363864 0.2472872340425532 0.02111459120855379 0.01593971631205676
2 0.5623582460308889 0.24304964539007093 0.021425099902797236 0.014804964539007131
2 0.6910438492277784 0.24219858156028365 0.02273463656982374 0.015336879432624073
2 0.4341856571984016 0.2455851063829787 0.021722108219030176 0.014982269503546112
2 0.18017604492925804 0.6482624113475177 0.02103358894049034 0.015567375886524815
2 0.30730910465493033 0.6475709219858157 0.02214061993735822 0.015939716312056665
2 0.6931094070633977 0.6455496453900709 0.022478129387622958 0.015691489361702223
2 0.05154444324441085 0.24914893617021278 0.020480073442056365 0.01569148936170213
2 0.43548169348741766 0.6468971631205674 0.02161410519494543 0.015514184397163148
2 0.5644238038665083 0.6465602836879434 0.022140619937358146 0.01563829787234056
3 0.16039799114375206 0.9781205673758865 0.01791500162004533 0.010656028368794448
2 0.8207554811534724 0.6448581560283688 0.021978615401231246 0.01563829787234056
3 0.6719138135867805 0.9775531914893617 0.018536019008532148 0.010904255319149266
3 0.41635165784641964 0.9788120567375885 0.018252511070309927 0.010904255319149266
3 0.5442677394967058 0.9781205673758865 0.018455016740468698 0.01062056737588667
3 0.8000864024192678 0.97677304964539 0.017496489901717434 0.010336879432624074
3 0.28740954746732905 0.9781205673758865 0.017226482341505568 0.010212765957446664
3 0.9281779889836915 0.9747340425531915 0.01729398423155837 0.010443262411347784
2 0.05167944702451669 0.648936170212766 0.020871584404363333 0.014308510638297965
3 0.284034452964683 0.17691489361702128 0.017536991035749013 0.010691489361702082
3 0.7967923101846853 0.17265957446808508 0.017604492925801744 0.009113475177304953