3 0.19243263840886504 0.23956111348122866 0.016729544629163588 0.011166725549274758
2 0.09159023037542662 0.30782716510238906 0.020264610593435435 0.015106721949658682
3 0.3148575544346999 0.2380912702645051 0.016543488525780886 0.010416493074072074
3 0.5611958353134315 0.23596816339590443 0.01672954462916366 0.010952373413502603
3 0.43815073227632084 0.23727469069965867 0.017194684887620416 0.010829886478775563
3 0.6847370879595628 0.23482495200511944 0.016791563330291037 0.010707399544048618
3 0.808278340605694 0.23433500426621157 0.016093852942606048 0.009941856202005113
3 0.19404512463818202 0.6256399317406143 0.017194684887620416 0.010258280783383119
3 0.9313234436428046 0.2333551087883959 0.016093852942606048 0.010294006139345129
2 0.09357482881150904 0.6916195605802047 0.020466171372100054 0.015157758172461512
3 0.3165940780662721 0.6253132999146758 0.016667525928035998 0.010258280783383119
2 0.213643034194496 0.3068472696245733 0.02049718072266381 0.014361593096736366
3 0.6867216863956451 0.6227002453071672 0.016931105407828207 0.01078905750053328
3 0.439887255907893 0.6249866680887372 0.0168535820314187 0.010018410536209407
3 0.8097667894327558 0.6217203498293514 0.01627990904598875 0.010100068492694163
2 0.8296127737935801 0.3004779490187713 0.021024339682248233 0.01431055687393344
3 0.5636765833585345 0.6240067726109214 0.01635743242239811 0.010375664095829696
2 0.33594391281807573 0.3052141104948805 0.020822778903583687 0.015341488574552026
2 0.7060715211474489 0.301457844496587 0.020419657346254304 0.014034961270797813
2 0.5825302685013176 0.302601055887372 0.020109563840616563 0.014137033716403569
2 0.4589890158551864 0.3035809513651877 0.020574704099073318 0.014524909009705595
3 0.9338041916879076 0.6213937180034129 0.016093852942606048 0.010217451805140741
0 0.07428701276083292 0.9104628839590443 0.00892294062472999 0.01057470536476103
2 0.2150074456193027 0.6909662969283276 0.01992350773723379 0.013983925047994793
2 0.8306050730116213 0.687699978668942 0.021706545394651666 0.01452490900970569
2 0.33768043644964785 0.6909662969283276 0.02122590046091292 0.014361593096736366
2 0.7075599699745106 0.6883532423208191 0.020342133969844797 0.01392268158063132
2 0.5840187173283794 0.6896597696245733 0.020667732150764673 0.014085997493600644
2 0.4609736142912688 0.6903130332764504 0.021132872409221428 0.014647395944432635