2 0.10245871642166049 0.6911178691275168 0.020326684492960698 0.014793037568162692
2 0.583941324140633 0.30910824769295303 0.019455540871833852 0.013638899630348172
2 0.4628982104682656 0.3099111262583893 0.020128002614458074 0.013899835164114905
3 0.32033632103192183 0.24584141673657722 0.01630719725863841 0.010276845637583847
3 0.4421130293326066 0.24455681103187923 0.016949092558416097 0.010608033045826346
2 0.7062070955268627 0.30782364198825507 0.019898754293108844 0.013749295433095672
3 0.200149067759258 0.24728659815436246 0.016246064372945238 0.010648176974098172
3 0.6846883197628864 0.24230875104865773 0.01655172880141078 0.010608033045826346
3 0.4435802185892414 0.6256029781879195 0.01604738249444265 0.01020157577207423
3 0.3222925733741015 0.6262452810402686 0.01661286168710395 0.010241719700346152
3 0.20149399124450654 0.6268875838926175 0.017132491215495437 0.010046018050020962
3 0.5658459899754711 0.6249606753355705 0.015986249608749514 0.010437421350671154
3 0.5634006745477464 0.24343278104026847 0.01727004020830496 0.010608033045826346
3 0.806954091149116 0.24166644819630875 0.015741718065976965 0.009965730193477308
3 0.6871336351906109 0.623997221057047 0.01694909255841595 0.010241719700346152
2 0.34136603371035334 0.31183803481543626 0.020372534157230476 0.014622425873007595
3 0.9282417363642559 0.24038184249161076 0.015986249608749514 0.010567889117554519
3 0.8084212804057508 0.622712615352349 0.016123798601558964 0.01000587412174923
2 0.8279838038275475 0.30718133913590606 0.020724048249965835 0.014010230966862405
2 0.22081198312353081 0.3132832162332215 0.02017385227872789 0.014010230966862405
3 0.9306870517919805 0.622712615352349 0.016689277794220227 0.010046018050020962
2 0.22215690660877938 0.6911178691275168 0.019593089864643302 0.013799475343435385
2 0.5858975764828127 0.6898332634228188 0.02032668449296066 0.01358871972000846
2 0.46460993126767286 0.6904755662751679 0.020831030799928933 0.014070446859270192
2 0.3430777545097605 0.6904755662751679 0.020678198585696164 0.013749295433095578
2 0.10050246407948081 0.31408609479865773 0.019822338185992494 0.014853253460570481
2 0.7076742847834976 0.6885486577181209 0.020204418721574385 0.013799475343435385
2 0.8294509930841822 0.6879063548657719 0.021656324756785923 0.014281202482697116