3 0.1919634118491452 0.21123555645105677 0.017843643461274948 0.010280834700828405
2 0.21294491387185172 0.2778908378012619 0.021122003152322866 0.015436719706258848
3 0.3188515431293227 0.9908053692721441 0.01792169964439512 0.010007572795540641
3 0.43924539997390055 0.20843075500810257 0.017984144590891333 0.010559252491121598
3 0.3153546261255383 0.20991564988966657 0.017234805232937453 0.01036332886091523
3 0.19595988842489886 0.9908053692721441 0.01818709066700378 0.010203496425746772
3 0.44199297761973116 0.9908053692721441 0.01784364346127502 0.010239587620785064
2 0.46022690199660704 0.27492104803813394 0.021949398693396842 0.01585950227670416
3 0.563635733394232 0.20727583676688616 0.01778119851477874 0.0113738823219796
2 0.33608634836226015 0.2760759662793504 0.021324949228435315 0.015797631656639007
3 0.5666330908260472 0.990145415991449 0.01860859405585286 0.010481914216040155
3 0.6905238646744094 0.989485462710754 0.01812464572050764 0.010559252491121503
3 0.6875265072425942 0.20612091852566974 0.01812464572050764 0.010940787981523474
3 0.8144146385227716 0.9888255094300589 0.017984144590891333 0.010481914216040155
2 0.7090075688372699 0.2729411881960486 0.021777675090532318 0.015086119525889547
2 0.5846172354169384 0.2745910713977864 0.021168836862194968 0.014673648725455093
3 0.8114172810909565 0.20496600028445333 0.01770314233165871 0.010481914216040155
3 0.19358698045804512 0.6014329336620349 0.01798414459089126 0.01089954090148004
3 0.31685330484144586 0.6004430037409922 0.017781198514778808 0.010481914216040155
3 0.5651344121101396 0.599123097179602 0.01784364346127502 0.01098203506156691
2 0.8333979022576014 0.27211624659517974 0.02165278519754004 0.015199548996008996
3 0.4409938584757927 0.5997830504602971 0.01812464572050764 0.010239587620784875
3 0.689524745530471 0.5981331672585594 0.018577371582604647 0.010858293821436603
2 0.5856163545608769 0.6654484018894596 0.020762944709969925 0.01526141961607415
2 0.3378348068641524 0.667428261731545 0.020638054816977648 0.01496237828575924
2 0.21506804205272081 0.66808821501224 0.021122003152322866 0.015024248905824393
2 0.46197536049849924 0.6667683084508498 0.021652785197540186 0.015436719706258753
3 0.9358076145112879 0.20463602364410577 0.01784364346127502 0.010765487891338825
3 0.938305412371134 0.9875056028686687 0.018265146850123953 0.01044066713599672
3 0.8134155193788333 0.5971432373375167 0.01804658953738747 0.010559252491121692
2 0.7110058071251468 0.6654484018894596 0.021496672831299697 0.014013695444760024
2 0.8348965809735089 0.6641284953280694 0.022152344769509436 0.015024248905824393
3 0.9378058527991647 0.5968132606971691 0.017984144590891333 0.010481914216040155
0 0.07131977521858279 0.9221702280798536 0.009195018371558134 0.01089954090148004