2 0.21654879146660846 0.7126346982758621 0.02144547874154298 0.014396720096982752
2 0.34011485159319077 0.711974676724138 0.02172744997408331 0.01508768015894399
2 0.4646834761021388 0.7113146551724139 0.02177444517950677 0.015675511853448256
2 0.5892521006110869 0.7113146551724139 0.021602129426287607 0.014510161301185273
2 0.7135700840244434 0.7093345905172415 0.02132015819374713 0.014572038321659497
2 0.8378880674378001 0.7086745689655173 0.021899765727302616 0.014798920730064728
3 0.31881035846791794 0.6443224676724139 0.017231575321911833 0.010204551959859979
3 0.4431283418812746 0.6439924568965517 0.017435221212079924 0.010983171134159496
2 0.09179218613596683 0.3228919719827586 0.02052123970154953 0.015139244342672385
3 0.6920149498035794 0.6420123922413794 0.017638867102247865 0.010642847521551743
2 0.3383603639240506 0.319921875 0.02210341161747056 0.015262998383620736
3 0.8163329332169358 0.6410223599137931 0.017027929431743888 0.010085954337284497
2 0.0937973149006984 0.7126346982758621 0.021476808878491942 0.015861142914870736
3 0.9381445056743781 0.24814453125 0.01729423559580983 0.010725350215517248
2 0.46267834733740726 0.3189318426724138 0.021476808878491904 0.015613634832974128
2 0.5872469718463553 0.3179418103448276 0.020912866413411245 0.014912361934267248
2 0.7120662374508949 0.3164567618534483 0.021476808878491904 0.014912361934267248
2 0.21479430379746836 0.32140692349137934 0.021038186961206875 0.014963926117995735
3 0.1948683366979485 0.6446524784482759 0.01702792943174382 0.01060159617456899
3 0.8148290866433873 0.2489695581896552 0.01716891504801384 0.01036440092941812
2 0.8358829386730686 0.31579674030172417 0.021602129426287607 0.015139244342672385
3 0.6900098210388477 0.2494645743534483 0.01756054175987548 0.010240646888469863
3 0.1931138490288084 0.2545797413793104 0.01710625477411613 0.010941919787176744
3 0.9401496344391097 0.6397023168103448 0.017372560938181927 0.010364400929418024
3 0.3173065118943693 0.25309469288793107 0.01710625477411613 0.01060159617456899
3 0.4416244953077259 0.25210466056034486 0.01716891504801398 0.010818165746228488
3 0.566193119816674 0.2504546066810345 0.0163856616242907 0.012004141971982752
3 0.5676969663902226 0.6436624461206897 0.017372560938182072 0.011509125808189727