3 0.19965517241379313 0.24293103448275863 0.016905281536446996 0.010948275862068991
2 0.09777826276735052 0.31125862068965515 0.02016586643387169 0.014844827586206956
3 0.3236097773897861 0.24144827586206896 0.016656481885639503 0.010086206896551743
3 0.5722391968572675 0.2394655172413793 0.01710170231340012 0.010517241379310368
3 0.8213793103448277 0.2375 0.015949367088607766 0.010051724137931047
3 0.6965604539502401 0.2381551724137931 0.016905281536447214 0.010155172413793044
3 0.4479179397642951 0.24062068965517242 0.017298123090353605 0.010896551724137945
3 0.20129201222173723 0.6331724137931035 0.017376691401134868 0.010448275862068878
2 0.09996508075076387 0.7005000000000001 0.020676560453950228 0.014965517241379303
3 0.3251025752946312 0.632844827586207 0.016591008293321725 0.010396551724137832
3 0.9457005674378003 0.2366724137931035 0.015949367088607766 0.010396551724137927
2 0.22109122653862942 0.3102586206896552 0.020637276298559597 0.014465517241379284
3 0.6985639458751638 0.6302068965517242 0.017023134002619074 0.010758620689655156
3 0.4494238323876037 0.6321896551724138 0.016708860759493727 0.010448275862068878
3 0.5742426887821912 0.6311896551724138 0.016905281536446926 0.010603448275862017
3 0.8228852029681362 0.6292241379310345 0.016525534701003656 0.010206896551723995
2 0.842435617634221 0.3041551724137931 0.020519423832387806 0.014396551724137983
2 0.46897424705368834 0.3067931034482759 0.020637276298559524 0.014465517241379284
2 0.7181143605412484 0.30465517241379314 0.02063727629855967 0.014068965517241452
2 0.5932955041466609 0.3059655172413793 0.020558707987778334 0.014344827586206843
2 0.34465298996071586 0.30894827586206897 0.020833697075512865 0.014672413793103469
3 0.9471933653426452 0.627896551724138 0.016905281536447214 0.009517241379310235
2 0.22271497162811002 0.6998448275862069 0.02016586643387165 0.014068965517241357
2 0.346407682234832 0.6991724137931035 0.020964644260148425 0.014396551724137983
2 0.843928415539066 0.6965344827586207 0.02180270624181601 0.014465517241379379
2 0.7196202531645569 0.6972068965517242 0.020676560453950193 0.01401724137931031
2 0.5952989960715845 0.6985172413793104 0.020833697075512865 0.013793103448275777
2 0.47072893932780446 0.6991724137931035 0.021147970318638066 0.014568965517241472
0 0.08010039284155392 0.920948275862069 0.009087734613705784 0.010810344827586202