0 0.0831407245426362 0.9069316275167787 0.009177574464678873 0.010241719700345963
3 0.20198305433005148 0.6641411493288591 0.016811543565606574 0.010316989565855769
2 0.22252370392293805 0.7296560402684564 0.01986818785026235 0.013799475343435385
2 0.343322286052533 0.7296560402684564 0.02055593281430989 0.013960051056522692
3 0.3222925733741015 0.6641411493288591 0.016872676451299674 0.010527745189282693
3 0.5658459899754711 0.6634988464765101 0.016689277794220372 0.010276845637583847
2 0.7076742847834976 0.7270868288590605 0.020173852278728033 0.013899835164114999
3 0.4438247501320138 0.6641411493288591 0.01675041067991351 0.010241719700346152
3 0.9287307994498009 0.2782777107802014 0.015802850951670246 0.010161431843802405
2 0.46460993126767286 0.7290137374161075 0.0213965099925902 0.014622425873007501
3 0.6871336351906109 0.6622142407718121 0.017071358329802225 0.010527745189282693
2 0.5863866395683577 0.7277291317114094 0.020280834828690843 0.013638899630348079
3 0.807443154234661 0.27924116505872487 0.015275579812567063 0.010005874121749135
2 0.8289619299986373 0.7258022231543625 0.021518775763976473 0.013960051056522692
3 0.8084212804057508 0.6615719379194632 0.015986249608749514 0.010121287915530578
2 0.10013566676532212 0.35069735738255037 0.020403100600077082 0.014732821675755
3 0.2003935993020305 0.2842190121644296 0.016490595915717714 0.010728464830641826
2 0.34136603371035334 0.3481281459731544 0.02072404824996598 0.014512030070260095
3 0.32082538411746675 0.2827738307466443 0.016123798601559033 0.010121287915530578
2 0.2210565146663033 0.3494127516778524 0.020448950264346934 0.014341418375104904
2 0.4628982104682656 0.3465223888422819 0.020479516707193432 0.014120626769609904
2 0.10264211507873983 0.7302983431208054 0.020280834828690843 0.014732821675755
3 0.4423575608753791 0.2818103764681208 0.016612861687103915 0.010648176974098172
3 0.5634006745477464 0.28052577076342283 0.016949092558416097 0.010648176974098172
2 0.5844303872261779 0.3458800859899329 0.020051586507341616 0.013960051056522692
2 0.7062070955268627 0.34459548028523496 0.02032668449296066 0.014010230966862405
3 0.6856664459339761 0.2794017407718121 0.01630719725863852 0.010316989565855673
3 0.9306870517919805 0.6609296350671141 0.015986249608749514 0.010121287915530578
2 0.8279838038275475 0.34363202600671144 0.020922730128468566 0.014180842662017596
0 0.09383897953893129 0.6101877097315437 0.0069691489690151065 0.010939220454068845