3 0.20186607842469254 0.21614093959731542 0.017464143358430155 0.010771812080536923
3 0.446760126733213 0.9730872483221479 0.017885735699928396 0.010318791946308845
2 0.22239634790311044 0.2808389261744967 0.020479167376418146 0.01531879194630875
3 0.32571202262119714 0.9724496644295304 0.018294552515926824 0.010570469798657693
3 0.4438217558682247 0.2134060402684564 0.017809082546928836 0.010469798657718148
3 0.3225309167717099 0.21453020134228193 0.017413041256430374 0.01023489932885904
3 0.20564763397267743 0.9724496644295304 0.018013490954927956 0.010469798657718077
2 0.34307396177562777 0.2792449664429531 0.02079855551391683 0.015671140939597306
2 0.46436480087214266 0.27812080536912753 0.021565087043913755 0.015436241610738269
3 0.5653553299492385 0.21244966442953023 0.017336388103430737 0.01093959731543625
3 0.5687791707832249 0.9724496644295304 0.018269001464926934 0.01040268456375846
3 0.6900700098797397 0.9718120805369129 0.01812847068442766 0.010285234899329225
3 0.6871316390147516 0.21098993288590606 0.017464143358430297 0.010721476510067116
2 0.7081601539876674 0.2761912751677853 0.02095186181991624 0.01479865771812077
3 0.8108626034817566 0.9711577181208054 0.01741304125643059 0.009882550335570764
3 0.8084224781112663 0.21020134228187923 0.017068102067931475 0.01028523489932887
2 0.5863838449221546 0.27731543624161076 0.020376963172418584 0.014513422818791923
2 0.8289655231151841 0.27538590604026847 0.021654515722413316 0.014899328859060385
3 0.5673099853507308 0.5938087248322149 0.01754079651142986 0.010855704697986539
3 0.20357799884168573 0.5957382550335572 0.01760467413892957 0.011073825503355767
3 0.3242428371887031 0.5951006711409397 0.017068102067931766 0.010687919463087307
2 0.34454314720812185 0.6602852348993289 0.020555820529417852 0.015318791946308655
2 0.22436377883010258 0.6615771812080538 0.020875208666916462 0.014731543624160964
3 0.44577641126971695 0.5944463087248323 0.01766855176642942 0.010520134228187886
2 0.5878530303546486 0.6596476510067114 0.02068357578441727 0.01479865771812096
2 0.46607672128913574 0.6602852348993289 0.02148843389091405 0.01520134228187904
3 0.6886008244472457 0.5928523489932886 0.01793683780192825 0.010771812080536923
3 0.9301987871767793 0.20954697986577184 0.01741304125643059 0.010771812080536899
2 0.7096293394201616 0.6583557046979867 0.02076022893741683 0.014010067114094037
3 0.9321534425782715 0.9698825503355706 0.01713197969543147 0.009848993288590388
3 0.8098916635437606 0.5918791946308725 0.017540796511430007 0.010318791946308655
2 0.8309201785166764 0.6570805369127517 0.021322352059414778 0.014614093959731539
3 0.9316679726092735 0.5912416107382551 0.017885735699928542 0.010352348993288463