3 0.6900700098797397 0.9730872483221479 0.018396756719926494 0.01020134228187923
3 0.5682937008142268 0.9743791946308726 0.018051817531427813 0.01020134228187923
3 0.20149558818519403 0.2154865771812081 0.01793683780192825 0.010771812080536923
3 0.32571202262119714 0.9743791946308726 0.018077368582427665 0.01040268456375846
2 0.2221536129186114 0.2813255033557047 0.020479167376418073 0.015134228187919424
3 0.44651739174871397 0.9743791946308726 0.01766855176642942 0.010352348993288843
3 0.20564763397267743 0.9743791946308726 0.017809082546928763 0.00996644295302038
2 0.22410826832010358 0.6596476510067114 0.020632473682417416 0.0143959731543625
2 0.46631945627363475 0.6583557046979867 0.02165451572241346 0.015251677852349039
3 0.8108626034817566 0.9724496644295304 0.01741304125643059 0.010117449664429614
2 0.3428312267911287 0.2795637583892618 0.021117943651415512 0.01585570469798654
2 0.34454314720812185 0.659010067114094 0.02040251422341844 0.014681208053691346
3 0.32228818178721086 0.21389261744966448 0.01754079651142986 0.01065436241610738
2 0.4641220658876436 0.27859060402684566 0.02148843389091405 0.015620805369127501
2 0.5873675603856505 0.6570805369127517 0.020530269478418 0.014513422818791923
3 0.4435790208837257 0.21276845637583894 0.017885735699928396 0.01090604026845637
2 0.7081601539876674 0.2763590604026846 0.020926310768916535 0.014899328859060385
3 0.6871316390147516 0.21067114093959732 0.017604674138929424 0.011023489932885914
3 0.5653553299492385 0.21179530201342284 0.017745204919428985 0.011157718120805384
2 0.5863838449221546 0.27795302013422823 0.02083688209041654 0.01468120805369125
3 0.2030797533471877 0.5944463087248323 0.01754079651142986 0.010469798657718077
3 0.8079370081422683 0.20971476510067116 0.017336388103430595 0.010117449664429519
2 0.7096293394201616 0.6567617449664431 0.020402514223418294 0.014278523489932885
2 0.8309201785166764 0.6554697986577183 0.021399005212414484 0.014614093959731539
2 0.8289655231151841 0.2757046979865772 0.021654515722413316 0.01520134228187923
3 0.32400010220420405 0.5938087248322149 0.017413041256430336 0.01043624161073827
3 0.9301987871767793 0.20907718120805371 0.017885735699928542 0.010771812080536899
3 0.5673099853507308 0.59251677852349 0.017464143358430155 0.010939597315436155
3 0.6886008244472457 0.5915604026845639 0.018013490954927956 0.01060402684563769
3 0.9321534425782715 0.9711577181208054 0.017668551766429133 0.009630872483221538
3 0.4455336762852179 0.5934899328859061 0.017885735699928396 0.01020134228187923
3 0.8098916635437606 0.5906040268456377 0.01741304125643059 0.010117449664429425
3 0.9321534425782715 0.5899496644295303 0.017464143358430297 0.010117449664429425