3 0.19428422288920785 0.20337551287797812 0.015816259950411065 0.009188704616763733
3 0.5656661881769541 0.19887597834706752 0.01665144199399705 0.011378133296555511
3 0.4415242072295445 0.20003103127262695 0.016273000130497275 0.01196427955728717
3 0.6920527208665014 0.591059545564252 0.01665144199399705 0.010809226631727637
3 0.3188829440167036 0.5933696514153707 0.015777110792118024 0.011205737337516829
2 0.2152290225760146 0.26998931145053956 0.020709904737048167 0.014963969244560877
2 0.46201226673626516 0.26685170499603483 0.02044891034842743 0.014343343792021464
2 0.33836617512723477 0.26785160155845944 0.020605506981599873 0.014791573285522195
2 0.8344251598590628 0.26404165086370374 0.020566357823306906 0.014912250456849244
2 0.586650137022054 0.2658690480295141 0.021284092392013492 0.01473985449781056
2 0.710531123580843 0.26504154742612834 0.02211927443559955 0.015136365203599561
2 0.21709513245465223 0.6603454815019135 0.020709904737048167 0.014963969244560877
2 0.588646744095002 0.6587077198910456 0.02149288790291008 0.014791573285522289
2 0.34011483753099303 0.66001792917974 0.02153203706120319 0.015205323587215169
2 0.4640088738092131 0.6593628245353929 0.020840401931358533 0.014567458538771876
3 0.19848623254600026 0.9820708202599728 0.01704293357692808 0.010395476330034757
2 0.7130366697116011 0.6577078233286211 0.02172778285266874 0.014843292073233733
2 0.8364217669320109 0.657052718684274 0.021401539866892964 0.015308761162638245
2 0.09301840010439776 0.27197186497948483 0.019822523815737958 0.015136365203599561
3 0.56965940232285 0.9820708202599728 0.018191308886858947 0.010809226631727826
3 0.44576536604462996 0.9827431645002239 0.017708469267910736 0.011016101782574362
3 0.6925486102048807 0.9814157156156259 0.017577972073600512 0.010602351480881293
3 0.32112749575884114 0.9820708202599728 0.016781939188307417 0.010447195117746201
3 0.8159467571447213 0.9801055063269316 0.01704293357692815 0.009861048857014732
3 0.9403366827613205 0.9787780574423336 0.016781939188307417 0.010395476330034757
2 0.09301840010439776 0.661345378064338 0.020292313715255136 0.013171051270558148
3 0.31769541954847963 0.20175499086301416 0.01659924311627305 0.009636934110264462
3 0.6897690199660707 0.19792780057235457 0.01704293357692815 0.00908526704134056
3 0.8134281612945321 0.19723821673619968 0.017199530210100594 0.009154225424956024
3 0.9374265953282004 0.196652070475468 0.016938535821479857 0.009809330069303195
3 0.4431423724389925 0.5931800158604281 0.016390447605376463 0.011447091680170928
3 0.5669581104006263 0.5926628279833119 0.0168471877854626 0.009947246836534123
3 0.8153073208926007 0.5905768368789435 0.016116403497324693 0.009895528048822488
3 0.9394623515594412 0.5896114195083266 0.015685762756100625 0.008637037547839782
3 0.19628082996215582 0.5940937144433334 0.01620775153334202 0.01037823673413088