3 0.3245207727505987 0.9745961782094595 0.01787987629762869 0.01038669895481424
3 0.20014436286563464 0.21317435599662163 0.01768035836469383 0.010548359638935807
2 0.2207714476244441 0.27880859375 0.020565694625598693 0.014721226047825175
2 0.3419555705824496 0.27735364759290543 0.02121029102431144 0.015782124287373356
2 0.4639991554054055 0.27606036211993246 0.021455851557154397 0.015539633261190886
3 0.3215740463564831 0.21155774915540543 0.01728132249882397 0.010548359638935854
3 0.443372070646596 0.21026446368243246 0.01787987629762869 0.010720124115815017
3 0.4460732365078687 0.9745961782094595 0.017618968231483127 0.010310920509132302
3 0.6904059666866235 0.9739495354729731 0.017741748497904535 0.010346283783783671
3 0.20407333139112216 0.9745961782094595 0.017741748497904535 0.01059887860272397
3 0.5651700949367089 0.20929449957770271 0.017480840431758828 0.011225313753695095
3 0.8117128699110504 0.9733028927364866 0.017542230564969678 0.010073481379328465
3 0.5686079423965105 0.9745961782094595 0.0182635646301958 0.010310920509132302
3 0.6874592402925078 0.20800121410472974 0.017818486164417988 0.010881784799936678
2 0.7085774461170031 0.274120433910473 0.021010773091376583 0.015004132245038023
2 0.5862883007612043 0.27541371938344594 0.02068847489202017 0.014610084327491583
3 0.8092572645826207 0.20703125000000003 0.01740410276524552 0.01027050533810178
2 0.830375470407116 0.27315046980574326 0.02148654662375975 0.015125377758129256
3 0.5671345791994526 0.591137035472973 0.01768035836469383 0.011144483411634383
3 0.32304740955354094 0.5927536423141893 0.017741748497904535 0.01054835963893576
3 0.20186328659553543 0.5930769636824325 0.017404102765245448 0.011275832717483164
2 0.34367449431235036 0.6590345228040541 0.020765212558533624 0.015236519478462848
3 0.4450909943764968 0.5921069995777027 0.01787987629762869 0.010154311721389414
3 0.6894237245552515 0.5901670713682433 0.018094741763866294 0.01088178479993663
2 0.22273593188718782 0.6596811655405407 0.020765212558533624 0.01495361328125
2 0.5877616639582621 0.6577412373310811 0.020565694625598766 0.01478184880437084
0 0.0813544551028481 0.9079919763513514 0.009070392181887198 0.010720124115814921
2 0.4657180791353062 0.6583878800675677 0.0216553694900894 0.01566087877428212
3 0.9340020152668491 0.9720096072635136 0.017542230564969678 0.009654173979888204
3 0.8112217488453645 0.5891971072635136 0.017480840431758973 0.010467529296875
3 0.9315464099384195 0.20670792863175677 0.01740410276524552 0.010598878602723828
2 0.7105419303797469 0.6570945945945946 0.020918687891560383 0.013781573321368227
2 0.8323399546698599 0.6554779877533784 0.0214098089572463 0.01449894260715799
3 0.9335108942011633 0.5885504645270271 0.01795661396414214 0.01050794446790538