3 0.19990453621648555 0.24792890100671144 0.01655172880141085 0.010648176974098172
2 0.10050246407948081 0.31408609479865773 0.020021020064495118 0.014853253460570481
3 0.806465028063571 0.24279047818791946 0.015565961019609428 0.009815190462458077
3 0.4421130293326066 0.2455202653104027 0.01687267645129964 0.0103571334941275
3 0.5634006745477464 0.2442356596057047 0.016949092558416097 0.010648176974098172
3 0.6846883197628864 0.24327220532718125 0.016490595915717787 0.010316989565855673
3 0.3205808525746942 0.24632314387583895 0.016368330144331474 0.009965730193477308
3 0.20161625701589275 0.6272087353187921 0.016689277794220372 0.01020157577207423
2 0.10227531776458115 0.6936870805369127 0.020372534157230515 0.014562209980599808
3 0.9282417363642559 0.24166644819630875 0.015741718065976965 0.009815190462458077
3 0.3222925733741015 0.6268875838926175 0.016872676451299674 0.01020157577207423
0 0.08326299031402243 0.9069316275167787 0.008795493929096902 0.010316989565855769
3 0.6871336351906109 0.6243183724832215 0.01675041067991351 0.010477565278942886
3 0.4435802185892414 0.626566432466443 0.016689277794220372 0.010086161978292693
3 0.8084212804057508 0.6233549182046981 0.016184931487252245 0.009890460327967693
3 0.5658459899754711 0.6256029781879195 0.015925116723056375 0.010437421350671154
2 0.2210565146663033 0.3132832162332215 0.0199751704002253 0.013899835164114905
2 0.8274947407420026 0.30718133913590606 0.020800464357082292 0.013849655253775192
2 0.7062070955268627 0.3081447934144296 0.020173852278728033 0.013799475343435385
3 0.9297089256208906 0.622712615352349 0.01655172880141078 0.009815190462458077
2 0.34136603371035334 0.3119986105285235 0.020448950264346934 0.014451814177852308
2 0.5844303872261779 0.31039285339765105 0.019745922078876075 0.012916308921455576
2 0.4628982104682656 0.3102322776845638 0.02032668449296066 0.013899835164114905
2 0.22252370392293805 0.6930447776845639 0.01930270865760101 0.013538539809668654
2 0.8289619299986373 0.6891909605704699 0.021274244221203924 0.013749295433095578
2 0.7076742847834976 0.6898332634228188 0.02005158650734176 0.013377964096581346
2 0.34356681759530544 0.6924024748322148 0.020479516707193432 0.013849655253775192
2 0.4648544628104453 0.6917601719798658 0.02107556234270134 0.014231022572357309
2 0.5863866395683577 0.6904755662751679 0.020280834828690843 0.013167208473154422