3 0.17285757438708285 0.2237574800531915 0.018605208445836508 0.010902350675975185
1 0.071239543535344 0.2953651374113475 0.014543394275586595 0.015335407662898887
2 0.19663089629009614 0.6937887854609929 0.02240054176595072 0.01569599124556741
2 0.3240248930095042 0.6924312943262411 0.022529744602380147 0.016183839622118702
2 0.4524525124203478 0.6924312943262411 0.02214213609309179 0.015876283036901667
3 0.3005099767793498 0.22273936170212763 0.018459855254853354 0.01112506406527037
2 0.5811385375040501 0.6917525487588653 0.02301425523899041 0.015155115871564628
2 0.7098245625877524 0.6903950576241135 0.022658947438809647 0.015568726451684445
3 0.8137036430770062 0.2176487699468085 0.018185299227440777 0.0105735832917775
3 0.42867919051733444 0.22087281139184398 0.018960516246017342 0.011517463846409537
3 0.5568484042553191 0.21968500664893617 0.018104547454672448 0.011697755637743796
1 0.07240236906320877 0.6944675310283688 0.015350912003270463 0.01593991543384315
2 0.8374769649800194 0.6897163120567376 0.02327266091184941 0.015992942431294257
2 0.19443444807079596 0.29383795988475175 0.02219058715675289 0.016183839622118796
3 0.6855344293390214 0.2186668882978723 0.018395253836638748 0.010329659103501759
2 0.3224744589723512 0.29214109596631205 0.0226589474388095 0.016820163591533703
3 0.1746664140970947 0.6248961103723404 0.01839525383663868 0.011379593653036296
2 0.707240505859164 0.2884079953457447 0.022739699211577834 0.015992942431294354
2 0.5785544807754617 0.28993517287234044 0.022448992829611675 0.016056574828235835
2 0.8354097195971487 0.2877292497783688 0.02185142971112578 0.015939915433843054
3 0.3023188164893617 0.6242173648049646 0.018249900645655598 0.010372080701462777
3 0.4304880302273464 0.6235386192375886 0.01944502688262775 0.011475042248448517
3 0.6870848633761746 0.6218417553191489 0.018960516246017488 0.010573583291777405
2 0.4506436727103359 0.29146235039893614 0.022190587156752963 0.015515699454233148
3 0.5583988382924722 0.6228598736702128 0.019509628300842356 0.011294750457114446
3 0.8157708884598769 0.6211630097517731 0.019105869437000565 0.010250118607324908
3 0.9418728568149909 0.21680033798758866 0.018750561636819513 0.01116748566323139
3 0.9444569135435792 0.6201448914007092 0.018750561636819513 0.01073796698387639