3 0.20110259968894456 0.9755759385665528 0.01738074099100312 0.01078905750053309
3 0.19750551502354516 0.2057047248293515 0.017194684887620416 0.010707399544048618
2 0.09653906958785154 0.2738074605375427 0.021101863058657702 0.015759985601535787
1 0.934907871430423 0.9723096203071672 0.010954053086657962 0.010493047408276274
1 0.9319309737762993 0.19982535196245732 0.010457903477637519 0.010452218430034133
1 0.9339155722123816 0.5849242747440273 0.010822263346761857 0.009865301867800819
3 0.32290732870350364 0.9755759385665528 0.017318722289875597 0.010993202391744793
3 0.31993043104938 0.20439819752559726 0.01672954462916366 0.010533876386518794
3 0.6922907126193458 0.9749226749146757 0.017194684887620416 0.010911544435260415
3 0.5692456095822352 0.9749226749146757 0.01738074099100312 0.010615534343003597
3 0.4427274592819804 0.20325498613481227 0.0168535820314187 0.010748228522290949
3 0.445704356936104 0.9755759385665528 0.017055142810083388 0.010829886478775658
3 0.8153358156564565 0.9736161476109214 0.01672954462916366 0.010493047408276274
3 0.8118627683933123 0.1999886678754266 0.01654348852578096 0.009982685180247444
3 0.6893138149652221 0.2009685633532423 0.01672954462916366 0.010656363321245739
3 0.5662687119281116 0.20178514291808872 0.017318722289875597 0.010870715457017894
3 0.198993963850607 0.5908036476109214 0.016853582031418773 0.01057470536476103
2 0.2182197612001555 0.27233761732081907 0.020264610593435435 0.015515011732081897
2 0.8336933511902189 0.2666215603668942 0.020822778903583687 0.015219001639825081
3 0.6912984134013046 0.5872106975255972 0.01738074099100312 0.010493047408276463
3 0.3211708050719315 0.5901503839590443 0.016993124108955798 0.010375664095829696
2 0.34076871462824554 0.27054114227815695 0.021055349032812063 0.015341488574552026
3 0.568253310364194 0.5881905930034129 0.017256703588747934 0.01078905750053328
3 0.44421590810904216 0.58884385665529 0.016419451123525775 0.010217451805140741
2 0.7106482481531082 0.2674381399317406 0.020900302279993194 0.015219001639825081
2 0.46406189246986645 0.26907129906143346 0.021675536044087833 0.015821229068899358
3 0.8138473668293946 0.5859041702218429 0.016605507226908334 0.010018410536209407
2 0.5876031451159978 0.2680914035836177 0.020977825656402556 0.015392524797354952
2 0.09858568672506156 0.6561300127986347 0.021675536044087798 0.0159437160036263
0 0.077313272238303 0.9213550554607508 0.009271795818572612 0.010656363321245787
3 0.22008032223398277 0.6564566446245733 0.020977825656402556 0.014759675634599035
3 0.342753313064328 0.6561300127986347 0.02122590046091292 0.01481071185740196
3 0.4660464909059489 0.6551501173208191 0.022388751107054954 0.014586152477069163
3 0.5885954443340389 0.654496853668942 0.022001134225007563 0.014933198792128906
3 0.7126328465891908 0.6538435900170647 0.021753059420497198 0.014249313406569968
3 0.8356779496263015 0.6525370627133106 0.021970124874443876 0.014473872786902764
0 0.08345312364993303 0.8971843003412969 0.00712439829203029 0.009753022177634421