2 0.0974044779421587 0.7085252192982455 0.02174925746810712 0.015772126850328996
2 0.4738376218942025 0.30925849780701753 0.021749257468107155 0.015709164268092102
2 0.22224297855997863 0.7078536184210527 0.020806416769636675 0.014932625753837669
2 0.34701755777451243 0.31043379934210524 0.02203690378289472 0.0155832391036184
2 0.6009133716270372 0.30825109649122806 0.02112602378606731 0.015289413719846531
2 0.6029588565321934 0.7065104166666667 0.021301807645104164 0.0155832391036184
2 0.47562742118621426 0.7071820175438597 0.021957002028787007 0.01613940858004393
2 0.7282448069730162 0.3070757949561403 0.021541512907427302 0.015226451137609634
2 0.3485516714533796 0.7078536184210527 0.02182915922221487 0.015352376302083333
3 0.3265627087229495 0.6400219298245614 0.017306719939720813 0.011133883292214932
3 0.45389414406892864 0.6396861293859648 0.016987112923290103 0.010829564144736802
3 0.20063754424926528 0.6406935307017544 0.017786130464366803 0.010955489309210597
2 0.7297789206518834 0.7051672149122806 0.021877100274679297 0.014712256716008862
3 0.3252842806572268 0.24125890899122804 0.016715446959324108 0.011175858347039498
3 0.9609187149345445 0.2355503015350877 0.01717887713314853 0.011658571477521964
3 0.5809698938017632 0.6386787280701754 0.017306719939720813 0.011794990405701734
2 0.8571103559978626 0.7044956140350876 0.022803960622328423 0.015111019736842195
3 0.19871990215068125 0.24293791118421051 0.01764230730697302 0.0115221525493421
3 0.578924408896607 0.23941200657894735 0.017370641343006955 0.011711040296052602
3 0.4523600303900614 0.2402515076754386 0.017514464500400808 0.011847459224232465
2 0.8550648710927063 0.3060683936403509 0.022212687641931576 0.015467807702850868
2 0.22083670768768368 0.3126165021929824 0.020886318523744316 0.0148276881167763
3 0.7057444730162971 0.23790090460526314 0.017642307306973092 0.010582960697642535
3 0.8335872795885654 0.2372293037280702 0.017642307306973092 0.010666910807291667
3 0.9624528286134115 0.6359923245614034 0.017578385903686808 0.010546232524671002
3 0.7077899579214533 0.637671326754386 0.017578385903686808 0.011049933182565799
3 0.8351213932674324 0.6366639254385964 0.017578385903686808 0.010063519394188536
2 0.09516722882714398 0.3136239035087719 0.0213018076451042 0.016076445997807033
0 0.0770135502938819 0.9180646929824561 0.008877084881361866 0.011301783511513197