3 0.20535836469380775 0.9786148648648649 0.01788402326377011 0.010185810810810759
3 0.69169089976052 0.9779729729729731 0.018012316113582023 0.010236486486486457
3 0.5698896681491619 0.9786148648648649 0.01812777967841258 0.010152027027027088
3 0.44711341087923373 0.9792736486486487 0.01796099897365717 0.010067567567567721
3 0.3257996920971605 0.9786148648648649 0.01826890181320556 0.010270270270270127
3 0.20117601778994185 0.2162331081081081 0.017537632569278153 0.010540540540540539
2 0.22169004447485463 0.282347972972973 0.02028309955525145 0.01478040540540538
3 0.8129917892576122 0.9773310810810812 0.017884023263770036 0.01
2 0.3429909339719467 0.28040540540540543 0.021168320218953197 0.015726351351351392
3 0.32236144372220327 0.21478040540540544 0.01740933971946624 0.010540540540540539
2 0.3447100581594253 0.6617736486486487 0.020334416695176157 0.01518581081081076
3 0.44440643174820393 0.21332770270270277 0.01781987683886419 0.01097972972972973
2 0.4652796784125899 0.2794425675675676 0.021604515908313426 0.015608108108108164
3 0.6887401642148478 0.21089527027027027 0.017742901128977057 0.01104729729729731
2 0.5890437906260692 0.6601520270270271 0.020565343824837413 0.015354729729729873
2 0.7098571672938762 0.2775 0.02116832021895305 0.014949324324324399
2 0.46699880260006843 0.6611148648648649 0.02174563804310641 0.015304054054053988
3 0.5669389326034897 0.21219594594594596 0.01753763256927808 0.011351351351351392
3 0.810541395826206 0.2100844594594595 0.01781987683886419 0.010540540540540539
2 0.5875684228532331 0.2787837837837838 0.02064231953472469 0.014898648648648607
3 0.20302343482723229 0.5970945945945947 0.017345193294560392 0.010726351351351393
2 0.7113325350667125 0.6595101351351351 0.020539685254874988 0.014324324324324305
2 0.8316583989052344 0.2768581081081081 0.02178412589805012 0.015304054054054082
2 0.22402497434143004 0.6624155405405405 0.020616660964762192 0.014493243243243227
2 0.8331337666780706 0.6582094594594595 0.021360759493670885 0.01478040540540538
3 0.3243243243243244 0.5961317567567569 0.017614608279165216 0.010422297297297215
3 0.9328301402668492 0.20944256756756757 0.01781987683886419 0.010844594594594621
3 0.5684143003763258 0.5945101351351352 0.017409339719466385 0.010675675675675697
3 0.6907030448169689 0.5938682432432433 0.01796099897365717 0.010641891891891835
3 0.446369312350325 0.5954898648648649 0.01753763256927808 0.010152027027027088
3 0.8120167635990422 0.5929054054054055 0.017537632569278226 0.010422297297297215
3 0.9352805336982553 0.9760304054054054 0.017614608279165358 0.009763513513513544
3 0.9347930208689703 0.5922466216216217 0.017884023263770036 0.010236486486486457