3 0.18017632914774245 0.19819298245614034 0.016190221747261552 0.009350877192982427
3 0.5603393000267165 0.1936140350877193 0.017045150948437046 0.01157894736842105
3 0.4332620892332353 0.1947894736842105 0.016657761154154398 0.012175438596491214
3 0.689714133048357 0.5927192982456141 0.017045150948437192 0.011000000000000038
3 0.3077210793481165 0.5950701754385964 0.016150146940956456 0.011403508771929865
2 0.20161635052097246 0.2659824561403509 0.021199572535399443 0.015228070175438594
2 0.45423457119957256 0.26278947368421046 0.020932407160032012 0.014596491228070173
2 0.32766497461928934 0.2638070175438596 0.0210927063852524 0.015052631578947361
2 0.8354528453112475 0.2599298245614035 0.021052631578947448 0.015175438596491233
2 0.5818193962062517 0.2617894736842105 0.021787336361207506 0.015
2 0.7086294416243655 0.26094736842105265 0.022642265562383145 0.015403508771929732
2 0.20352658295484904 0.6632280701754386 0.021199572535399443 0.015228070175438499
2 0.5838632113278118 0.6615614035087719 0.022001068661501453 0.015052631578947361
2 0.3294549826342506 0.6628947368421053 0.02204114346780655 0.015473684210526433
2 0.45627838632113277 0.6622280701754386 0.021333155223083124 0.014824561403508862
3 0.1844776916911568 0.9906315789473683 0.01744589901148809 0.010578947368420966
2 0.7111942292278919 0.6605438596491228 0.02224151749933218 0.01510526315789472
2 0.8374966604328079 0.6598771929824562 0.02190756078012294 0.015578947368420965
2 0.07651616350520972 0.26799999999999996 0.02029121025915041 0.015403508771929732
3 0.5644269302698369 0.9906315789473683 0.01862142666310457 0.010999999999999848
3 0.43760352658295476 0.991315789473684 0.01812717071867495 0.011210526315789669
3 0.6902217472615549 0.9899649122807017 0.017993588030991343 0.010789473684210786
3 0.3100187015762757 0.9906315789473683 0.0171787336361208 0.010631578947368325
3 0.8165375367352391 0.9886315789473682 0.01744589901148816 0.010035087719298114
3 0.9438685546353192 0.987280701754386 0.017178733636120654 0.010578947368420966
2 0.0765161635052097 0.6642456140350878 0.02077210793481166 0.01340350877192975
3 0.306505476890195 0.1965438596491228 0.016991717873363635 0.009807017543859663
3 0.6873764360138926 0.19264912280701754 0.01744589901148816 0.009245614035087755
3 0.8139593908629441 0.19194736842105262 0.01760619823670855 0.00931578947368422
3 0.9408896606999733 0.19135087719298244 0.017339032861341332 0.009982456140350896
3 0.43491851456051295 0.594877192982456 0.016777985573069688 0.01164912280701761
3 0.5616617686347849 0.5943508771929823 0.017245524979962533 0.010122807017543778
3 0.815882981565589 0.5922280701754385 0.01649746192893401 0.010070175438596417
3 0.9429735506278385 0.5912456140350877 0.016056639059577944 0.00878947368421052
3 0.18222014426930266 0.5958070175438597 0.016590969810312592 0.010561403508771909