3 0.19684624357368125 0.20302047781569962 0.015708299131636915 0.009095563139931736
3 0.5656931783816478 0.19856655290102387 0.016537780273901567 0.0112627986348123
3 0.44239858296971524 0.19970989761092148 0.01616192163131297 0.011843003412969276
3 0.6912170043634165 0.5867747440273038 0.016537780273901712 0.010699658703071577
3 0.3205944614852897 0.5890614334470989 0.015669417203093297 0.011092150170648551
2 0.46274679224089516 0.2658532423208191 0.02030932734263615 0.014197952218430033
2 0.33994470125718235 0.2668430034129693 0.02046485505681078 0.014641638225255917
2 0.8326176178338445 0.26307167235494877 0.02042597312826723 0.014761092150170612
2 0.5865338920810472 0.2648805460750853 0.02113880848490073 0.014590443686006817
2 0.7095692746360218 0.264061433447099 0.021968289627165453 0.014982935153583602
2 0.2195014472717847 0.6553583617747439 0.020568540199593886 0.014812286689419618
2 0.5885168704367736 0.6537372013651876 0.02134617877046709 0.014641638225256012
2 0.341681427398799 0.6550341296928327 0.02138506069901064 0.015051194539249196
2 0.4647297705966215 0.6543856655290102 0.02069814662807279 0.014419795221843022
3 0.2010195705707003 0.9738225255972695 0.016926599559338132 0.010290102389078584
2 0.7120577180628159 0.6527474402730374 0.021579470341729103 0.014692832764505207
2 0.8346005961895709 0.652098976109215 0.02125545427053181 0.015153583617747397
3 0.5696591350931005 0.9738225255972695 0.018067136129952182 0.010699658703071767
3 0.44661079189527797 0.9744880546075084 0.017587592344580405 0.010904436860068548
3 0.6917095087916361 0.9731740614334469 0.01745798591610143 0.010494880546075365
3 0.3228236920551259 0.9738225255972695 0.0166673867023804 0.01034129692832759
3 0.814265347561239 0.9718771331058019 0.016926599559338062 0.009761092150170802
3 0.9378061951872813 0.9705631399317406 0.0166673867023804 0.010290102389078584
2 0.09627165507409166 0.6563481228668941 0.0201537996284616 0.013037542662116076
3 0.3194150429861321 0.20141638225255973 0.016485937702510122 0.009539249146757668
3 0.6889488918650365 0.19762798634812284 0.016926599559338062 0.008993174061433441
3 0.8117639434915972 0.19694539249146756 0.017082127273512833 0.009061433447098987
3 0.9349159718322029 0.19636518771331055 0.01682291441655517 0.009709897610921512
3 0.444005702682853 0.5888737201365186 0.01627856741694376 0.011331058020477751
3 0.5669762820235883 0.5883617747440272 0.016732189916619886 0.009846416382252603
3 0.8136302760616926 0.5862969283276449 0.016006393917138057 0.009795221843003408
3 0.9369378321164729 0.5853412969283276 0.015578692703158157 0.00854948805460746
3 0.1988292219294077 0.589778156996587 0.016097118417073484 0.010273037542661996
0 0.07981163865727739 0.9116894197952218 0.014036376204259753 0.01564846416382276
2 0.21751846891605825 0.2704778156996587 0.020425973128267157 0.01527303754266209
2 0.09645310407396207 0.27206484641638223 0.020037153842830627 0.0150511945392491