2 0.5867770445040302 0.32101812511101974 0.02038102666480588 0.015392905125328487
3 0.566132388468014 0.25614220349403416 0.01716486908665119 0.010667324139868224
2 0.7091788188504962 0.31970874683277034 0.021240986090916937 0.015125377758129256
2 0.4650916492045844 0.3214870143581081 0.02153258922366785 0.015236519478462848
2 0.34329362491447146 0.32294196051520274 0.021578631823575948 0.01495361328125
2 0.2219867216900445 0.3242352459881757 0.019875055626977847 0.014327178130278733
3 0.44421900391293195 0.2558527766047297 0.017204584832310518 0.011053549276815886
3 0.32217541908997605 0.2568227407094595 0.01637581803396559 0.010189674996040973
2 0.830976843140609 0.3185771220439189 0.021532589223667995 0.015125377758129256
3 0.2009912961319706 0.2584393475506757 0.01668276870001925 0.010972718934755031
3 0.6880606130260009 0.25358952702702703 0.016820896499743408 0.010467529296875
3 0.8098586373161136 0.2527812236064189 0.016498598300387142 0.009997702933646527
3 0.44593792764283274 0.6383419552364865 0.016498598300386996 0.010189674996040973
2 0.22382842568636677 0.7055927998310811 0.020841950225047076 0.014438319850612325
2 0.4668105729344852 0.7042995143581081 0.021455851557154397 0.015600256017736456
2 0.5888541577574411 0.7036528716216217 0.021164248424403485 0.014892990524704336
3 0.32364878228703386 0.638988597972973 0.0165599884335977 0.010189674996040973
2 0.3447669881115293 0.7049461570945946 0.02153258922366785 0.015004132245038023
3 0.6895339762230586 0.6370486697635136 0.017204584832310663 0.01076053928684549
2 0.710652182047554 0.7030062288851352 0.02084195022504693 0.01449894260715799
3 0.20320134092755732 0.638988597972973 0.016559988433597773 0.011316247888513544
3 0.5677359519329457 0.6376953125000001 0.01668276870001925 0.01080095445787587
3 0.8113320005131714 0.6354320629222973 0.016943676766164813 0.010113896550359035
2 0.8324502063376668 0.7017129434121623 0.021870234956327006 0.01466060329127951
3 0.9316566616062265 0.25213458086993246 0.016820896499743408 0.010639293773754256
2 0.10344237446010093 0.7055927998310811 0.020841950225047038 0.015963992557010063
2 0.10129371979772495 0.32569019214527034 0.019951793293491265 0.015297142235008417
3 0.9331300248032844 0.6347854201858109 0.016820896499743408 0.010113896550359035