3 0.3251266230588542 0.9765422973485499 0.01804658953738747 0.01089954090148004
3 0.20248474814041498 0.9765422973485499 0.0176406973851625 0.0102808347008285
3 0.44876761712123187 0.9765422973485499 0.017312861416057698 0.010322081780871935
3 0.8209394982382878 0.9745624375064647 0.017921699644395193 0.010724240811295246
3 0.6970487243899255 0.975882344067855 0.017984144590891333 0.010322081780871935
3 0.5731579505415633 0.975882344067855 0.01818709066700378 0.010322081780871935
2 0.4685002202140154 0.6541551197289935 0.022199178479381396 0.015735761036573852
2 0.3446094463656531 0.6548150730096886 0.0222460121892535 0.015374849086193599
3 0.5716592718256557 0.5858499551770505 0.01778119851477874 0.010322081780871746
2 0.5926407738483622 0.6534951664482983 0.02160595148766808 0.015612019796443546
3 0.3231283847709774 0.5871698617384408 0.01804658953738747 0.010682993731252
3 0.6960496052459871 0.5848600252560079 0.01778119851477888 0.01044066713599672
3 0.20011184017356123 0.5881597916594835 0.017843643461274948 0.010817046741393168
3 0.4472689384053243 0.5871698617384408 0.01812464572050764 0.010043663990578553
2 0.22084356241028316 0.6554750262903837 0.020762944709969998 0.015436719706258753
3 0.8199403790943494 0.5835401186946177 0.017375306362553692 0.01008491107062199
2 0.7170311072686936 0.6528352131676033 0.021496672831299697 0.015199548996008996
2 0.8409218811170559 0.651515306606213 0.021496672831299697 0.015735761036573852
3 0.9443307125146808 0.9739024842257696 0.017172360286441243 0.010203496425746772
3 0.9438311529427117 0.5828801654139226 0.01743775130905012 0.010322081780871746
2 0.09870124706381311 0.6558050029307312 0.02091905707621038 0.01585950227670416
0 0.07740752030862585 0.9204462684894664 0.0090154891503817 0.010724240811295246