3 0.202252538071066 0.2153403072033898 0.01798602027633789 0.010421908103813564
2 0.2231255847780263 0.28054819915254237 0.02108918772315666 0.015237478482521188
3 0.9403432310935215 0.9773967161016949 0.017244965363664818 0.009646347821768965
2 0.34502911791275914 0.2787639036016949 0.021011994503086596 0.015470653469279701
2 0.5910593489202443 0.2771418167372881 0.020842169418932254 0.014598781779660992
3 0.324279580357911 0.21371822033898302 0.017121456211552543 0.010305320610434307
2 0.4677972151122774 0.2777906514830508 0.021583224331605467 0.015470653469279701
2 0.7140744644239869 0.2758441472457627 0.020764976198862188 0.014375744835805051
3 0.69283089026069 0.2101496292372881 0.017507422311903005 0.010675359176377129
3 0.8148579325475349 0.20933858580508474 0.017244965363664818 0.010067076602224556
3 0.4472946958616536 0.21242055084745762 0.01784707248021169 0.010345872782044505
3 0.20422868450486104 0.5988016419491525 0.01792426570028175 0.010543564618644155
2 0.8361015067108319 0.2748708951271186 0.02216989280413841 0.01517665022510594
2 0.22510173121182137 0.6646583686440677 0.021011994503086523 0.014831956766419505
3 0.5698157747569474 0.21144729872881354 0.017445667735847013 0.010969362420550842
3 0.8178221521982276 0.9786943855932202 0.017584615531973213 0.010543564618643964
3 0.3260087084874817 0.5981528072033898 0.01764637010802935 0.010224216267214009
3 0.9378730480512776 0.20868975105932203 0.017044262991482338 0.010634807004766931
2 0.3467582460423298 0.6640095338983051 0.02040988738653958 0.01505499371027535
3 0.2064518492428805 0.9806408898305086 0.018202161292534224 0.010421908103813469
2 0.7155565742493332 0.6614141949152542 0.020811292130904255 0.014831956766419505
3 0.5717919211907424 0.596530720338983 0.017723563328099413 0.010715911347987231
2 0.838077653144627 0.6601165254237288 0.02136708331540906 0.014771128509004257
2 0.5920474221371418 0.6617386122881356 0.020842169418932254 0.014771128509004257
3 0.6943130000860362 0.595557468220339 0.01812496807246409 0.010675359176377129
2 0.46952634324184805 0.6633606991525424 0.022247086024208475 0.015115821967690598
3 0.8168340789813301 0.5942597987288135 0.017785317904155697 0.010462460275423762
3 0.44902382399122426 0.5975039724576271 0.01784707248021169 0.00987445378707624
3 0.6957951099113826 0.9799920550847457 0.01798602027633789 0.010584116790254257
3 0.5732740310160888 0.9806408898305086 0.018480056884786697 0.010634807004767027
3 0.3277378366170524 0.9806408898305086 0.01798602027633789 0.010345872782044505
3 0.44976487890389744 0.9806408898305086 0.01778531790415555 0.010107628773834752
3 0.9403432310935215 0.5939353813559322 0.01784707248021169 0.010224216267214009
1 0.096405194710918 0.2823324947033898 0.009672310474785985 0.013889118776483068
1 0.09963005784641694 0.6651245153950918 0.011120066382415928 0.013153111852229813