1 0.068345663678583 0.2667331560283688 0.01522978434411788 0.016056574828235835
2 0.19367241501512042 0.6671930407801419 0.02227133892952129 0.016056574828235737
3 0.17028670162139542 0.19648298980496454 0.01839525383663868 0.010695545385915323
3 0.3003834107355006 0.9955673758865248 0.017550491413759587 0.008865248226950371
3 0.17347985743600822 0.9955673758865248 0.017550491413759587 0.008865248226950371
2 0.3213248174073874 0.666514295212766 0.022529744602380147 0.016374736812943335
3 0.6844691651366238 0.9955673758865248 0.018900529214818107 0.008865248226950371
3 0.4286370018360514 0.9955673758865248 0.017550491413759587 0.008865248226950371
3 0.556215574036073 0.9955673758865248 0.01890052921481796 0.008865248226950371
2 0.4497524368182309 0.66583554964539 0.02235209070228962 0.015992942431294257
3 0.2980683068500918 0.1949558122783688 0.018815163055034265 0.010695545385915323
3 0.8133977751377038 0.9946808510638299 0.017550491413759445 0.01063829787234037
2 0.7066076756399179 0.6644780585106382 0.02227133892952115 0.015452067057291666
2 0.5784384619019333 0.66583554964539 0.022529744602380147 0.015091483474623146
3 0.8110035674748893 0.19020459330673758 0.018459855254853354 0.01040919959967861
3 0.5541483286532023 0.19207114361702127 0.018314502063870277 0.011422015250997362
3 0.4257207092423588 0.19359832114361702 0.018815163055034265 0.011475042248448565
1 0.07008990197038018 0.6678717863475176 0.015294385762332594 0.015812650639960187
2 0.8347768893779026 0.6631205673758864 0.022739699211577834 0.016183839622118702
2 0.1917343724686791 0.26486660571808507 0.02219058715675289 0.016883795988475184
2 0.31951597769737555 0.26333942819148937 0.022481293538719048 0.016756531194592222
3 0.6828343537369047 0.19105302526595747 0.018314502063870277 0.010053918716755324
3 0.17183713565854844 0.5983003656914894 0.01803994603645777 0.011209907261192408
2 0.7045404302570473 0.25977601396276595 0.022836601338899885 0.016120207225177315
2 0.5763712165190625 0.2611335050975177 0.02248129353871912 0.015939915433843054
2 0.8327096439950319 0.25875789561170215 0.02198063254755499 0.016056574828235835
2 0.44794359710821907 0.26266068262411346 0.022190587156752817 0.015515699454233148
3 0.2996187408872448 0.5976216201241135 0.018249900645655598 0.01073796698387639
3 0.4277879546252295 0.5969428745567376 0.019041268018785817 0.011475042248448517
3 0.6843847877740576 0.5952460106382979 0.018605208445836435 0.010780388581837315
3 0.5556987626903553 0.5959247562056738 0.019251222627983646 0.01151746384640963
3 0.939172781212874 0.18901678856382978 0.018750561636819513 0.010822810179798333
3 0.8135876242034777 0.594227892287234 0.019105869437000565 0.010212999709109076
3 0.9409763473377255 0.9946808510638299 0.018900529214818107 0.01063829787234037
3 0.9417568379414624 0.5932097739361701 0.01866980986405133 0.010695545385915276
0 0.04948204955988767 0.9264738475177305 0.009512558832116047 0.0109447722739363