0 0.08375634517766499 0.9075671140939598 0.008585153135965662 0.010167785234899232
2 0.10068391646509726 0.3235570469798658 0.019482676387422064 0.015083892617449711
2 0.34136204135863457 0.320503355704698 0.020926310768916243 0.014563758389261732
2 0.4628956154396484 0.3193791946308725 0.020555820529417852 0.014614093959731539
3 0.32228818178721086 0.6352348993288591 0.01636544816543451 0.009781879194630961
2 0.22056944775661774 0.32194630872483226 0.020198105815419243 0.014010067114094037
2 0.5844291895206623 0.3185906040268457 0.020453616325418148 0.014278523489932885
2 0.7057200286171772 0.3174664429530202 0.020632473682417704 0.014614093959731539
3 0.8079370081422683 0.6317114093959731 0.016365448165434403 0.009815436241610768
3 0.6866461690457535 0.6326677852348994 0.01668483630293323 0.009848993288590577
3 0.4435790208837257 0.6345973154362418 0.016876469185432497 0.009932885906040193
3 0.6846915136442614 0.2516275167785235 0.016608183149933523 0.009664429530201347
2 0.10283020474908869 0.700755033557047 0.019942595305420197 0.016929530201342306
2 0.827010867713692 0.31649328859060405 0.020683575784417412 0.014513422818791923
3 0.20149558818519403 0.6358724832214766 0.0166848363029333 0.010117449664429425
3 0.5653553299492385 0.6342785234899329 0.016365448165434403 0.010805369127516921
3 0.8064678227097742 0.2513087248322148 0.015803325043436744 0.00947986577181202
3 0.44251865226723 0.2540771812080537 0.016557081047933814 0.01043624161073827
3 0.3208317718802167 0.25546979865771813 0.016122713180935534 0.010050335570469807
3 0.19978366776820086 0.2569295302013423 0.01625046843593506 0.010318791946308655
3 0.9292150717132832 0.631275167785235 0.016608183149933523 0.010083892617449616
3 0.9267749463427929 0.25033557046979865 0.01562446768643762 0.009781879194630866
3 0.5634006745477464 0.2532214765100671 0.015279528497938939 0.010906040268456346
1 0.5863838449221546 0.6994630872483222 0.02060692263141756 0.014345637583892502
1 0.22276683814260895 0.700755033557047 0.020798555513916756 0.014563758389261732
1 0.34307396177562777 0.7001174496644296 0.0209518618199161 0.014848993288590578
1 0.7081601539876674 0.6981879194630873 0.02136067863591449 0.014177852348993459
1 0.46436480087214266 0.6994630872483222 0.021322352059414778 0.014899328859060385
1 0.8289655231151841 0.6968959731543625 0.021437331788914195 0.0143959731543625