2 0.22276823546571053 0.2798834679110738 0.020724048249965907 0.014562209980599808
3 0.20198305433005148 0.21549260696308725 0.0170713583298023 0.0101212879155306
3 0.32596054651568834 0.973088821308725 0.017881369065236078 0.010086161978292693
2 0.46460993126767286 0.27699310507550334 0.02124367777835743 0.015134260958473172
3 0.44700366018805576 0.973088821308725 0.017468722086807546 0.01035713349412769
3 0.4438247501320138 0.21244166841442957 0.017545138193924004 0.01039727742239935
3 0.2058955590144108 0.973088821308725 0.01754513819392393 0.010121287915530578
3 0.5658459899754711 0.21163878984899331 0.017132491215495364 0.011069688220952188
3 0.6900680137038804 0.971804215604027 0.01788136906523604 0.010477565278943075
3 0.5687803684887406 0.972446518456376 0.018156467050855087 0.01035713349412769
3 0.6871336351906109 0.2103541841442953 0.017545138193923858 0.010608033045826323
2 0.343322286052533 0.2781171350671141 0.020800464357082292 0.015134260958473172
2 0.7081633478690423 0.2749056208053691 0.02087688046419875 0.014401634267512595
3 0.8113556589190203 0.9705196098993291 0.017468722086807692 0.01004601805002115
2 0.5863866395683577 0.2763508022231544 0.02017385227872789 0.014180842662017596
3 0.8084212804057508 0.2092301541526846 0.01733117309399795 0.010121287915530625
3 0.3227816364596464 0.214047425545302 0.017132491215495437 0.009368589260434134
3 0.20369477512945866 0.5950935927013423 0.0170713583298023 0.010437421350671154
3 0.5673131792321058 0.5928455327181209 0.017468722086807546 0.01068832090237
3 0.44578100247419344 0.5938089869966443 0.017331173093998096 0.009930604256239425
2 0.8294509930841822 0.27426331795302017 0.02194670596382829 0.014732821675755
3 0.32449335725905365 0.5941301384228188 0.017208907322611856 0.010316989565855769
3 0.6890898875327907 0.5918820784395974 0.01788136906523604 0.010477565278942886
2 0.5878538288249924 0.6577181208053692 0.020831030799928933 0.014562209980599808
2 0.3452785383947127 0.6602873322147652 0.020678198585696164 0.014682641765415193
2 0.22460222203650396 0.6602873322147652 0.02037253415723055 0.014231022572357309
2 0.4663216520670801 0.6590027265100672 0.02156462542824629 0.015375124528104038
3 0.9301979887064356 0.20890900272651008 0.017208907322611967 0.010527745189282716
2 0.7096305371256773 0.6573969693791947 0.019898754293108844 0.013849655253775192
3 0.8103775327479305 0.5909186241610739 0.017545138193923858 0.010276845637583847
2 0.8314072454263619 0.6564335151006713 0.021442359656860015 0.014451814177852308
3 0.9326433041341602 0.96987730704698 0.01774382007242659 0.00936858926043404
3 0.9321542410486152 0.5902763213087249 0.017545138193923858 0.010046018050020962
0 0.08375205339956734 0.9069316275167787 0.009001817418311157 0.010608033045826156