3 0.1935560399483968 0.2278895361498258 0.017348381058968843 0.011014612709603662
2 0.09085868930004852 0.29658237151567945 0.020102594840228475 0.0147764624618902
3 0.31854036188417945 0.22622223432055752 0.017079291206776814 0.010191382431402473
3 0.822023304150311 0.22255417029616728 0.01606624705734789 0.010191382431402473
3 0.5702818330172452 0.2240547419425087 0.017744101429839478 0.010712414253048811
3 0.4446643584880695 0.2255553135888502 0.01741169631830811 0.010754096798780494
3 0.6958993075464209 0.22288763066202094 0.016620255576566982 0.010191382431402473
3 0.19520223669121864 0.6233735300522648 0.017554155651821533 0.010509211842606685
2 0.09288477759890619 0.6910659843205575 0.02049831521109911 0.015182867282774359
3 0.9481473007542012 0.2210535986498258 0.01625619283536598 0.010550894388338464
0 0.07287715564768668 0.9131505879790941 0.009323171937712251 0.011014612709603473
3 0.3203131891456799 0.6227066093205575 0.01714260646611615 0.01047273961509139
3 0.4461839247122128 0.6223731489547039 0.017285065799629577 0.010389374523628021
2 0.21520985864243816 0.29541526023519166 0.020688260989116983 0.014495105278201189
3 0.6979253958452786 0.6203723867595818 0.01747501157764752 0.010592576934070053
3 0.8235428703744543 0.619372005662021 0.01682603016941967 0.009956918111661632
2 0.8432972312883166 0.28941297364982577 0.021495530545693142 0.014828565644054853
3 0.5723079213161029 0.6217062282229965 0.01655694031722757 0.010670731707317032
2 0.34032081109689943 0.2934144980400697 0.02133724239734483 0.014828565644054853
2 0.7176797567591409 0.2904133547473868 0.020894035581969672 0.014380478277439011
3 0.9501733890530588 0.6187050849303136 0.01669939965074085 0.010149699885670695
2 0.5915557601552508 0.29158046602787463 0.02034002706275087 0.01421374809451218
2 0.4659382856260751 0.2922473867595819 0.02097317965614383 0.014609732278963368
2 0.21685605538526004 0.6903990635888502 0.02034002706275087 0.014380478277439011
2 0.8453233195871743 0.6863975391986064 0.022002052620407567 0.014328375095274359
2 0.3420936383583999 0.6903990635888502 0.021495530545693142 0.014724359279725641
2 0.5935818484541084 0.6883983013937283 0.021289755952840453 0.014057438548018315
2 0.7191993229832842 0.687731380662021 0.020846549137465295 0.01389070836509139
2 0.4677111128875756 0.6890652221254355 0.02146387291602351 0.014828565644054947