2 0.08732992531429559 0.30608735068259385 0.020187087217025963 0.014810711857401865
2 0.45683734663239295 0.690206377986348 0.021830582796906705 0.015157758172461512
3 0.4355029134445068 0.6239001173208191 0.016543488525780813 0.009982685180247397
2 0.3340403183997926 0.6908596416382252 0.02179957344634287 0.015045478482295304
2 0.7036717771201451 0.6888998506825939 0.021024339682248233 0.01442283656409984
2 0.2113673275694474 0.6915129052901023 0.020931311630556882 0.014586152477069163
2 0.8267168801572558 0.6875933233788395 0.021427461239577613 0.014933198792128906
3 0.5592922408951484 0.6225935900170647 0.01711716151121091 0.010334835117587508
2 0.5801305244740138 0.689553114334471 0.020822778903583687 0.015106721949658777
3 0.3129539600164168 0.6239001173208191 0.016093852942605975 0.009676467843430032
3 0.9264429515703979 0.23177861028156996 0.016605507226908334 0.009528462797301624
3 0.682337343932259 0.6216136945392491 0.016931105407828207 0.009599913509225644
0 0.07070891341210524 0.916235601535836 0.008884178936525256 0.010375664095829885
3 0.1900328943815613 0.6248800127986347 0.016729544629163588 0.010375664095829696
2 0.3320557199637102 0.30331098016211605 0.021675536044087833 0.015280245107188553
2 0.7016871786840626 0.2998813459897611 0.020900302279993194 0.014524909009705595
3 0.8053824469693697 0.6203071672354948 0.015675226709994824 0.009201830971362976
2 0.45510082300082083 0.30184113694539244 0.02110186305865774 0.01557625519944537
2 0.578642075646952 0.30102455738054607 0.02122590046091292 0.01493319879212881
2 0.20950676653562014 0.3046175074658703 0.020466171372100054 0.014810711857401865
3 0.6803527454961765 0.2332484534982935 0.016155871643733423 0.009564188153263634
2 0.8247322817211733 0.29906476642491464 0.0209778256564027 0.01504547848229521
3 0.434014464617445 0.2360248240187713 0.016155871643733565 0.010334835117587413
2 0.08950057985376075 0.6915129052901023 0.020698741501328468 0.015882472536262827
3 0.3109693615803344 0.23749466723549484 0.016667525928035998 0.0100184105362095
3 0.5573076424590659 0.23488161262798632 0.01679156333029118 0.010416493074072074
3 0.8038939981423078 0.23275850575938561 0.016155871643733423 0.00927328168328709
3 0.1885444455544995 0.23880119453924914 0.016481469824653296 0.010217451805140741
3 0.9279314003974596 0.6196539035836177 0.016155871643733423 0.009273281683287185