3 0.18979484941073768 0.20527586206896553 0.016643387167175876 0.009896551724137954
3 0.6867001309471846 0.19939655172413795 0.01632911392405075 0.011155172413793081
3 0.43780881711043207 0.20141379310344826 0.016525534701003944 0.011965517241379283
3 0.5623788738542123 0.20005172413793104 0.01659100829332158 0.011586206896551706
3 0.19130074203404626 0.5934310344827587 0.016329113924050676 0.011465517241379265
3 0.31474465298996074 0.5931034482758621 0.015661283282409462 0.011206896551724223
3 0.6887036228721084 0.590793103448276 0.016708860759493727 0.010948275862068991
3 0.9358271497162812 0.19724137931034483 0.0174945438673068 0.011155172413793081
3 0.4398908773461371 0.5921034482758621 0.016774334351811363 0.011551724137931197
3 0.8120165866433873 0.5901206896551724 0.01632911392405075 0.01
3 0.5638847664775208 0.591448275862069 0.017704059362723696 0.01110344827586213
3 0.9378437363596683 0.5891379310344828 0.01632911392405075 0.010948275862068991
2 0.33429506765604544 0.2706724137931035 0.020637276298559524 0.015379310344827578
2 0.8320646006110868 0.26539655172413795 0.020833697075512865 0.014965517241379303
2 0.210733304233959 0.2715 0.020480139676996925 0.015500000000000019
2 0.5834351811436055 0.2673793103448276 0.02078131820165864 0.014396551724137983
2 0.7082540375381929 0.26655172413793105 0.02205150589262314 0.014913793103448257
2 0.45911392405063295 0.2698448275862069 0.021069402007856872 0.014568965517241376
2 0.2127367961588826 0.6614137931034483 0.02040157136621559 0.01513793103448279
2 0.3360497599301615 0.6607413793103449 0.021475338280226967 0.015499999999999924
2 0.7102575294631166 0.6587758620689655 0.02180270624181601 0.015258620689655231
2 0.0879703186381493 0.27331034482758626 0.019864687909209935 0.015258620689655231
2 0.46037101702313404 0.6600862068965518 0.020964644260148425 0.015086206896551744
2 0.585438673068529 0.6597586206896552 0.021475338280226967 0.015206896551724185
3 0.1935530336097774 0.9821724137931034 0.017376691401134868 0.010362068965517134
2 0.8340680925360106 0.6581034482758621 0.02131820165866429 0.015206896551724185
3 0.6896988214753383 0.9816206896551726 0.01797904845045823 0.010603448275862395
3 0.44181580096027934 0.982844827586207 0.017704059362723696 0.010603448275862395
3 0.5658882584024444 0.9821724137931034 0.017900480139676895 0.010327586206896437
3 0.8140200785683108 0.9808620689655172 0.01697075512876485 0.010051724137930857
3 0.31674814491488434 0.9821724137931034 0.016708860759493727 0.009931034482758606
3 0.9382627673505021 0.9788793103448277 0.016774334351811363 0.010155172413793328
2 0.08810126582278482 0.6620689655172415 0.020244434744652987 0.013913793103448409
3 0.3134744652989961 0.20306896551724138 0.017010039284155374 0.010396551724137879
3 0.810824967263204 0.19893103448275862 0.01707551287647301 0.008862068965517219