3 0.20186078855866524 0.21661663695469802 0.01780495295811973 0.010241719700346057
2 0.22252370392293805 0.28116807361577184 0.020280834828690843 0.014793037568162788
2 0.343322286052533 0.2795623164848994 0.021151978449817796 0.015615988097734904
3 0.32253710491687393 0.21501087982382552 0.017132491215495437 0.010241719700346057
2 0.46460993126767286 0.27859886220637586 0.021365943549743704 0.015375124528104038
2 0.7081633478690423 0.2763508022231544 0.021121412006971298 0.014853253460570481
3 0.4438247501320138 0.21372627411912754 0.017545138193924004 0.010567889117554519
2 0.5868757026539025 0.27795655935402686 0.020479516707193432 0.014451814177852308
3 0.6871336351906109 0.21115706270973156 0.017606271079617142 0.010688320902369952
3 0.8084212804057508 0.21035418414429533 0.017545138193923858 0.010005874121749182
3 0.5658459899754711 0.2126022441275168 0.017407589201114407 0.011069688220952164
2 0.8294509930841822 0.27554792365771813 0.021442359656860015 0.014903433370910192
3 0.20369477512945866 0.5960570469798658 0.01754513819392393 0.010397277422399421
2 0.22460222203650396 0.6615719379194632 0.020525366371463318 0.014401634267512502
3 0.32424882571628116 0.5954147441275168 0.017468722086807546 0.010397277422399421
3 0.9301979887064356 0.20971188129194632 0.017468722086807692 0.01052774518928274
2 0.3450340068519402 0.6609296350671141 0.02087688046419875 0.014963649263317886
3 0.5673131792321058 0.5938089869966443 0.017407589201114407 0.010648176974098079
2 0.710119600211222 0.6590027265100672 0.02107556234270148 0.014070446859270192
3 0.44578100247419344 0.5947724412751679 0.017407589201114407 0.010161431843802499
2 0.8314072454263619 0.6573969693791947 0.021243677778357284 0.014281202482697116
3 0.6890898875327907 0.5928455327181209 0.018217599936548222 0.010567889117554614
3 0.8103775327479305 0.5918820784395974 0.017804952958119583 0.01020157577207423
2 0.5878538288249924 0.6596450293624162 0.020678198585696164 0.014732821675755
2 0.4663216520670801 0.6602873322147652 0.021656324756785923 0.015023865155725768
3 0.9321542410486152 0.5912397755872484 0.017804952958119583 0.010161431843802499
3 0.2061400905571833 0.9750157298657719 0.01774382007242659 0.010121287915530578
3 0.44700366018805576 0.9750157298657719 0.018018918058045636 0.010241719700345963
3 0.8113556589190203 0.973088821308725 0.017407589201114407 0.01035713349412769
3 0.32596054651568834 0.9750157298657719 0.018080050943738737 0.010397277422399232
3 0.6905570767894254 0.9743734270134229 0.01808005094373877 0.010121287915530578
3 0.5692694315742854 0.9750157298657719 0.018400998593627635 0.010241719700345963
3 0.9326881198768487 0.972706995382516 0.01640324241790273 0.01205730836313819
0 0.08375205339956734 0.9082162332214765 0.00875728587553871 0.010808752687185385