2 0.10105266005071885 0.3139255190855705 0.019715355636029542 0.014682641765415288
3 0.2005158650734167 0.2476077495805369 0.016246064372945238 0.0103571334941275
3 0.32082538411746675 0.24600199244966447 0.016872676451299713 0.01020157577207423
3 0.6851773828484312 0.242469326761745 0.01727004020830496 0.01020157577207423
3 0.44260209241815146 0.24519911388422821 0.016949092558416097 0.010437421350671154
3 0.5638897376332913 0.24359335675335572 0.017010225444109236 0.010608033045826346
3 0.20234985164421015 0.6272087353187921 0.01675041067991344 0.0103571334941275
3 0.806954091149116 0.24166644819630875 0.015451336858934886 0.009549236937657307
3 0.9282417363642559 0.24134529677013422 0.015986249608749514 0.009890460327967693
0 0.08387431917095357 0.9075739303691277 0.008489829500631332 0.010201575772074421
2 0.10282551373581916 0.6930447776845639 0.020097436171611506 0.014120626769609809
3 0.32253710491687393 0.6268875838926175 0.016811543565606574 0.010437421350671154
2 0.22154557775184822 0.312962064807047 0.020128002614458074 0.013638899630348172
3 0.6871336351906109 0.6243183724832215 0.016872676451299785 0.010527745189282693
3 0.44431381321755875 0.626566432466443 0.016689277794220372 0.010161431843802499
3 0.8084212804057508 0.6233549182046981 0.01630719725863852 0.01000587412174923
2 0.8274947407420026 0.30702076342281887 0.0206323489214262 0.013588719720008366
3 0.5658459899754711 0.6256029781879195 0.016612861687103915 0.010567889117554614
2 0.7062070955268627 0.3076630662751678 0.0199751704002253 0.013538539809668654
2 0.4631427420110381 0.30975055054530204 0.02052536637146325 0.014180842662017596
2 0.3418550967958982 0.31151688338926176 0.02055593281430989 0.014341418375104904
3 0.9297089256208906 0.622712615352349 0.016123798601558964 0.009775046534186154
2 0.5844303872261779 0.3086265205536913 0.020021020064495118 0.013588719720008366
2 0.22289050123709672 0.6924024748322148 0.019455540871833783 0.013377964096581346
2 0.8289619299986373 0.6885486577181209 0.021365943549743558 0.013638899630348079
2 0.34356681759530544 0.6924024748322148 0.020479516707193432 0.013899835164114999
2 0.7081633478690423 0.6898332634228188 0.020448950264346934 0.013227424365562115
2 0.5863866395683577 0.6904755662751679 0.020479516707193432 0.013167208473154422
2 0.4650989943532178 0.6911178691275168 0.020999146235585023 0.014180842662017691