2 0.3385415503011725 0.7191213688380281 0.022194681612836952 0.016006684639084483
2 0.08381588358274648 0.32266106404049294 0.02079949570220338 0.015227411834286973
3 0.44374177528687353 0.6497029049295774 0.017431805573087916 0.010541244291923324
2 0.21191640144643237 0.7197953345070423 0.02145699710836404 0.015585456095950766
2 0.4658081639424108 0.7184474031690141 0.022852183018997534 0.01638579032790498
2 0.8483777626099234 0.7157515404929576 0.02241919428811118 0.015880316076144443
2 0.7211111489686851 0.7170994718309859 0.021569253446001153 0.015343249683648802
3 0.5717781466719096 0.6490289392605633 0.017704428107349613 0.010951942121478927
2 0.5933313634982483 0.7177734374999999 0.02198620555722497 0.01613305320202471
3 0.9520384721080287 0.2458289777728873 0.017303512615788334 0.010256915025308141
3 0.3167317475602345 0.6500398877640845 0.01683845064557719 0.009751440773547605
3 0.6990447603131479 0.6476810079225351 0.017367659094438197 0.010062096824108645
3 0.19010659870549437 0.6510508362676055 0.017303512615788334 0.010583367146236734
0 0.06656048082594551 0.9516395246478871 0.009549807008991608 0.010951942121478927
3 0.8268245457835847 0.6466700594190141 0.016710157688277466 0.009567153285926415
2 0.719058461651891 0.31642688160211263 0.021745656262288058 0.015343249683648802
2 0.3367454488989776 0.31996520136443657 0.022852183018997534 0.015827662508252634
2 0.4640120625402159 0.3184487786091549 0.02198620555722497 0.0160698689205546
2 0.21012030004423748 0.32114464128521125 0.02124852105275213 0.015111573984925145
2 0.8468382471223279 0.3154159330985915 0.022034315416212296 0.0157012939453125
2 0.5917918480106527 0.3176063215228873 0.021954132317900037 0.015227411834286973
2 0.08586857089954063 0.7197953345070423 0.021489070347688932 0.01651215889084502
3 0.6975052448255522 0.24717690911091547 0.016710157688277466 0.009983116472271169
3 0.5692122875259169 0.24903031470070422 0.01757613515005003 0.01117308710662409
3 0.4424588457138771 0.2503782460387324 0.01683845064557719 0.01058336714623683
3 0.9535779875956244 0.6456591109154929 0.01723936613713847 0.009567153285926415
3 0.8247718584667905 0.24683992627640844 0.01698278022253931 0.01001997396979533
3 0.31519223207263886 0.25172617737676056 0.016581864730977888 0.010141077175946311
3 0.18856708321789875 0.2530741087147887 0.01691863374388945 0.01049912143761001