3 0.20212158893469154 0.21479865771812087 0.017438592307430226 0.009546979865771826
2 0.2221536129186114 0.27988255033557047 0.020530269478417854 0.015251677852348943
2 0.3428312267911287 0.27812080536912753 0.021117943651415512 0.015620805369127501
3 0.32228818178721086 0.21244966442953023 0.017208632848431177 0.010469798657718148
2 0.4641220658876436 0.2769966442953021 0.021437331788914195 0.015620805369127501
3 0.4435790208837257 0.2111577181208054 0.017885735699928396 0.010469798657718148
2 0.5863838449221546 0.27667785234899334 0.021041290498415806 0.014446308724832211
3 0.6871316390147516 0.20907718120805371 0.017745204919429127 0.010855704697986563
2 0.7081601539876674 0.27538590604026847 0.021322352059414778 0.014731543624161058
3 0.5653553299492385 0.21035234899328864 0.01760467413892957 0.010973154362416106
3 0.8079370081422683 0.2082718120805369 0.017208632848431177 0.01020134228187923
3 0.20320750860218717 0.5931711409395973 0.017068102067931766 0.01020134228187923
2 0.22386553333560455 0.659010067114094 0.02072190236091705 0.014077181208053654
2 0.8294509930841822 0.2744295302013423 0.02224218989541126 0.01479865771812077
3 0.32400010220420405 0.5921979865771813 0.017208632848431177 0.010167785234899232
2 0.34454314720812185 0.6577181208053692 0.02040251422341844 0.0143959731543625
2 0.7096293394201616 0.6554697986577183 0.020249207917418882 0.014177852348993459
2 0.5873675603856505 0.6561073825503356 0.020376963172418584 0.0143959731543625
3 0.6886008244472457 0.5899496644295303 0.01815402173542737 0.01060402684563769
3 0.4455336762852179 0.5921979865771813 0.017745204919428985 0.010050335570469807
2 0.46583398630463674 0.6570805369127517 0.021565087043913755 0.015134228187919424
3 0.8098916635437606 0.5893120805369129 0.017208632848431177 0.010318791946308655
2 0.8309201785166764 0.6545134228187919 0.021488433890913903 0.014446308724832307
3 0.5673099853507308 0.5912416107382551 0.017464143358430155 0.01060402684563769
3 0.9321534425782715 0.5883557046979866 0.017809082546928836 0.01
3 0.2054048989881784 0.9724496644295304 0.017668551766429275 0.01
3 0.32546928763669813 0.9724496644295304 0.017668551766429313 0.010167785234899232
3 0.6900700098797397 0.9718120805369129 0.01793683780192825 0.01
3 0.5682937008142268 0.9724496644295304 0.018013490954927956 0.010117449664429614
3 0.4462746567642149 0.9724496644295304 0.01760467413892957 0.009848993288590388
3 0.8108626034817566 0.9705201342281878 0.017540796511429715 0.009664429530201156
3 0.9321534425782715 0.9698825503355706 0.017068102067931475 0.009546979865771922
3 0.9301476850747796 0.20825503355704703 0.018064593056927956 0.012013422818791924