3 0.4458186354641659 0.6190847457627119 0.016906134388712066 0.007576271186440712
2 0.09894605523530929 0.30401694915254235 0.019796954314720804 0.014372881355932255
0 0.08214316441538329 0.9100169491525424 0.008775703346812358 0.010067796610169731
3 0.5685236169663598 0.6174067796610169 0.016919039834810294 0.010220338983050775
3 0.3232298029768562 0.6190169491525424 0.01620924029940636 0.00945762711864423
3 0.6915383291749119 0.6164237288135592 0.016660930912845463 0.009423728813559174
3 0.20107975565688718 0.62 0.01635120020648715 0.010220338983050775
3 0.8135722274799965 0.615457627118644 0.015602684332788249 0.009033898305084827
3 0.6895637959218791 0.23101694915254237 0.015860793254753366 0.00932203389830505
3 0.5660586767615934 0.23296610169491525 0.016660930912845175 0.010711864406779625
3 0.4440247784565086 0.2339322033898305 0.015899509593048335 0.010220338983050775
2 0.22034758668157964 0.3025593220338983 0.020300266712552705 0.014542372881355922
3 0.3215133786457885 0.23538983050847453 0.016351200206487077 0.009881355932203349
2 0.10073991224296652 0.6855254237288135 0.020816484556482835 0.015830508474576278
3 0.8120881011786973 0.2306949152542373 0.016028564054030896 0.009254237288135604
3 0.19972468381657058 0.236864406779661 0.016531876451862687 0.01010169491525422
2 0.8333304654564226 0.29703389830508475 0.020932633571367276 0.015
2 0.34225243052568183 0.3012542372881356 0.02195216381312909 0.01494915254237289
2 0.46477673578250017 0.3001186440677966 0.021048782586251317 0.015237288135593208
2 0.5877914479910522 0.29898305084745763 0.020842295448679254 0.014542372881355922
2 0.7103157532478706 0.2980169491525424 0.021048782586251317 0.014711864406779683
2 0.2220769164587456 0.6855254237288135 0.020687430095500312 0.014830508474576239
3 0.9360836272907166 0.6147966101694916 0.016286672975995724 0.00928813559322028
2 0.7122902865009032 0.6829322033898305 0.020893917233072306 0.014661016949152478
2 0.34373655682698095 0.6848813559322033 0.02116493160113565 0.015406779661017065
2 0.4663770110986836 0.6842372881355931 0.02173277122945894 0.015525423728813431
2 0.8348145917577218 0.6816271186440678 0.021577905876279783 0.014830508474576239
2 0.5892755742923513 0.6835762711864407 0.02141013507700254 0.015237288135593304
3 0.9346124064355159 0.229728813559322 0.016415727436978573 0.009423728813559365
3 0.6910866385614729 0.9974576271186439 0.016777079927729508 0.005084745762711691
3 0.8136883764948808 0.9966101694915254 0.016777079927729508 0.006779661016949301
3 0.5691301729329777 0.9974576271186439 0.01806762453755481 0.005084745762711691
3 0.3245719693710746 0.9974576271186439 0.016777079927729508 0.005084745762711691
3 0.4465284349995698 0.9974576271186439 0.01806762453755481 0.005084745762711691
3 0.20261550374257933 0.9974576271186439 0.01806762453755488 0.005084745762711691
3 0.9362901144282887 0.9966101694915254 0.016777079927729508 0.006779661016949301