3 0.32315540350801397 0.9858815059726961 0.01841955423489004 0.010452218430034084
3 0.6927868622283664 0.985228242320819 0.01806294670340655 0.010294006139345129
3 0.20135067449345484 0.9858815059726961 0.018140470079815986 0.010258280783383119
3 0.5692456095822352 0.9858815059726961 0.018528086961863307 0.010452218430034084
2 0.21784764899339007 0.28345976429180886 0.020776264877737937 0.014473872786902764
3 0.445704356936104 0.9858815059726961 0.018140470079815917 0.010452218430034084
2 0.22008032223398277 0.6670888438566552 0.021179386435067175 0.015045478482295304
2 0.5885954443340389 0.665782316552901 0.020853788254147375 0.015157758172461512
3 0.8153358156564565 0.9845749786689418 0.017721843847204835 0.01021745180514093
3 0.19725744021903485 0.21699018771331055 0.017923404625869454 0.010707399544048618
2 0.3402725650192249 0.28182660516211605 0.021427461239577467 0.015637498666808844
2 0.465302266492418 0.6664355802047781 0.021923610848598056 0.015637498666808938
2 0.3422571634553073 0.6670888438566552 0.02122590046091292 0.015392524797354857
3 0.31943428144035935 0.21519371267064846 0.017721843847204835 0.010416493074072074
2 0.7126328465891908 0.6644757892491466 0.021504984615986832 0.014586152477069163
3 0.6893138149652221 0.2116007625853242 0.017861385924742006 0.010870715457017894
2 0.4635657428608459 0.28035676194539244 0.02217168565310842 0.016066202938353247
3 0.5662687119281116 0.21290728988907848 0.017799367223614342 0.011564808087137331
3 0.4427274592819804 0.21405050127986347 0.01828001215735294 0.010829886478775563
2 0.7106482481531082 0.2783969709897611 0.0214584705901413 0.015219001639825081
3 0.8123589180023328 0.2107841830204778 0.017055142810083246 0.010452218430034084
2 0.5871069955069771 0.27954018238054607 0.02122590046091292 0.015280245107188553
3 0.1988699264483518 0.6001293195392491 0.01779936722361427 0.011207554527517042
2 0.8336933511902189 0.27758039142491464 0.021753059420497198 0.015453768264718424
2 0.8356779496263015 0.6631692619453925 0.021380947213731794 0.014473872786902764
3 0.32141887987644185 0.5998026877133106 0.017659825146077245 0.010911544435260226
3 0.9359001706484641 0.20996760345563137 0.017318722289875455 0.01078905750053328
3 0.9383809186935671 0.9832684513651877 0.01765982514607717 0.009906130846043198
3 0.568253310364194 0.5981695285836177 0.017659825146077314 0.010707399544048712
3 0.44471205771806277 0.5991494240614335 0.01820248878094358 0.010493047408276463
3 0.6912984134013046 0.5975162649317406 0.018342030858480605 0.01078905750053328
3 0.8143435164384153 0.5962097376279862 0.018000928002278888 0.010656363321245787
3 0.9378847690845464 0.5958831058020477 0.01765982514607717 0.010452218430034084