0 0.08325809968316697 0.9062919463087248 0.009006745477463978 0.010318791946308845
3 0.9282441317752872 0.2537080536912752 0.015982182400436157 0.009664429530201347
2 0.22239634790311044 0.705251677852349 0.020453616325418148 0.014345637583892502
2 0.34307396177562777 0.7046140939597316 0.020760228937416976 0.014563758389261732
2 0.7076746840186693 0.7026845637583893 0.020249207917418882 0.013791946308724807
2 0.8289655231151841 0.7013926174496644 0.02107961707491566 0.014228187919463077
2 0.4646075358566416 0.7039597315436242 0.021117943651415512 0.015134228187919424
2 0.5863838449221546 0.7033221476510069 0.02083688209041654 0.014731543624160964
2 0.10245971450959017 0.705251677852349 0.02055582052941778 0.015369127516778462
2 0.34160477634313363 0.32404362416107385 0.02165451572241346 0.01479865771812077
2 0.2206844274861173 0.3254865771812081 0.02017255476441932 0.014228187919463077
3 0.9297133172077814 0.6345973154362418 0.016493203420434106 0.009664429530201347
2 0.5839437195516642 0.32194630872483226 0.020249207917419024 0.014395973154362404
2 0.7062054985861753 0.32067114093959737 0.02079855551391683 0.014563758389261732
2 0.4628956154396484 0.32291946308724834 0.020453616325418148 0.015134228187919424
3 0.8064678227097742 0.25434563758389267 0.016186590808435278 0.009697986577181154
2 0.8274963376826902 0.3200335570469799 0.02095186181991624 0.014446308724832211
2 0.10068391646509726 0.32644295302013426 0.019904268728920416 0.014513422818791923
3 0.3208317718802167 0.25884228187919467 0.015867202670936487 0.010721476510067116
2 0.5658407999182368 0.63748322147651 0.016748713930433083 0.010771812080536923
3 0.5634006745477464 0.25627516778523496 0.017272510475930886 0.010973154362416153
3 0.3222881817872109 0.6390939597315437 0.01630157053793484 0.010285234899328847
2 0.6871316390147516 0.636526845637584 0.01642932579293411 0.010687919463087307
3 0.6846915136442614 0.25515100671140944 0.01687646918543264 0.010318791946308655
3 0.19989864749770042 0.2602852348993289 0.01681259155793279 0.011073825503355767
3 0.8089079480802644 0.6355536912751679 0.015739447415937035 0.010050335570469807
2 0.4443200013627228 0.6384563758389262 0.016608183149933523 0.010570469798657693
3 0.4423525704357306 0.25771812080536916 0.016608183149933523 0.011107382550335576
2 0.2019810581541921 0.6390939597315437 0.01681259155793279 0.011107382550335576