3 0.20149399124450654 0.21340512269295303 0.017331173093998023 0.010477565278942957
2 0.22215690660877938 0.2787594379194631 0.020754614692812475 0.014853253460570481
2 0.34283322296698804 0.27699310507550334 0.02072404824996598 0.015375124528104038
3 0.322048041831329 0.21179936556208054 0.017407589201114446 0.010086161978292764
2 0.46436539972490043 0.27619022651006714 0.021778590528172197 0.015375124528104038
3 0.6871336351906109 0.20842727558724833 0.017606271079617142 0.010608033045826323
3 0.4438247501320138 0.21067533557046986 0.01780495295811973 0.010241719700346081
3 0.8079322173202059 0.20778497273489935 0.01727004020830496 0.01020157577207423
3 0.5653569268899261 0.21003303271812082 0.017407589201114407 0.011069688220952188
2 0.7081633478690423 0.2737815908137584 0.020724048249965835 0.014120626769609904
2 0.5863866395683577 0.2757084993708054 0.020678198585696164 0.014231022572357404
2 0.8294509930841822 0.27346043938758396 0.02194670596382829 0.015134260958473172
3 0.20345024358668623 0.5931666841442954 0.0170713583298023 0.010316989565855769
2 0.22411315895095904 0.6590027265100672 0.020800464357082365 0.014281202482697116
3 0.3240042941735087 0.5922032298657718 0.017407589201114446 0.010276845637583847
3 0.9301979887064356 0.20682151845637586 0.017606271079617142 0.0103571334941275
2 0.34454494376639533 0.6583604236577182 0.02032668449296066 0.014853253460570386
2 0.5873647657394475 0.6561123636744968 0.020678198585696164 0.014622425873007501
3 0.5673131792321058 0.5909186241610739 0.017606271079617142 0.011069688220952117
3 0.6886008244472457 0.5899551698825504 0.018370432150781137 0.010939220454068845
2 0.7096305371256773 0.6557912122483223 0.020280834828690843 0.014180842662017691
2 0.8309181823408169 0.6548277579697988 0.021274244221203924 0.014622425873007501
2 0.4660771205243076 0.6573969693791947 0.02168689119963242 0.015254692743288653
3 0.44553647093142107 0.5918820784395974 0.017545138193924004 0.010086161978292693
3 0.8098884696623856 0.588991715604027 0.017208907322611967 0.010316989565855769
3 0.9321542410486152 0.5883494127516778 0.01788136906523604 0.010046018050020962
3 0.32571601497291597 0.972446518456376 0.01754513819392397 0.010161431843802499
3 0.2054064959288659 0.972446518456376 0.017468722086807546 0.010241719700345963
3 0.4465145971025109 0.972446518456376 0.017545138193924004 0.01004601805002115
3 0.5687803684887406 0.972446518456376 0.018018918058045636 0.010086161978292693
3 0.6900680137038804 0.9711619127516778 0.01774382007242659 0.010201575772074421
3 0.8108665958334753 0.9705196098993291 0.017545138193923858 0.01000587412174923
3 0.9321542410486152 0.96987730704698 0.01713249121549551 0.009514111000419613