3 0.18709733740724577 0.1982241379310345 0.015870798777826288 0.009189655172413751
3 0.5597599301615016 0.1937241379310345 0.016708860759493727 0.011379310344827568
3 0.43518987341772153 0.1948793103448276 0.016329113924050603 0.011965517241379283
3 0.6865822784810127 0.5859482758620691 0.016708860759493727 0.010810344827586202
3 0.31212570929725014 0.5882586206896553 0.01583151462243569 0.011206896551724223
2 0.20811436054124838 0.264844827586207 0.02078131820165864 0.014965517241379303
2 0.45574858140549984 0.26170689655172413 0.020519423832387522 0.014344827586206843
2 0.33167612396333485 0.2627068965517242 0.020676560453950193 0.014793103448275814
2 0.8294456569183762 0.25889655172413795 0.02063727629855967 0.014913793103448257
2 0.5808162374508948 0.2607241379310345 0.02135748581405496 0.014741379310344863
2 0.7051243998254038 0.25989655172413795 0.0221955477957224 0.015137931034482695
2 0.2099869052815365 0.6552413793103449 0.02078131820165864 0.014965517241379303
2 0.5828197293758185 0.653603448275862 0.021567001309471857 0.014793103448276005
2 0.33343081623745097 0.6549137931034483 0.021606285464862526 0.015206896551724185
2 0.45775207333042345 0.6542586206896552 0.0209122653862942 0.014568965517241472
3 0.19131383675250982 0.9770000000000001 0.017101702313400264 0.010396551724137832
2 0.707638585770406 0.6526034482758621 0.02180270624181601 0.01484482758620686
2 0.8314491488433 0.651948275862069 0.021475338280226967 0.015310344827586277
2 0.08548232213007421 0.26682758620689656 0.019890877346137047 0.015137931034482695
3 0.5637669140113488 0.9770000000000001 0.01825403753819305 0.010810344827586202
3 0.4394456569183762 0.9776724137931034 0.017769532955041478 0.011017241379310387
3 0.6870798777826278 0.9763448275862068 0.01763858577040606 0.010603448275862395
3 0.31437800087298123 0.9770000000000001 0.016839807944129218 0.010448275862068689
3 0.8109035355739852 0.9750344827586207 0.01710170231340012 0.00986206896551721
3 0.9357223919685728 0.9737068965517243 0.016839807944129002 0.010396551724137832
2 0.08548232213007421 0.6562413793103449 0.020362287210824993 0.013172413793103412
3 0.3109340899170668 0.19660344827586207 0.016656481885639503 0.009637931034482771
3 0.684290702749891 0.19277586206896552 0.01710170231340012 0.009086206896551752
3 0.8083762549105196 0.19208620689655173 0.01725883893496308 0.0091551724137931
3 0.9328022697512005 0.1915 0.016996944565691962 0.009810344827586212
3 0.43681361850720213 0.5880689655172414 0.016446966390222608 0.011448275862068915
3 0.5610563072893933 0.587551724137931 0.016905281536446926 0.009948275862068954
3 0.8102618943692711 0.5854655172413793 0.01617197730248779 0.009896551724137908
3 0.9348450458315146 0.5845 0.015739851593190583 0.008637931034482828
3 0.18910082933216937 0.5889827586206897 0.016263640331732897 0.010379310344827484