3 0.3170470116142502 0.9825896243492052 0.01818709066700378 0.010600499571164938
3 0.1905335500130497 0.2054946363307244 0.01798414459089126 0.010765487891338825
2 0.2115150520357562 0.2724798943212771 0.02091905707621034 0.015024248905824393
2 0.3347813764191569 0.2709949994397131 0.02157472901441987 0.016106984756964777
2 0.4589219300535038 0.26967509287832286 0.021824508800404565 0.01585950227670416
3 0.314049654182435 0.20384475312898664 0.017578252438666286 0.010765487891338825
3 0.4379404280307973 0.20252484656759642 0.01818709066700378 0.010940787981523474
3 0.4406880056766279 0.9825896243492052 0.017921699644395193 0.010523161296083591
3 0.6892188927313062 0.98192967106851 0.01804658953738747 0.010559252491121503
3 0.1945300265888033 0.9825896243492052 0.01804658953738747 0.010817046741393168
3 0.5618312018791596 0.20153491664655376 0.01778119851477874 0.01145637648206652
3 0.8126101070076992 0.981269717787815 0.01784364346127502 0.0102808347008285
3 0.565328118882944 0.9825896243492052 0.01857737158260479 0.010523161296083591
3 0.686221535299491 0.2002150100851636 0.01812464572050764 0.011105776301697219
2 0.7077025968941667 0.2676952330362376 0.02137178293830742 0.01531297846612854
2 0.5833122634738352 0.2690151395976278 0.02104394696920269 0.014910819435704945
3 0.8101123091478533 0.19922508016412094 0.01770314233165871 0.010481914216040155
2 0.831593370742529 0.26670530311519497 0.021855731273652493 0.015436719706258848
3 0.5638294401670363 0.5912373288970106 0.017984144590891333 0.011373882321979552
3 0.3155483328983426 0.5928872120987483 0.01804658953738747 0.010765487891338871
3 0.1922820085149419 0.5932171887390959 0.017703142331658636 0.01150793533212091
2 0.33652983492104915 0.6605324233699961 0.021122003152322866 0.015550149176378392
3 0.43968888653268945 0.5922272588180533 0.01818709066700378 0.010363328860915181
3 0.6882197735873677 0.590247398975968 0.018405647979740265 0.011105776301697219
2 0.21351329032363303 0.6611923766506913 0.021122003152322866 0.01526141961607415
2 0.5848109421897429 0.6592125168086059 0.020919057076210414 0.015086119525889547
0 0.06970257854299881 0.9146144364376098 0.009226240844806203 0.010940787981523474
2 0.46067038855539605 0.659872470089301 0.022027454876517017 0.01598324351683447
3 0.9370004404280308 0.9799498112264247 0.01784364346127502 0.009852896245377567
3 0.8121105474357301 0.5892574690549253 0.01778119851477888 0.010682993731252
3 0.9345026425681846 0.19889510352377338 0.01770314233165871 0.010817046741393119
2 0.7097008351820435 0.6585525635279108 0.02127811551856321 0.014065254294814318
2 0.8335916090304057 0.656902680326173 0.021777675090532318 0.014797389965585496
3 0.9365008808560615 0.5885975157742303 0.018265146850123953 0.010724240811295437