0 0.0839965849423398 0.9075739303691277 0.009391539564604772 0.01000587412174923
3 0.3186246002325146 0.21661663695469802 0.0170713583298023 0.010437421350671154
3 0.19770375233153342 0.2175800912332215 0.017331173093998096 0.0101212879155306
3 0.5614444222055668 0.21340512269295303 0.01720890732261182 0.010808752687185385
3 0.43991224544765445 0.21485030411073827 0.017407589201114407 0.010567889117554519
3 0.6851773828484312 0.5947724412751679 0.017545138193923858 0.010241719700345963
2 0.3408769706248084 0.6622142407718121 0.021442359656860015 0.015736419882550385
3 0.4418684977898341 0.5960570469798658 0.018156467050855087 0.010567889117554614
3 0.1996600046737131 0.5976628041107382 0.01727004020830496 0.010437421350671154
3 0.8045087757213913 0.21147821413590606 0.01727004020830496 0.010086161978292789
3 0.5629116114622015 0.5954147441275168 0.018462131479320628 0.010858932597525192
3 0.806465028063571 0.5938089869966443 0.01788136906523604 0.009775046534186154
3 0.32009178948914935 0.5970205012583893 0.016750410679913473 0.00973992059694846
2 0.2203229200379859 0.6628565436241611 0.02087688046419875 0.01543534042051173
2 0.4624091473827207 0.6615719379194632 0.021197828114087613 0.01567620399014269
2 0.5844303872261779 0.6609296350671141 0.02156462542824629 0.014793037568162692
2 0.7057180324413179 0.6596450293624162 0.021442359656860015 0.014682641765415193
3 0.6856664459339761 0.9737311241610739 0.017545138193923858 0.010276845637583847
3 0.6832211305062516 0.2126022441275168 0.01675041067991351 0.009739920596948413
3 0.3222925733741015 0.9750157298657719 0.0171324912154954 0.010161431843802499
3 0.4433356870464689 0.9750157298657719 0.01774382007242659 0.010241719700345963
3 0.5643788007188363 0.9743734270134229 0.017667403965310132 0.010316989565855769
2 0.10141945736487754 0.2842190121644296 0.014526701962826422 0.014682641765415288
3 0.9257964209365313 0.21083591128355705 0.01733117309399795 0.010437421350671154
3 0.807443154234661 0.972446518456376 0.01774382007242659 0.010086161978292693
2 0.8270056776564576 0.6590027265100672 0.02173274086390238 0.015134260958473079
3 0.20161625701589275 0.9750157298657719 0.01727004020830496 0.010276845637583847
3 0.9277526732787109 0.5928455327181209 0.01774382007242659 0.010086161978292693
2 0.3394097813681736 0.28116807361577184 0.021274244221203924 0.015796635774958077
2 0.10282551373581916 0.6634988464765101 0.015214446926873963 0.015134260958473079
3 0.9282417363642559 0.971804215604027 0.0168115435656065 0.010086161978292693
2 0.21848893346719248 0.2824526793204698 0.020922730128468566 0.01543534042051173
2 0.8250494253142779 0.27683252936241615 0.020831030799928933 0.014963649263317981
2 0.703761780099138 0.2773142565016779 0.02156462542824629 0.015254692743288558
2 0.46094195812608596 0.28004404362416113 0.021121412006971155 0.014963649263317981
2 0.5819850717984534 0.2787594379194631 0.021365943549743704 0.015194476850880866