3 0.18464320302269752 0.21741985452586207 0.01824980477275206 0.010524249898976261
2 0.2058223756001746 0.28375202047413794 0.02078754586561547 0.015201121363146513
2 0.32963907682234833 0.2821019665948276 0.021680454768659995 0.01604677397629312
3 0.30833458369707556 0.21576980064655174 0.017560541759875627 0.010524249898976261
2 0.453957060235705 0.2811119342672414 0.021899765727302473 0.01579926589439651
2 0.7035955914447839 0.27880185883620695 0.021649124631710925 0.015262998383620736
3 0.43265256711043215 0.21444975754310344 0.017983498608686192 0.010859417093211239
2 0.5792776080314274 0.2804519127155172 0.020991191755783487 0.01485048491379312
3 0.6820404572239198 0.21180967133620687 0.018046158882584044 0.010983171134159496
3 0.8063584406372765 0.21098464439655173 0.017983498608686192 0.010281898235452615
3 0.5577224738105632 0.21329471982758622 0.017842512992415956 0.011375058930495688
2 0.8279135748581405 0.27797683189655176 0.021978091069674716 0.015314562567349128
3 0.18652301123963336 0.6073275862068966 0.017983498608686192 0.010684098868534496
2 0.2079528249127019 0.6746497844827586 0.021038186961206875 0.014798920730064728
3 0.3100890713662156 0.6066675646551725 0.017905173266313808 0.010684098868534496
3 0.9311777062418158 0.21032462284482759 0.017905173266313808 0.01081816574622844
2 0.33139356449148843 0.6739897629310345 0.021398483536119662 0.015376439587823256
3 0.5592263203841118 0.6050175107758621 0.017842512992415956 0.010941919787176744
2 0.7056007202095156 0.6720096982758621 0.021602129426287607 0.014458597117456975
3 0.43465769587516373 0.6060075431034484 0.017842512992415956 0.010441747205010756
2 0.8299187036228721 0.6703596443965517 0.021774445179506628 0.01467516668911647
3 0.6840455859886513 0.6040274784482759 0.018672761621562558 0.010859417093211239
3 0.8083635694020079 0.6030374461206898 0.018249804772752135 0.010482998551993509
2 0.5802801724137931 0.6726697198275863 0.021194837645951575 0.015139244342672479
2 0.4557115479048451 0.6733297413793103 0.02219740202831734 0.015438316608297479
3 0.9331828350065474 0.6023774245689656 0.018249804772752135 0.010441747205010756
3 0.18734177215189873 0.995 0.020253164556962026 0.01
3 0.4341772151898734 0.995 0.017721518987341773 0.01
3 0.8075949367088607 0.9933333333333333 0.015189873417721518 0.013333333333333334
3 0.310126582278481 0.995 0.017721518987341773 0.01
3 0.6835443037974683 0.9933333333333333 0.020253164556962026 0.013333333333333334
3 0.5594936708860759 0.995 0.020253164556962026 0.01
3 0.9316455696202531 0.9933333333333333 0.015189873417721518 0.013333333333333334
0 0.06358355385202968 0.9280980603448277 0.008976084235868615 0.011106925175107942