3 0.1948625054561327 0.21905172413793106 0.018188563945875126 0.010724137931034553
2 0.21591881274552596 0.28555172413793106 0.021475338280226967 0.015741379310344805
3 0.3185552160628547 0.21739655172413797 0.017769532955041478 0.010810344827586202
2 0.33961152335224803 0.28389655172413797 0.021567001309471857 0.01629310344827587
2 0.464181580096028 0.28291379310344833 0.021606285464862526 0.015793103448275947
3 0.44312527280663466 0.2159137931034483 0.017900480139676895 0.010758620689655156
3 0.6925141859450022 0.2137758620689655 0.017900480139677183 0.010948275862068991
2 0.7140680925360106 0.28143103448275864 0.021278917503273768 0.014793103448275814
3 0.8168354430379746 0.21312068965517247 0.01784810126582296 0.010396551724137927
2 0.589249236141423 0.28258620689655173 0.021069402007856872 0.014620689655172422
3 0.19649934526407686 0.6084655172413794 0.01804452204277608 0.01098275862068969
3 0.5676953295504147 0.21543103448275863 0.017769532955041478 0.011465517241379359
2 0.838389349628983 0.28027586206896554 0.022274116106503736 0.015206896551724091
2 0.2179223046704496 0.6761206896551724 0.021357485814055034 0.014620689655172518
3 0.9416542994325623 0.21244827586206896 0.01797904845045823 0.010896551724137898
2 0.3413662156263641 0.6754655172413794 0.021147970318638066 0.015379310344827483
3 0.3203099083369708 0.6081379310344828 0.018188563945875126 0.010948275862068991
3 0.44487996508075084 0.6078103448275862 0.017979048450458373 0.010362068965517134
2 0.7150763858577042 0.6728103448275863 0.02088607594936709 0.014517241379310234
3 0.6940200785683108 0.6055 0.018830205150589516 0.010948275862068991
3 0.8183413356612834 0.6048275862068966 0.017900480139677183 0.010603448275862017
3 0.5696988214753383 0.6068103448275862 0.018188563945875126 0.011068965517241243
2 0.5902575294631166 0.6734827586206897 0.0209122653862942 0.01513793103448279
2 0.8398952422522916 0.6718275862068966 0.022156263640331877 0.014965517241379303
2 0.4656874727193366 0.6747931034482759 0.021855085115670088 0.015793103448275853
3 0.9431601920558709 0.6041724137931035 0.018332605848974386 0.010603448275862017
3 0.4443037974683544 0.995 0.017721518987341773 0.01
3 0.320253164556962 0.995 0.017721518987341773 0.01
3 0.1962025316455696 0.995 0.017721518987341773 0.01
3 0.6949367088607595 0.995 0.017721518987341773 0.01
3 0.569620253164557 0.995 0.020253164556962026 0.01
3 0.8164556962025317 0.995 0.017721518987341773 0.01
3 0.9417721518987342 0.9933333333333333 0.020253164556962026 0.013333333333333334