3 0.8097459801573726 0.6307263513513514 0.016434314060896363 0.010304054054054178
2 0.1012487170715019 0.7018581081081081 0.020411392405063292 0.015658783783783672
3 0.9315472117687309 0.6300844594594595 0.016434314060896363 0.009949324324324304
3 0.6874572357167295 0.6320270270270271 0.016819192610331744 0.010675675675675697
3 0.2007526513855628 0.6349324324324325 0.016434314060896363 0.010304054054054178
2 0.4644842627437565 0.6999155405405406 0.02088607594936709 0.014543918918918925
2 0.3426958604173794 0.7005574324324325 0.020809100239479954 0.01478040540540538
3 0.5656560041053712 0.632989864864865 0.016755046185425893 0.010540540540540632
2 0.22126667807047554 0.7018581081081081 0.020462709544987998 0.014611486486486455
3 0.32157885733835107 0.6342905405405407 0.016562606910708204 0.010641891891891835
2 0.5862854943551147 0.6999155405405406 0.020462709544988144 0.01356418918918924
2 0.7085742387957578 0.6986317567567568 0.020218953130345458 0.013682432432432468
3 0.44336725966472806 0.6336317567567569 0.016678070475538903 0.010304054054054178
2 0.09909339719466302 0.32097972972972977 0.020065001710571333 0.014898648648648607
3 0.8077830995552514 0.24792229729729737 0.015395141977420349 0.009847972972972912
2 0.830862983236401 0.6973310810810812 0.021091344509066207 0.013834459459459558
2 0.5848101265822785 0.31645270270270276 0.020360075265138583 0.014442567567567626
2 0.2197913102976394 0.32001689189189186 0.02021895313034553 0.014375
2 0.7070988710229217 0.315 0.020334416695176157 0.014324324324324398
3 0.6859818679438934 0.24871621621621623 0.016370167635990515 0.01042229729729731
2 0.34097673622990077 0.3183952702702703 0.021168320218953197 0.015304054054054082
2 0.4627651385562778 0.3171114864864865 0.020411392405063292 0.015118243243243228
3 0.19916182004789604 0.25405405405405407 0.0158056790968183 0.010726351351351393
3 0.44214847759151554 0.2516385135135135 0.017345193294560392 0.010354729729729683
3 0.5641934656175163 0.25001689189189186 0.017024461170030716 0.010591216216216235
3 0.9295843311666097 0.24758445945945945 0.016254704071159812 0.010118243243243228
2 0.8289001026342799 0.3140371621621622 0.020411392405063292 0.01417229729729731
3 0.3193593910366062 0.2529222972972973 0.016883339035237734 0.010236486486486457
0 0.08165839890523435 0.9133108108108108 0.008903523776941489 0.010270270270270127