3 0.2039277009498726 0.2595667807585479 0.015932456025653702 0.008971261653117324
2 0.1048876873655019 0.3256063971178501 0.021320093885473814 0.015194476850880866
3 0.3240042941735087 0.2580451709312081 0.017010225444109236 0.01020157577207423
3 0.44431381321755875 0.2562788380872484 0.016689277794220372 0.010276845637583847
3 0.5658459899754711 0.2551548080956376 0.016811543565606647 0.010567889117554519
2 0.34454494376639533 0.3230783347315436 0.02104499589985484 0.015084081048133366
3 0.6871336351906109 0.2538702023909396 0.01655172880141078 0.010005874121749135
3 0.8084212804057508 0.2527461723993289 0.016047382494442507 0.009333463323196345
2 0.22435769049373153 0.32484466757550334 0.02017385227872789 0.014180842662017596
2 0.8294509930841822 0.3184216390520135 0.020953296571315207 0.014793037568162788
3 0.3254714834301435 0.6384490352348994 0.016429463030024648 0.010161431843802499
2 0.4655880574387627 0.32147257760067116 0.0213965099925902 0.015254692743288558
3 0.44602553401696593 0.6378067323825504 0.016811543565606647 0.01000587412174923
3 0.5678022423176508 0.6374855809563759 0.01655172880141078 0.0103571334941275
2 0.7086524109545873 0.31938509333053694 0.020403100600077117 0.014451814177852308
3 0.6895789506183355 0.6362009752516778 0.01694909255841595 0.009965730193477308
3 0.20565102747163833 0.6384490352348994 0.017010225444109236 0.010086161978292693
3 0.8103775327479305 0.6352375209731544 0.016429463030024506 0.009187941583210962
2 0.5868757026539025 0.32002739618288595 0.020754614692812475 0.014963649263317981
3 0.9292198625353457 0.2521038695469799 0.015565961019609428 0.009739920596948367
2 0.22582487975036628 0.7039639261744968 0.019898754293108917 0.014682641765415193
2 0.10631008822032673 0.7046062290268457 0.021518775763976438 0.014341418375104808
2 0.34601213302303 0.7039639261744968 0.0206323489214262 0.014732821675755
2 0.8314072454263619 0.7013947147651007 0.020831030799928933 0.014401634267512502
2 0.710119600211222 0.7026793204697988 0.020922730128468566 0.014120626769609809
2 0.46705524669539744 0.7033216233221476 0.021518775763976473 0.01508408104813346
2 0.5883428919105373 0.7026793204697988 0.0206323489214262 0.015023865155725579
3 0.9311761148775254 0.6342740666946309 0.016123798601558964 0.009047437834259616