3 0.18056434599156118 0.19628472222222224 0.016758966244725716 0.009965277777777809
3 0.6809203586497891 0.19036458333333336 0.01644251054852311 0.011232638888888905
3 0.4303006329113924 0.19239583333333332 0.01664029535864984 0.012048611111111095
3 0.5557357594936709 0.19102430555555558 0.016706223628691935 0.011666666666666667
3 0.18208069620253164 0.5871354166666667 0.016442510548523255 0.011545138888888763
3 0.30638185654008443 0.5868055555555556 0.015770042194092875 0.011284722222222286
3 0.6829377637130803 0.5844791666666668 0.016824894514768027 0.011024305555555619
3 0.9317774261603377 0.18819444444444447 0.01761603375527407 0.011232638888888905
3 0.43239715189873423 0.5857986111111111 0.016890822784810126 0.011631944444444571
3 0.8071070675105486 0.5838020833333334 0.01644251054852311 0.010069444444444381
3 0.5572521097046413 0.585138888888889 0.01782700421940933 0.011180555555555619
3 0.9338080168776374 0.5828125 0.01644251054852311 0.011024305555555619
2 0.3260680379746836 0.26213541666666673 0.02078059071729953 0.015486111111111143
2 0.8272943037974684 0.25682291666666673 0.020978375527426256 0.015069444444444476
2 0.20164820675105485 0.26296875 0.020622362869198264 0.015607638888888952
2 0.5769382911392406 0.2588194444444445 0.020925632911392406 0.01449652777777781
2 0.7026239451476795 0.25798611111111114 0.022204641350210778 0.015017361111111047
2 0.4517536919831224 0.2613020833333333 0.021215717299578156 0.014670138888888858
2 0.203665611814346 0.6555902777777778 0.02054324894514763 0.01524305555555543
2 0.3278349156118144 0.6549131944444445 0.021624472573839565 0.015607638888888952
2 0.7046413502109704 0.6529340277777778 0.021954113924050632 0.015364583333333333
2 0.07803270042194094 0.2647916666666667 0.020002637130801665 0.015364583333333333
2 0.4530195147679325 0.6542534722222223 0.021110232067510597 0.015190972222222286
2 0.5789556962025316 0.6539236111111112 0.021624472573839565 0.0153125
3 0.18434862869198315 0.978576388888889 0.017497362869198264 0.010434027777777905
2 0.8293117088607597 0.6522569444444445 0.0214662447257383 0.0153125
3 0.6839398734177217 0.9780208333333336 0.018103902953586402 0.010677083333333334
3 0.43433544303797467 0.9792534722222223 0.01782700421940933 0.010677083333333334
3 0.5592695147679325 0.978576388888889 0.01802478902953577 0.010399305555555429
3 0.8091244725738397 0.9772569444444443 0.01708860759493671 0.010121527777777525
3 0.3083992616033755 0.978576388888889 0.016824894514767957 0.01
3 0.9342299578059072 0.9752604166666666 0.016890822784810126 0.01022569444444457
2 0.07816455696202533 0.65625 0.02038502109704642 0.014010416666666666
3 0.3051028481012658 0.19406250000000003 0.017128164556962026 0.010468749999999952
3 0.8059071729957807 0.18989583333333335 0.017194092827004123 0.008923611111111096