3 0.32571601497291597 0.9737311241610739 0.01774382007242659 0.010397277422399232
3 0.4435802185892414 0.21276281984060405 0.017407589201114407 0.010527745189282716
2 0.2224014381515518 0.28004404362416113 0.02037253415723055 0.015084081048133366
3 0.20577329324302457 0.9737311241610739 0.017881369065236113 0.010276845637583847
3 0.6900680137038804 0.973088821308725 0.017942501950929324 0.01035713349412769
3 0.20161625701589275 0.21549260696308725 0.01780495295811973 0.010477565278942957
3 0.4465145971025109 0.9743734270134229 0.017667403965310132 0.010437421350671154
3 0.32253710491687393 0.21388684983221481 0.017270040208304922 0.01027684563758387
2 0.46436539972490043 0.27747483221476515 0.021442359656860015 0.015194476850880866
2 0.3430777545097605 0.27859886220637586 0.020922730128468566 0.01555577220532721
3 0.8108665958334753 0.972446518456376 0.017606271079617142 0.01000587412174923
3 0.5687803684887406 0.9737311241610739 0.01808005094373877 0.010316989565855769
3 0.5658459899754711 0.21163878984899331 0.017407589201114407 0.0109793643823406
3 0.6871336351906109 0.2105147598573826 0.017468722086807692 0.010567889117554543
0 0.08344638897110178 0.9075739303691277 0.009246348961083626 0.010241719700345963
2 0.7081633478690423 0.27554792365771813 0.021121412006971298 0.014562209980599808
3 0.8084212804057508 0.2093907298657718 0.01713249121549551 0.009890460327967693
2 0.5863866395683577 0.27683252936241615 0.020678198585696164 0.014401634267512595
3 0.20345024358668623 0.5950935927013423 0.01754513819392393 0.010939220454068845
3 0.3240042941735087 0.5944512898489933 0.01720890732261182 0.010527745189282693
3 0.5673131792321058 0.5928455327181209 0.017606271079617142 0.010808752687185385
2 0.8294509930841822 0.2744238936661074 0.021365943549743558 0.014512030070260095
2 0.34454494376639533 0.6596450293624162 0.020479516707193432 0.014853253460570386
3 0.44578100247419344 0.5938089869966443 0.018156467050855087 0.01020157577207423
2 0.22423542472234528 0.6602873322147652 0.020953296571315134 0.014562209980599808
3 0.6886008244472457 0.5918820784395974 0.01801891805804549 0.010477565278942886
3 0.9321542410486152 0.9711619127516778 0.01733117309399795 0.009699776668676729
2 0.4660771205243076 0.6596450293624162 0.0213965099925902 0.01519447685088096
2 0.5878538288249924 0.6590027265100672 0.020204418721574385 0.014451814177852308
3 0.8098884696623856 0.5909186241610739 0.017545138193923858 0.010276845637583847
3 0.9297089256208906 0.20906957843959736 0.017208907322611967 0.010567889117554543
2 0.7096305371256773 0.6577181208053692 0.020831030799928933 0.013689079540687885
2 0.8309181823408169 0.6564335151006713 0.02132009388547374 0.014451814177852308
3 0.9316651779630702 0.5905974727348994 0.017667403965310132 0.010241719700345963