2 0.09435486346027937 0.7023302801724138 0.020239268469009163 0.015201121363146513
2 0.46524102466171985 0.7010102370689656 0.021680454768659995 0.014912361934267248
2 0.3409230412483632 0.7016702586206898 0.02124183285137489 0.014912361934267248
2 0.5900602902662594 0.7003502155172415 0.02111651230357919 0.014066709321120736
2 0.21723166057398516 0.7023302801724138 0.021241832851374962 0.014623602505387983
2 0.0923497346955478 0.31308257004310347 0.020239268469009163 0.015613634832974128
2 0.7148795558707988 0.6990301724137932 0.021116512303579332 0.014180150525323256
2 0.8391975392841554 0.698370150862069 0.022573363671704445 0.01467516668911647
2 0.21535185235704934 0.31192753232758624 0.020881536276462245 0.015201121363146513
3 0.1960524879965081 0.6350080818965518 0.017231575321911833 0.010941919787176744
2 0.5885564436927107 0.3084624191810345 0.020912866413411245 0.014623602505387889
2 0.7128744271060673 0.30714237607758627 0.020834541071038857 0.01485048491379312
2 0.33916855357922304 0.31027747844827586 0.021649124631711068 0.015675511853448256
2 0.4637371780881711 0.3092874461206897 0.020912866413411245 0.014963926117995735
3 0.31936790702749895 0.6343480603448276 0.01702792943174382 0.010524249898976261
3 0.44418717263203844 0.6340180495689656 0.01710625477411613 0.01060159617456899
2 0.8376936927106067 0.30631734913793107 0.02119483764595143 0.014963926117995735
3 0.6933244216499345 0.6320379849137931 0.017701527376145717 0.010983171134159496
3 0.5690064382365779 0.6326980064655172 0.01716891504801398 0.0107666015625
3 0.8176424050632911 0.6310479525862069 0.017027929431743888 0.010482998551993509
3 0.44268332605848976 0.24196524784482762 0.017372560938182072 0.010900668440193991
3 0.691319292885203 0.23949016702586207 0.01729423559580983 0.010859417093211239
3 0.3183653426451332 0.24345029633620693 0.016902608883948043 0.01060159617456899
3 0.19429800032736796 0.2446053340517242 0.016651967788356637 0.011240992052801744
3 0.5670013094718465 0.24064520474137932 0.01716891504801398 0.011282243399784496
3 0.9424616706678307 0.6303879310344829 0.016714628062254346 0.009931261786099222
3 0.8166398406809253 0.23916015625 0.016902608883948185 0.010482998551993509
3 0.9404565419030992 0.23833512931034487 0.01638566162429084 0.010323149582435368
0 0.08689829086643387 0.5798962823275863 0.007961771052147005 0.010524249898976261
0 0.07455421690855522 0.9174973060344828 0.009406873618916416 0.011282243399784496