0 0.07274525316455697 0.9325520833333333 0.00932225738396624 0.010798611111111238
3 0.944857594936709 0.2571527777777778 0.016310654008438626 0.010555555555555525
2 0.21648206751054855 0.7238715277777779 0.021136603375527377 0.014895833333333334
2 0.7172072784810126 0.7211979166666668 0.020925632911392406 0.01461805555555543
2 0.3409018987341773 0.7231944444444445 0.021215717299578156 0.0153125
2 0.8423918776371309 0.7198784722222222 0.02150580168776362 0.014722222222222286
2 0.46633702531645577 0.7225347222222223 0.021927742616033707 0.015486111111111048
2 0.5920226793248945 0.721875 0.021426687763713127 0.015364583333333333
2 0.0935126582278481 0.7238715277777779 0.020503691983122387 0.016215277777777905
2 0.33938554852320674 0.3299131944444445 0.022085970464134973 0.015243055555555524
2 0.4648206751054852 0.3284201388888889 0.02138713080168781 0.01553819444444438
2 0.5900052742616034 0.3275868055555556 0.021031118143459964 0.014774305555555523
2 0.21496571729957809 0.3310763888888889 0.02082014767932492 0.014722222222222286
2 0.7156909282700422 0.32609375000000007 0.02150580168776362 0.014670138888888858
3 0.9458597046413503 0.65109375 0.01708860759493671 0.009878472222222285
3 0.8191719409282701 0.2576388888888889 0.016205168776371213 0.01
2 0.8408755274261605 0.3255902777777778 0.0214662447257383 0.014947916666666667
2 0.09167985232067512 0.33307291666666666 0.020385021097046437 0.015243055555555524
3 0.3194488396624473 0.6554166666666666 0.01708860759493671 0.010434027777777714
3 0.31819620253164554 0.2624652777777778 0.016442510548523255 0.010677083333333334
3 0.5713343881856541 0.6544097222222223 0.016890822784810126 0.011024305555555619
3 0.6960047468354432 0.653420138888889 0.016956751054852226 0.01109375
3 0.19339398734177216 0.26395833333333335 0.017141350210970487 0.01140625
3 0.693987341772152 0.2584722222222222 0.016772151898734176 0.010520833333333333
3 0.4451344936708861 0.6550694444444445 0.016706223628691935 0.010798611111111238
3 0.8211893459915612 0.6524131944444446 0.01670622362869208 0.010190972222222285
3 0.5683016877637131 0.2598090277777778 0.01735232067510539 0.011493055555555524
0 0.08593090717299579 0.6205208333333334 0.00872890295358651 0.009965277777777715
3 0.4433676160337553 0.2609722222222222 0.017220464135021048 0.011545138888888857
3 0.19527953586497893 0.6557465277777778 0.016956751054852368 0.011145833333333334