2 0.20582952761822068 0.2879077576754386 0.02141367010085495 0.014880156935307032
2 0.2081306981365215 0.6823053728070175 0.021829159222214796 0.015467807702850868
2 0.5879516764627304 0.6809621710526315 0.02149357185496259 0.0155832391036184
3 0.18460762172722414 0.2195723684210526 0.01847328554969279 0.011007958127741233
2 0.33201037770504943 0.28622875548245613 0.02208484483535929 0.016076445997807033
2 0.46087592672989575 0.6816337719298246 0.022596216061648425 0.01607644599780694
2 0.3340558626102057 0.6823053728070175 0.02187710027467944 0.01582459566885973
3 0.31053278620090835 0.2177254660087719 0.018265540989012792 0.010708885862116234
2 0.7157944830349987 0.6796189692982456 0.022164746589467006 0.014995588336074471
3 0.6917600353994121 0.2140316611842105 0.018409364146406502 0.011175858347039498
2 0.459086127437884 0.28471765350877193 0.022851901674792993 0.016517184073464933
3 0.5649399712797222 0.21537486293859648 0.018345442743120506 0.011889434279057032
3 0.437608535933743 0.2165501644736842 0.018840833618588067 0.011133883292214932
2 0.7137489981298423 0.282702850877193 0.022116805537002435 0.015646201685855298
3 0.8185800995191023 0.2131921600877193 0.017578385903686808 0.010745614035087716
2 0.5864175627838631 0.2838781524122807 0.02187710027467944 0.015709164268092102
3 0.18626957821266363 0.6134662828947368 0.018345442743120506 0.011522152549342196
2 0.8405690622495324 0.2818633497807017 0.02242043220261157 0.015887558251096532
2 0.8426145471546886 0.6782757675438597 0.02203690378289472 0.014880156935306938
3 0.3125782711060646 0.6131304824561403 0.018201619585726723 0.011217833401864065
3 0.9459115348650814 0.21235265899122804 0.01785005186765309 0.011091908237390365
3 0.5669854561848784 0.6114514802631579 0.018201619585726653 0.011007958127741139
3 0.43965402083889926 0.6124588815789473 0.018760931864480357 0.010787589089912331
3 0.6938055203045685 0.6107798793859648 0.01890475502187421 0.011091908237390272
3 0.8206255844242585 0.6094366776315789 0.018553187303800504 0.010955489309210597
3 0.9479570197702377 0.6091008771929824 0.018201619585726796 0.01074561403508767