0 0.08344973256566621 0.9069295302013423 0.00893009232446428 0.010604026845637311
2 0.10068391646509726 0.32790268456375843 0.019942595305420235 0.014848993288590672
2 0.10263857186658945 0.706526845637584 0.02060692263141756 0.01520134228187904
2 0.34160477634313363 0.32531879194630875 0.021322352059414778 0.01468120805369125
2 0.22081218274111677 0.3266107382550336 0.019750962422921004 0.013959731543624135
2 0.4628956154396484 0.3238758389261745 0.02083688209041654 0.014899328859060385
2 0.7062054985861753 0.3216275167785235 0.02083688209041654 0.014563758389261732
2 0.5844291895206623 0.3230704697986578 0.020134228187919465 0.01468120805369125
2 0.22239634790311044 0.706526845637584 0.020134228187919465 0.014077181208053654
3 0.6871316390147516 0.6384563758389262 0.016812591557932934 0.010117449664429425
2 0.5863838449221546 0.7046140939597316 0.020875208666916535 0.01395973154362423
2 0.3433166967601268 0.7058892617449665 0.021117943651415512 0.014614093959731539
2 0.8279818076516883 0.32098993288590605 0.021488433890913903 0.014848993288590672
3 0.6851769836132595 0.25627516778523496 0.01642932579293411 0.009966442953020098
2 0.7081601539876674 0.7033221476510069 0.020606922631417706 0.013892617449664423
3 0.4438217558682247 0.6397315436241611 0.015982182400436012 0.009882550335570386
3 0.8079370081422683 0.6371644295302015 0.01668483630293323 0.009697986577181154
3 0.807272680816271 0.25546979865771813 0.016493203420434106 0.010083892617449616
2 0.4646075358566416 0.7046140939597316 0.020875208666916535 0.015083892617449616
3 0.9282441317752872 0.25451342281879197 0.016301570537934695 0.010318791946308655
2 0.8289655231151841 0.7026845637583893 0.021692842298913315 0.014278523489932885
3 0.32228818178721086 0.6403691275167787 0.016250468435934987 0.01
3 0.4421098354512316 0.258523489932886 0.016186590808435136 0.010654362416107404
3 0.5658407999182368 0.6390939597315437 0.015931080298436304 0.011208053691275003
3 0.19989864749770042 0.2610906040268457 0.01625046843593506 0.010687919463087212
3 0.3210745068647158 0.25964765100671144 0.01593108029843634 0.01043624161073827
3 0.5634006745477464 0.25756711409395977 0.016608183149933523 0.011375838926174425
3 0.2019810581541921 0.6407046979865773 0.01668483630293323 0.010855704697986539
3 0.9297133172077814 0.636526845637584 0.01713197969543147 0.01
0 0.0958547678261166 0.6092281879194632 0.00917282730896332 0.010939597315436155