2 0.34136204135863457 0.3216275167785235 0.021194596804415218 0.01479865771812077
2 0.46265288045514946 0.320503355704698 0.02079855551391683 0.015134228187919424
2 0.7062054985861753 0.31842281879194634 0.020721902360917123 0.014395973154362404
2 0.827010867713692 0.3174664429530202 0.020530269478417712 0.014731543624161058
2 0.22081218274111677 0.3234060402684564 0.02037696317241851 0.014563758389261732
2 0.5844291895206623 0.31969798657718124 0.020479167376418 0.014395973154362404
2 0.10283020474908869 0.7033221476510069 0.02063247368241749 0.016090604026845767
3 0.4438217558682247 0.6371644295302015 0.016748713930433083 0.01040268456375846
3 0.6846915136442614 0.25307046979865777 0.01668483630293323 0.009815436241610768
2 0.10068391646509726 0.3245302013422819 0.01963598269342148 0.014966442953020192
3 0.4423525704357306 0.2556375838926175 0.016250468435934987 0.010285234899328847
3 0.19989864749770042 0.2580369127516779 0.01681259155793279 0.010285234899328847
3 0.2016105679146936 0.6381208053691276 0.016608183149933595 0.010570469798657693
3 0.3222881817872109 0.6371644295302015 0.01598218240043612 0.009932885906040193
3 0.6866461690457535 0.6352348993288591 0.016493203420434106 0.010083892617449616
2 0.4646075358566416 0.702030201342282 0.021041290498415806 0.014966442953020001
3 0.927260416311791 0.2516275167785235 0.016608183149933523 0.009848993288590577
2 0.3433166967601268 0.7026845637583893 0.02068357578441727 0.014899328859060385
3 0.3208317718802167 0.256761744966443 0.01642932579293429 0.010234899328859133
2 0.5863838449221546 0.7013926174496644 0.020453616325418148 0.014899328859060385
3 0.8064678227097742 0.2524328859060403 0.016608183149933523 0.01
2 0.7076746840186693 0.700755033557047 0.020606922631417706 0.014345637583892502
2 0.22276683814260895 0.7033221476510069 0.020836882090416682 0.0143959731543625
3 0.9287296017442853 0.6329865771812081 0.016557081047933814 0.009815436241610768
2 0.8289655231151841 0.6994630872483222 0.021156270227915365 0.014681208053691346
3 0.8079370081422683 0.6339597315436243 0.015982182400436157 0.009597315436241729
3 0.5658407999182368 0.6362080536912753 0.01713197969543147 0.010973154362415964
3 0.5638861445167445 0.25451342281879197 0.015803325043436744 0.011023489932885867
0 0.08356471229516574 0.9075671140939598 0.008891765747964428 0.010654362416107309