3 0.1639953145250567 0.21057734929078015 0.017490833981632755 0.011252328859153332
2 0.058953408507938225 0.28048814273049644 0.021156964465317524 0.01569599124556741
3 0.8049705860514095 0.20514738475177305 0.016449136112920617 0.010372080701462777
3 0.4199461334917377 0.20803205341312056 0.017829991427260012 0.010944772273936204
3 0.5481153472297224 0.2066745622783688 0.01791074320002834 0.01125232885915338
3 0.6762845609677072 0.20565644392730495 0.017426232563417934 0.010902350675975185
3 0.29151851408089424 0.2088804853723404 0.01729702972698858 0.01053116169381648
3 0.16580415423506856 0.6113766068262411 0.017636187172615836 0.010780388581837315
2 0.060826849636164804 0.6816267730496454 0.02152842262005212 0.015388434660350185
3 0.9336566111351118 0.20395958000886524 0.016634865190287933 0.010372080701462777
3 0.29332735379090613 0.6110372340425532 0.01782999142725994 0.010780388581837315
0 0.040735808571389996 0.9069703014184396 0.00929452904564141 0.010902350675975185
3 0.6788686176962956 0.6083222517730497 0.01770078859083051 0.011072037067819073
3 0.4214965675288908 0.6106978612588653 0.017636187172615763 0.010658426487699444
3 0.8070378314342802 0.6073041334219859 0.017103225472344618 0.010451621197639534
3 0.5506994039583109 0.6096797429078014 0.016828669444931894 0.011029615469858148
2 0.18634740522734639 0.2796397107712766 0.021108513401656516 0.014688478293993796
2 0.8271934739172696 0.27319162788120566 0.02198063254755499 0.014635451296542593
2 0.699024260179285 0.2742097462322695 0.0213184680108542 0.014582424299091295
3 0.9352070451722648 0.60662538785461 0.017490833981632828 0.010372080701462777
2 0.31348299627389564 0.27828221963652483 0.021609174392820504 0.015271775265957407
2 0.5703382350955827 0.27658535571808507 0.020866258083351383 0.013649149143949444
2 0.44191061568473916 0.2764156693262411 0.021479971556391145 0.014688478293993796
2 0.1878978392644994 0.6809480274822696 0.0203978978012947 0.014306683912344813
2 0.8287439079544228 0.6768755540780141 0.02248129353871912 0.014529397301639999
2 0.7005746942164381 0.67755429964539 0.021189265174424987 0.014136997520500927
2 0.3158086473296252 0.6802692819148937 0.021641475101927803 0.014635451296542593
2 0.4439778610676099 0.6795905363475176 0.02227133892952129 0.015038456477172038
2 0.5724054804784534 0.678233045212766 0.021431520492729977 0.013914284131205741