1 0.9339207551836874 0.20301244703389829 0.009710907084820981 0.010462460275423713
0 0.08343673373913792 0.9151085805084744 0.009340379628484483 0.010543564618643964
1 0.9373790114428289 0.9722060381355933 0.011030911148020031 0.009798418465307273
2 0.5925414587455906 0.6552502648305084 0.020965678571044526 0.01505499371027535
2 0.3472522826507786 0.6571967690677966 0.020456203318581646 0.01465961003707624
2 0.4700203798502968 0.6562235169491525 0.021459715179493192 0.014943475238347522
3 0.20311710213585132 0.20917637711864406 0.01738391315979095 0.010715911347987325
3 0.8178221521982276 0.9735037076271186 0.017044262991482338 0.009950489108845204
2 0.7160506108577819 0.6546014300847457 0.021212696875268933 0.01415270789194911
2 0.10258065231652756 0.27665519067796607 0.020487080606609753 0.015896451271186437
2 0.22534874951604578 0.6571967690677966 0.020409887386539653 0.01465961003707624
3 0.6957951099113826 0.9741525423728814 0.017044262991482338 0.010188733117054956
3 0.3245265986621354 0.20739208156779662 0.016858999263314068 0.01050301244703391
1 0.9363909382259312 0.5874470338983051 0.010652664369676533 0.010224216267214009
3 0.20447570280908542 0.5916644597457626 0.017306719939720813 0.010188733117055145
3 0.8158460057644326 0.20301244703389829 0.016596542315075593 0.009838970636917375
2 0.10424802587004216 0.6578456038135593 0.020934801283016422 0.015176650225105845
2 0.8385716897530758 0.6536281779661017 0.02136708331540906 0.014487263307732973
3 0.45050593381657056 0.9754502118644067 0.0165347877390196 0.010148180945445043
3 0.3279848549212768 0.9754502118644067 0.016781806043244005 0.010797015691207813
3 0.5703098113653962 0.20495895127118643 0.017383913159790876 0.010837567862817773
3 0.6923368536522412 0.20382349046610168 0.017244965363664818 0.010584116790254257
3 0.20694588585132925 0.974801377118644 0.016920753839370205 0.010503012447034053
2 0.4682912517207261 0.27259997351694915 0.02136708331540906 0.015288168697033862
3 0.5732740310160888 0.9754502118644067 0.016781806043244005 0.010148180945445043
3 0.4470476775574292 0.20641882944915252 0.017306719939720813 0.010634807004766931
2 0.3457701728254324 0.27373543432203384 0.020610589758721917 0.014710300251589009
2 0.8365955433192807 0.2696802171610169 0.020965678571044383 0.014882646980932179
2 0.7140744644239869 0.2704912605932204 0.02065690569076413 0.015054993710275445
2 0.5910593489202443 0.2713023040254237 0.020734098910834192 0.014710300251589009
3 0.44902382399122426 0.5903667902542372 0.017383913159790876 0.010107628773834752
3 0.3262557267917061 0.5906912076271186 0.017044262991482338 0.010584116790254257
2 0.2237431305385873 0.27535752118644063 0.02025550094639938 0.014375744835805051
3 0.5717919211907424 0.5893935381355931 0.016920753839370205 0.010756463519597522
3 0.8168340789813301 0.5877714512711865 0.017044262991482338 0.009950489108845394
3 0.6948070366944851 0.5884202860169491 0.017306719939720813 0.010543564618644155
0 0.09066201913770111 0.9618246822033897 0.006769845400149482 0.019951668432203556