2 0.09573599886454714 0.29487733004385963 0.02093425957620892 0.014932625753837764
2 0.22332311982367084 0.6922971491228069 0.021381709399211878 0.014995588336074471
2 0.47645187683676193 0.690282346491228 0.02229258939603929 0.015950520833333332
2 0.34937612710392735 0.691625548245614 0.021573473609070304 0.015646201685855204
2 0.7311147475287203 0.6889391447368421 0.021541512907427302 0.014995588336074471
2 0.8574234404221213 0.6882675438596491 0.021829159222214727 0.015352376302083333
3 0.581794349452311 0.6214432565789473 0.017514464500400808 0.010829564144736802
2 0.6037833121827412 0.690282346491228 0.021253866592639593 0.01522645113760973
3 0.32764284998664167 0.6227864583333333 0.016587604152751827 0.009911359820449472
3 0.7091257847982901 0.6204358552631579 0.017514464500400808 0.010383579187225867
3 0.9596976856799359 0.21915433114035088 0.016339908715017972 0.009911359820449566
0 0.07834937717071867 0.92265625 0.009596200668330888 0.010913514254386124
3 0.45446291410633183 0.6224506578947367 0.016987112923290103 0.010341604132401396
2 0.34758632781191556 0.2921909265350877 0.022548275009183855 0.015709164268092102
2 0.7285578913972749 0.2884971217105263 0.02109406308442417 0.015289413719846531
3 0.8354344776916911 0.6190926535087719 0.016339908715017972 0.009496856154056937
2 0.47440639193160566 0.29084772478070176 0.022004943081251723 0.016265333744517534
3 0.7070802998931338 0.22016173245614032 0.016523682749465685 0.009911359820449566
2 0.6017378272775848 0.2898403234649123 0.021669355713999444 0.015173982319078903
2 0.2214054777250868 0.2937020285087719 0.020854357822101245 0.015404845120614064
2 0.855377955516965 0.28799342105263154 0.02141367010085502 0.015467807702850868
3 0.20146199989981298 0.6237938596491227 0.016923191520004034 0.010420307360197398
2 0.09778148376970344 0.6922971491228069 0.0213018076451042 0.016328296326754334
3 0.45267311481432 0.22318393640350875 0.01685927011671782 0.010504257469846531
3 0.5797488645471547 0.22234443530701753 0.01692319152000396 0.010462282415021965
3 0.32585305069462994 0.22486293859649123 0.01685927011671782 0.010299629077576734
3 0.19992788622094576 0.22603824013157894 0.017051034326576245 0.010745614035087765
3 0.8339003640128239 0.21982593201754383 0.016275987311731976 0.009607040672971532
3 0.9617431705850922 0.6187568530701755 0.017051034326576245 0.009680497018914404