2 0.7148795558707988 0.28118601831896556 0.021852770521879013 0.01508768015894399
3 0.19592716744871236 0.2193089978448276 0.018046158882584044 0.01060159617456899
0 0.07486751827804453 0.9285021551724137 0.009258055468409 0.010684098868534496
2 0.5905615724574422 0.2823410560344828 0.021476808878491904 0.015139244342672385
2 0.8391975392841554 0.28036099137931036 0.02210341161747042 0.015201121363146513
3 0.3198691892186818 0.21749393857758623 0.017983498608686192 0.010684098868534496
2 0.46524102466171985 0.2831660829741379 0.02210341161747056 0.015861142914870736
2 0.3406724001527717 0.2841561153017242 0.02172744997408331 0.015923019935344864
3 0.44418717263203844 0.21617389547413793 0.01857877121071578 0.011024422481142248
3 0.6933244216499345 0.21386382004310345 0.018187144498854283 0.011024422481142248
3 0.1976816551178525 0.6080616918103449 0.017905173266313808 0.011158489358836239
3 0.8176424050632911 0.21303879310344825 0.01776418765004357 0.010323149582435368
3 0.5690064382365779 0.21534886853448276 0.018046158882584044 0.011199740705818991
2 0.21698101947839374 0.28613617995689655 0.0213514883306962 0.015201121363146513
3 0.32162367688782195 0.6070716594827587 0.017905173266313808 0.010900668440193991
2 0.841202668048887 0.6717537715517242 0.021931095864251397 0.014798920730064728
2 0.3426775289175033 0.6750538793103449 0.02124183285137489 0.015500193628771513
2 0.7163834024443475 0.6724137931034484 0.021038186961206948 0.014737043709590504
2 0.5920654190309909 0.6743938577586207 0.020787545865615396 0.01508768015894399
3 0.44594166030117854 0.6067416487068966 0.018390790389022225 0.010482998551993509
2 0.46699551233085995 0.6743938577586207 0.021931095864251397 0.015613634832974222
3 0.6953295504146662 0.6047615840517242 0.01853177600529232 0.011024422481142248
3 0.9424616706678307 0.21270878232758625 0.017905173266313808 0.0107666015625
3 0.8196475338280228 0.603771551724138 0.018046158882584044 0.010524249898976261
2 0.21923678933871674 0.675713900862069 0.021194837645951575 0.01508768015894399
3 0.5705102848101267 0.6057516163793104 0.017560541759875627 0.011024422481142248
3 0.9449680816237452 0.6031115301724138 0.01839079038902237 0.01056034482758624
3 0.320253164556962 0.995 0.017721518987341773 0.01
3 0.19873417721518988 0.995 0.017721518987341773 0.01
3 0.6949367088607595 0.9933333333333333 0.017721518987341773 0.013333333333333334
3 0.569620253164557 0.995 0.020253164556962026 0.01
3 0.44556962025316454 0.995 0.020253164556962026 0.01
3 0.8189873417721519 0.9933333333333333 0.017721518987341773 0.013333333333333334
3 0.9449680816237452 0.9945043103448277 0.01756054175987548 0.00989001043911647