3 0.20056671944087948 0.2604094881184715 0.016448967942337363 0.009109002124077392
2 0.10050246407948081 0.32580812185402686 0.019638939528913157 0.014070446859270096
3 0.32082538411746675 0.2591692009228188 0.015802850951670173 0.010005874121749135
3 0.4421130293326066 0.2578845952181208 0.016307197258638374 0.010808752687185385
3 0.5638897376332913 0.2567605652265101 0.016490595915717787 0.01068832090237
3 0.6846883197628864 0.2551548080956376 0.016047382494442507 0.009699776668676633
3 0.806954091149116 0.2545125052432886 0.016246064372945238 0.009589380865929134
3 0.20137172547312032 0.6400547923657719 0.016872676451299713 0.010899076525796924
2 0.10282551373581916 0.7058908347315437 0.020128002614458074 0.015254692743288653
3 0.9277526732787109 0.25370962667785235 0.016246064372945238 0.009549236937657307
3 0.3218035102885565 0.6394124895134229 0.016949092558416062 0.009775046534186154
2 0.22056745158075838 0.32484466757550334 0.01982233818599246 0.014070446859270096
3 0.686644572105066 0.6371644295302015 0.0168115435656065 0.010161431843802499
3 0.807443154234661 0.6365221266778524 0.017071358329802225 0.009775046534186154
3 0.5653569268899261 0.6384490352348994 0.016811543565606647 0.010241719700345963
3 0.4438247501320138 0.6390913380872484 0.01675041067991351 0.009775046534186154
2 0.34136603371035334 0.3230783347315436 0.02087688046419875 0.014622425873007595
2 0.8270056776564576 0.31938509333053694 0.020724048249965835 0.014010230966862405
2 0.46265367892549314 0.32211488045302017 0.020479516707193432 0.014682641765415288
2 0.583941324140633 0.32115142617449666 0.020051586507341616 0.013849655253775192
2 0.7057180324413179 0.32002739618288595 0.020403100600077117 0.013960051056522692
3 0.9297089256208906 0.635558672399329 0.01655172880141078 0.009624506803166923
2 0.2224014381515518 0.7058908347315437 0.020097436171611506 0.014231022572357309
2 0.8289619299986373 0.7020370176174497 0.02104499589985484 0.014120626769609809
2 0.5858975764828127 0.7046062290268457 0.020479516707193432 0.013689079540687885
2 0.3430777545097605 0.7052485318791947 0.020754614692812475 0.014512030070260001
2 0.7071852216979526 0.7033216233221476 0.020280834828690843 0.013689079540687885
2 0.46436539972490043 0.7046062290268457 0.021121412006971155 0.014853253460570386