3 0.4490804040047634 0.1885540069686411 0.018378688307678755 0.011097560975609752
3 0.574952586777224 0.18789198606271776 0.018034666784280885 0.011393728222996533
2 0.34448462929475593 0.25742160278745646 0.021620429585851104 0.01614982578397208
3 0.7010761698937061 0.18639372822299652 0.01852423587527028 0.01118466898954703
3 0.32345962157632424 0.1900522648083624 0.017677413663829276 0.010801393728222971
0 0.07564504035637103 0.9103310104529618 0.009500286684602838 0.010714285714285931
2 0.4703568120672165 0.25625435540069685 0.021871829929872563 0.0160975609756098
2 0.219750363868919 0.2592508710801394 0.021342566047721945 0.015783972125435544
2 0.7228553786442024 0.254581881533101 0.021580734794689662 0.015
3 0.19822255546244433 0.19156794425087112 0.018034666784280885 0.011219512195121932
3 0.8266969523221452 0.18555749128919863 0.018087593172496 0.010592334494773563
2 0.5967317955277203 0.2560801393728223 0.021673355974066073 0.014825783972125445
3 0.57697702112645 0.5835365853658536 0.017822961231420725 0.011132404181184559
2 0.8484761610726416 0.25358885017421606 0.022506946588453192 0.015592334494773468
3 0.7025978035548892 0.582212543554007 0.01877563621929174 0.010923344947735246
3 0.45110483835398935 0.5845470383275262 0.018378688307678755 0.010348432055749299
3 0.3249812552375072 0.5848780487804879 0.018034666784280885 0.010714285714285742
3 0.2001279054381864 0.5855400696864111 0.017889119216689436 0.011358885017421584
2 0.5982534291889031 0.6509059233449478 0.021130860494861712 0.015069686411149709
2 0.3465090636439818 0.6529094076655052 0.021461650421205913 0.015418118466899007
3 0.8282185859833283 0.5812020905923345 0.01803466678428103 0.010749128919860596
2 0.4718784457283995 0.6522299651567944 0.021832135138711267 0.015418118466899007
2 0.22178802981519874 0.6535714285714286 0.02136902924182943 0.015121951219512084
3 0.9528205354386275 0.18489547038327528 0.017955277201958147 0.010923344947735197
2 0.7243770123053853 0.650226480836237 0.021369029241829502 0.014825783972125351
2 0.8499977947338244 0.649233449477352 0.022467251797291893 0.015121951219512084
3 0.9548449697878535 0.5808710801393728 0.018166982754818595 0.010313588850174067
3 0.45212367132712916 0.9790243902439025 0.018233140740087233 0.010749128919860596
3 0.5784986547876328 0.9790243902439025 0.018921183786882973 0.010749128919860596
3 0.7041194372160721 0.9783623693379792 0.01852423587527028 0.010592334494773467
3 0.3267542892427116 0.9790243902439025 0.018722709831076625 0.01087108013937268
3 0.8292241873594144 0.9777003484320559 0.018233140740087233 0.010348432055749299
3 0.2024037401314339 0.9790243902439025 0.01869624663696907 0.010836236933798015
3 0.9548449697878535 0.9763588850174216 0.01829929872535616 0.010034843205575043