2 0.1012360587077982 0.314888973364094 0.01986818785026231 0.01543534042051173
3 0.2005158650734167 0.24825005243288592 0.016184931487252172 0.010316989565855673
3 0.32082538411746675 0.2464837195889262 0.01675041067991344 0.0103571334941275
3 0.44260209241815146 0.24600199244966447 0.017010225444109236 0.010477565278942981
3 0.6851773828484312 0.24327220532718125 0.0168115435656065 0.010477565278942981
3 0.5643788007188363 0.24439623531879198 0.016246064372945238 0.010608033045826346
3 0.807443154234661 0.242469326761745 0.01562709390530242 0.00966465073143875
2 0.1033757097070572 0.6949716862416108 0.01966950597175969 0.01508408104813346
3 0.2025943831869826 0.6294567953020135 0.01604738249444265 0.010608033045826346
3 0.9287307994498009 0.24134529677013422 0.01630719725863852 0.009699776668676633
3 0.32253710491687393 0.62849334102349 0.016872676451299713 0.010161431843802499
2 0.22117878043768954 0.3139255190855705 0.02005158650734169 0.014010230966862405
3 0.6871336351906109 0.6262452810402686 0.016872676451299785 0.0103571334941275
3 0.8084212804057508 0.6249606753355705 0.01630719725863852 0.01000587412174923
2 0.8279838038275475 0.3076630662751678 0.020754614692812475 0.014120626769609904
3 0.44431381321755875 0.6281721895973155 0.01687267645129964 0.00969977666867654
3 0.5658459899754711 0.6272087353187921 0.01687267645129964 0.010397277422399421
3 0.9306870517919805 0.6243183724832215 0.015802850951670246 0.010241719700345963
2 0.3418550967958982 0.312319761954698 0.020479516707193432 0.014562209980599808
2 0.7066961586124076 0.3083053691275168 0.020250268385844202 0.014120626769609904
2 0.46363180509658297 0.3108745805369128 0.020372534157230476 0.014231022572357404
2 0.5844303872261779 0.31039285339765105 0.01994460395737866 0.013478323917260867
0 0.0839965849423398 0.9088585360738256 0.008726719432692149 0.010397277422399232
2 0.22289050123709672 0.6949716862416108 0.020097436171611506 0.013638899630348079
2 0.8294509930841822 0.6904755662751679 0.021243677778357284 0.013849655253775192
2 0.7081633478690423 0.6917601719798658 0.02005158650734176 0.013689079540687885
2 0.4650989943532178 0.6930447776845639 0.02087688046419875 0.014512030070260001
2 0.5868757026539025 0.6924024748322148 0.019898754293108844 0.013799475343435385
2 0.34356681759530544 0.6943293833892619 0.020097436171611575 0.013799475343435385