2 0.22301276700848296 0.7033216233221476 0.020448950264346934 0.014341418375104808
2 0.1037425070212159 0.7033216233221476 0.0204489502643469 0.015375124528104038
3 0.44284662396092395 0.25692114093959734 0.0161849314872521 0.010608033045826346
3 0.32253710491687393 0.6384490352348994 0.016368330144331474 0.01000587412174923
3 0.3215589787457841 0.2578845952181208 0.015741718065977073 0.010397277422399327
2 0.5849194503117229 0.3201879718959732 0.020601782478579706 0.014281202482697116
3 0.5643788007188363 0.2551548080956376 0.016246064372945238 0.01089907652579702
2 0.34356681759530544 0.7026793204697988 0.020831030799928933 0.014963649263317886
2 0.7066961586124076 0.31906394190436244 0.020724048249965835 0.014512030070260095
3 0.6881117613617007 0.6358798238255035 0.016184931487252245 0.01072846483064173
2 0.3420996283386707 0.3224360318791947 0.02190085629955833 0.015023865155725673
2 0.4633872735538106 0.3209908504614094 0.020922730128468566 0.015314908635696345
3 0.9306870517919805 0.6339529152684564 0.01661286168710406 0.009664650731438846
2 0.7081633478690423 0.7007524119127517 0.020403100600077117 0.014281202482697116
3 0.6856664459339761 0.25403077810402686 0.01630719725863852 0.010161431843802405
2 0.22142331198046197 0.3235600618708054 0.020403100600077117 0.014732821675755
3 0.806954091149116 0.25306732382550334 0.015565961019609428 0.01020157577207423
3 0.44431381321755875 0.6374855809563759 0.015925116723056375 0.0103571334941275
3 0.20076039661618916 0.25932977663590606 0.017010225444109236 0.01106968822095221
3 0.20345024358668623 0.6384490352348994 0.01551246974462788 0.010397277422399421
2 0.5868757026539025 0.7013947147651007 0.020479516707193432 0.014732821675755
3 0.566335053061016 0.6371644295302015 0.016307197258638374 0.010858932597525192
2 0.8279838038275475 0.3179399119127517 0.02087688046419875 0.015194476850880866
3 0.9292198625353457 0.2527461723993289 0.01562709390530242 0.009815190462458077
2 0.4650989943532178 0.7020370176174497 0.020999146235585023 0.01519447685088096
2 0.8294509930841822 0.6994678062080537 0.020953296571315207 0.014512030070260001
3 0.8093994065768406 0.6349163695469799 0.016184931487252245 0.009930604256239425
2 0.1012360587077982 0.32500524328859065 0.019944603957378734 0.014451814177852308
0 0.08387431917095357 0.9082162332214765 0.008864268425501644 0.010397277422399232