3 0.3163651962536641 0.9973591549295774 0.018767426896403816 0.005281690140845209
3 0.18968506470293844 0.9973591549295774 0.017426896403803533 0.005281690140845209
2 0.20789480996863155 0.2756622744278169 0.021697546403300804 0.015164227552816859
2 0.20994749728542575 0.6741444762323944 0.021569253446001226 0.015227411834286879
3 0.6984163866447415 0.9973591549295774 0.018767426896403816 0.005281690140845209
3 0.4423750625580896 0.9973591549295774 0.018767426896403816 0.005281690140845209
3 0.5710659898477156 0.9973591549295774 0.018767426896403816 0.005281690140845209
3 0.18634159314229284 0.20776023327464788 0.018474185851147455 0.01054124429192342
2 0.5913624593372416 0.6721225792253521 0.02153718020667622 0.015343249683648802
3 0.8244262529491669 0.9964788732394366 0.018767426896403816 0.00704225352112682
2 0.4638392597814041 0.6727965448943661 0.02262767034372316 0.016006684639084483
2 0.3345199588233717 0.27397736025528163 0.021906022458912714 0.016196237483494733
2 0.719655416636877 0.6707746478873239 0.022242791471824275 0.014648222587478017
2 0.33631606022556654 0.6727965448943661 0.02182583936060046 0.0157012939453125
3 0.31296674199703295 0.20607531910211266 0.018410039372497668 0.010583367146236781
3 0.4402333556382712 0.20439040492957744 0.01876284500507162 0.010994064975792242
2 0.4620431583792093 0.2726294289172535 0.022371084429123854 0.01625942176496475
3 0.6955363406645456 0.2022000165052817 0.01841003937249781 0.011257332815250862
2 0.7176027293200828 0.27060753191021125 0.02232297457013653 0.015638109663842385
3 0.5677565551941087 0.20371643926056338 0.01832985627418541 0.01147847780039612
2 0.5898229438496461 0.27229244608274644 0.021906022458912714 0.015048389703455125
3 0.8228029543057839 0.2013575594190141 0.017912904162961592 0.010583367146236781
3 0.1880094015871881 0.6047260123239436 0.018185526697223293 0.011520600654709483
2 0.8469220302781153 0.6694267165492956 0.022371084429124 0.015343249683648802
2 0.8448693429613211 0.26976507482394363 0.02267578020271063 0.0157012939453125
3 0.31476284339922783 0.6037150638204225 0.018185526697223293 0.011088841397997271
3 0.9505827397762208 0.201020576584507 0.018185526697223436 0.011088841397997366
3 0.6975890279813398 0.6013561839788731 0.01905150415899586 0.01125733281525091
3 0.4422860429550654 0.6030410981514084 0.018474185851147528 0.010583367146236734
3 0.5698092425109029 0.6020301496478873 0.018410039372497668 0.011299455669564319
3 0.8248556416225781 0.600008252640845 0.018682661906759365 0.010867696412852108
3 0.952446914992493 0.9964788732394366 0.017426896403803606 0.00704225352112682
3 0.9521222552638163 0.5993342869718309 0.01841003937249781 0.010951942121478927