1 0.20234985164421015 0.20377057990771816 0.01727004020830496 0.01020157577207423
1 0.5658459899754711 0.1999167627936242 0.01687267645129964 0.010477565278942932
1 0.46436539972490043 0.2659133808724833 0.01788136906523604 0.012524905620805384
2 0.22460222203650396 0.6480835780201343 0.020204418721574458 0.015023865155725579
1 0.34356681759530544 0.26719798657718125 0.018538547586437085 0.012916308921455576
1 0.5854085133972677 0.2647893508808725 0.01713249121549551 0.01114997607749577
1 0.6871336351906109 0.1986321570889262 0.0168115435656065 0.00977504653418625
2 0.3452785383947127 0.6474412751677853 0.02072404824996598 0.01508408104813346
1 0.3227816364596464 0.20232539848993292 0.016490595915717714 0.009890460327967693
1 0.44431381321755875 0.20120136849832215 0.016429463030024648 0.010437421350671154
2 0.5883428919105373 0.6458355180369127 0.020953296571315064 0.015555772205327117
2 0.4665661836098525 0.6467989723154364 0.021442359656860015 0.015375124528104038
1 0.22289050123709672 0.2686431679949665 0.01812590060800852 0.012725625262164423
2 0.7096305371256773 0.6451932151845639 0.020831030799928933 0.014732821675755
1 0.8079322173202059 0.19766870281040272 0.01661286168710406 0.009478985063181634
2 0.8314072454263619 0.6439086094798658 0.020448950264346934 0.014793037568162692
2 0.10282551373581916 0.2702489251258389 0.01829401604366461 0.013478323917260867
2 0.10447610164953328 0.6484047294463088 0.020754614692812475 0.01616796711147231
3 0.2058955590144108 0.9621696728187921 0.016949092558416097 0.01000587412174923
1 0.7076742847834976 0.26382589660234906 0.015741718065976965 0.010437421350671154
3 0.32620507805846083 0.9621696728187921 0.01661286168710395 0.010241719700345963
1 0.3240042941735087 0.5822475356543625 0.016689277794220372 0.010241719700345963
3 0.8113556589190203 0.960242764261745 0.016490595915717787 0.010527745189282693
1 0.5673131792321058 0.58064177852349 0.01713249121549551 0.010477565278942886
3 0.8098884696623856 0.578714869966443 0.016368330144331512 0.01000587412174923
1 0.6890898875327907 0.5796783242449666 0.017010225444109236 0.010121287915530578
3 0.6900680137038804 0.9615273699664431 0.016689277794220227 0.010276845637583847
3 0.5687803684887406 0.9615273699664431 0.01720890732261182 0.010276845637583847
3 0.44724819173082825 0.9621696728187921 0.016429463030024648 0.010648176974098079
1 0.4452919393886486 0.581284081375839 0.016123798601559106 0.009965730193477308
1 0.2038170409008449 0.583210989932886 0.0170713583298023 0.01020157577207423
1 0.9292198625353457 0.9589581585570471 0.010874012042662922 0.010121287915530578
1 0.9257964209365313 0.19766870281040272 0.009796544932321651 0.00897718595978399
1 0.8294509930841822 0.26318359375000006 0.013762540891662534 0.01020157577207423
1 0.9282417363642559 0.577430264261745 0.011217884524686549 0.010121287915530578
0 0.08375205339956734 0.9075739303691277 0.009467955671721167 0.01035713349412769