2 0.1886287751694242 0.2606762091804059 0.02260985760544449 0.016508752475065572
3 0.1665666884768579 0.1935352470818139 0.018252217358219122 0.011419224882752606
2 0.3144120014343676 0.25837643045774644 0.022082425275199765 0.016322606046434866
3 0.2926021986934296 0.19081137213908447 0.017977050641611383 0.010825573558538745
2 0.44167861507560585 0.2571969905369718 0.022451267527436255 0.01588031607614435
3 0.42012539824926715 0.18946344080105632 0.018538332329797246 0.010994064975792242
3 0.6754283832755414 0.1869360695422535 0.018538332329797246 0.011257332815250862
2 0.569714986460642 0.25686000770246475 0.021954132317900037 0.014932551854093295
2 0.6974947719310788 0.25517509352992956 0.021986205557225115 0.015048389703455125
3 0.5476485978051048 0.1884524922975352 0.01812138021857343 0.01165749993122797
3 0.8021818250875813 0.1860936124559859 0.017977050641611456 0.010583367146236781
3 0.16764485828358475 0.589967539612676 0.01826570979553562 0.0112152099609375
2 0.824761385572317 0.254332636443662 0.02288425625832232 0.015522271814480652
2 0.18971124693912203 0.6587120378521126 0.02182583936060046 0.015459087533010537
2 0.3159515169219632 0.6580380721830985 0.02203431541621244 0.016006684639084483
3 0.9299616105580181 0.18575662962147885 0.017977050641611456 0.011088841397997366
3 0.2943983000956245 0.589293573943662 0.01853833232979732 0.011130964252310681
3 0.6769678987631371 0.5869346941021126 0.018682661906759365 0.011341578523877729
2 0.570741330119039 0.6563531580105633 0.02161736330498862 0.015227411834286879
3 0.5497012851218989 0.5879456426056338 0.018618515428109647 0.011436354946082665
3 0.8042345124043754 0.5859237455985915 0.018329856274185267 0.010951942121478927
2 0.6990342874186743 0.6556791923415493 0.021537180206676367 0.01470087615536973
2 0.8263009010599127 0.6546682438380281 0.022451267527436255 0.015343249683648802
3 0.42192149965146203 0.5889565911091549 0.018474185851147528 0.010620224643761085
2 0.4434747164778008 0.6573641065140845 0.02249937738642358 0.0160698689205545
3 0.9325274697040108 0.5855867627640845 0.018474185851147386 0.010746593206701125
3 0.4229478433098591 0.9869333186619719 0.01812138021857343 0.010420141085772532
3 0.29593781558322013 0.9869333186619719 0.01853833232979732 0.010746593206701315
3 0.16995413151497818 0.9869333186619719 0.018410039372497668 0.010704470352387717
3 0.6779942424215342 0.9862593529929576 0.018538332329797246 0.010499121437610105
3 0.5512408006094945 0.9869333186619719 0.01890717458203374 0.010746593206701315
3 0.8052608560627725 0.9849114216549295 0.018185526697223436 0.010456998583296505
3 0.9320142978748123 0.9842374559859155 0.017977050641611456 0.010141077175946218
0 0.041789467172642446 0.918188820422535 0.010006850669371554 0.010783450704225287