0 0.08375634517766499 0.9069295302013423 0.009249480461963 0.010436241610738459
3 0.4399124450652404 0.21035234899328864 0.015867202670936453 0.011644295302013413
2 0.09872926106360509 0.27988255033557047 0.019278267979422906 0.014731543624161058
3 0.31984805641672065 0.5909228187919463 0.015445610329438208 0.010805369127516921
3 0.1996559125132014 0.5915604026845639 0.015803325043436817 0.011073825503355767
3 0.6846915136442614 0.5889932885906042 0.016186590808435278 0.01060402684563769
3 0.3218027118182128 0.9698825503355706 0.016365448165434476 0.009882550335570764
3 0.5614460191462544 0.20907718120805371 0.015867202670936453 0.011644295302013438
3 0.44186710046673255 0.5899496644295303 0.01604606002793572 0.011375838926174425
3 0.6856624535822574 0.9692281879194631 0.017336388103430595 0.010318791946308845
3 0.44406449085272376 0.9705201342281878 0.01766855176642942 0.010687919463086927
3 0.19818672708070728 0.21291946308724838 0.015279528497938866 0.011493288590604039
3 0.5648698599802405 0.9698825503355706 0.017745204919428985 0.010050335570469996
3 0.9282441317752872 0.9673154362416108 0.016493203420434106 0.009731543624161152
3 0.8069532926787722 0.9679530201342282 0.016748713930432937 0.009664429530201156
3 0.6827368582427691 0.20795302013422823 0.01586720267093674 0.0111073825503356
3 0.5629152045787484 0.5893120805369129 0.016953122338432203 0.010906040268456346
3 0.20149558818519403 0.9692281879194631 0.015931080298436304 0.009630872483221538
3 0.80499863727728 0.588020134228188 0.016365448165434403 0.009697986577181154
3 0.9282441317752872 0.586744966442953 0.01612271318093528 0.010520134228187886
2 0.8245579668177018 0.2723322147651007 0.020249207917418882 0.014513422818791923
2 0.09860150580860562 0.6573993288590605 0.019597656116921623 0.013791946308724807
2 0.7037653732156851 0.27313758389261744 0.021565087043913897 0.014345637583892597
2 0.46069822505365726 0.27667785234899334 0.02027475896841888 0.014010067114094037
2 0.3391646509726434 0.27731543624161076 0.0200575750349199 0.014899328859060385
2 0.21837205737062654 0.27812080536912753 0.020134228187919465 0.014614093959731539
2 0.5819890641501722 0.2750671140939598 0.020019248458419906 0.013892617449664423
2 0.4619246755016523 0.6551510067114095 0.020479167376418 0.014077181208053654
2 0.34039110142063844 0.6557885906040269 0.021156270227915365 0.015134228187919424
2 0.5839437195516642 0.6548322147651007 0.020875208666916535 0.014446308724832307
2 0.8265126222191941 0.6532214765100672 0.021041290498415948 0.014731543624160964
2 0.2200839777876197 0.6564261744966444 0.02037696317241851 0.015083892617449616
2 0.7057200286171772 0.6538590604026846 0.021245698906415072 0.014513422818791923
3 0.3185577283412258 0.21164429530201345 0.016646509726433376 0.00810402684563762
3 0.8043087589002829 0.2072986577181208 0.016288795012434985 0.008271812080536923
3 0.9260978434912956 0.20652684563758392 0.0143469151364426 0.006728187919463077