3 0.20288956787429072 0.19493103448275864 0.016643387167175876 0.009896551724137954
3 0.6997948494107377 0.18905172413793106 0.01632911392405075 0.011155172413793081
3 0.45090353557398516 0.1910689655172414 0.016525534701003944 0.011965517241379283
3 0.5754735923177653 0.18970689655172415 0.01659100829332158 0.011586206896551706
3 0.20439546049759932 0.5830862068965518 0.016329113924050676 0.011465517241379265
3 0.32783937145351383 0.5827586206896552 0.015661283282409535 0.011206896551724223
3 0.7017983413356614 0.580448275862069 0.016708860759493727 0.010948275862068991
3 0.9489218681798341 0.18689655172413797 0.0174945438673068 0.011155172413793081
3 0.4529855958096901 0.5817586206896552 0.016774334351811363 0.011551724137931197
3 0.8251113051069403 0.5797758620689656 0.01632911392405075 0.01
3 0.5769794849410738 0.5811034482758621 0.017704059362723696 0.01110344827586213
3 0.9509384548232214 0.5787931034482758 0.01632911392405075 0.010948275862068991
2 0.3473897861195985 0.26032758620689656 0.020637276298559524 0.015379310344827578
2 0.8451593190746399 0.25505172413793104 0.020833697075512865 0.014965517241379303
2 0.22382802269751204 0.2611551724137931 0.020480139676996925 0.015500000000000019
2 0.5965298996071585 0.25703448275862073 0.02078131820165864 0.014396551724137983
2 0.7213487560017461 0.25620689655172413 0.02205150589262314 0.014913793103448257
2 0.47220864251418604 0.2595 0.021069402007856872 0.014568965517241376
2 0.22583151462243561 0.6510689655172415 0.02040157136621559 0.01513793103448279
2 0.34914447839371454 0.650396551724138 0.021475338280226967 0.015499999999999924
2 0.7233522479266695 0.6484310344827586 0.02180270624181601 0.015258620689655231
2 0.10106503710170232 0.26296551724137934 0.019864687909209935 0.015258620689655231
2 0.473465735486687 0.6497413793103448 0.020964644260148425 0.015086206896551744
2 0.5985333915320821 0.6494137931034484 0.021475338280226967 0.015206896551724185
3 0.20664775207333042 0.9718275862068966 0.017376691401134868 0.010362068965517134
2 0.8471628109995636 0.6477586206896553 0.02131820165866429 0.015206896551724185
3 0.7027935399388914 0.9712758620689657 0.01797904845045823 0.010603448275862395
3 0.45491051942383237 0.9725 0.017704059362723696 0.010603448275862395
3 0.5789829768659974 0.9718275862068966 0.017900480139676895 0.010327586206896437
3 0.8271147970318637 0.9705172413793105 0.01697075512876485 0.010051724137930857
3 0.3298428633784374 0.9718275862068966 0.016708860759493727 0.009931034482758606
3 0.951357485814055 0.9685344827586208 0.016774334351811363 0.010155172413793328
2 0.10119598428633785 0.6517241379310345 0.020244434744652987 0.013913793103448409
3 0.3265691837625491 0.1927241379310345 0.017010039284155374 0.010396551724137879
3 0.823919685726757 0.18858620689655173 0.01707551287647301 0.008862068965517219