3 0.32620507805846083 0.9737311241610739 0.018080050943738737 0.010241719700345963
3 0.6900680137038804 0.972446518456376 0.017804952958119583 0.010316989565855769
3 0.5687803684887406 0.973088821308725 0.01788136906523604 0.010161431843802499
2 0.22252370392293805 0.28148922504194634 0.020601782478579706 0.014853253460570481
3 0.44700366018805576 0.9737311241610739 0.01780495295811973 0.010397277422399232
3 0.20198305433005148 0.21677721266778524 0.01740758920111448 0.010276845637583918
3 0.2058955590144108 0.973088821308725 0.01774382007242659 0.010316989565855769
2 0.5878538288249924 0.6596450293624162 0.020678198585696164 0.014401634267512502
3 0.8113556589190203 0.971804215604027 0.017208907322611967 0.010241719700345963
2 0.22460222203650396 0.6615719379194632 0.02107556234270134 0.014793037568162692
2 0.4663216520670801 0.6602873322147652 0.021778590528172197 0.015254692743288653
3 0.3227816364596464 0.21501087982382552 0.017667403965310205 0.010397277422399327
2 0.3430777545097605 0.2798834679110738 0.021121412006971155 0.015615988097734904
2 0.34478947530916776 0.6609296350671141 0.02087688046419875 0.014963649263317886
2 0.710119600211222 0.6590027265100672 0.02107556234270148 0.014120626769609809
2 0.46460993126767286 0.27892001363255037 0.021656324756785923 0.015615988097734904
3 0.6871336351906109 0.21163878984899331 0.017545138193923858 0.010858932597525192
2 0.7081633478690423 0.27683252936241615 0.02104499589985484 0.014853253460570481
3 0.44406928167478626 0.21372627411912754 0.01826344960081804 0.010527745189282716
3 0.5653569268899261 0.2129233955536913 0.017545138193924004 0.010899076525796995
2 0.5863866395683577 0.2781171350671141 0.02087688046419875 0.014401634267512595
3 0.20357250935807245 0.5960570469798658 0.01760627107961707 0.010899076525796924
3 0.8084212804057508 0.21067533557046986 0.01713249121549551 0.009890460327967716
2 0.8289619299986373 0.27619022651006714 0.021610475092516106 0.015254692743288558
2 0.8314072454263619 0.6573969693791947 0.021365943549743558 0.014401634267512502
3 0.32424882571628116 0.5950935927013423 0.017468722086807546 0.010808752687185385
3 0.9301979887064356 0.2103541841442953 0.017468722086807692 0.01043742135067113
3 0.6890898875327907 0.5928455327181209 0.017804952958119583 0.01072846483064173
3 0.5673131792321058 0.5941301384228188 0.017331173093998096 0.010608033045826346
3 0.44578100247419344 0.5947724412751679 0.017606271079617142 0.010276845637583847
3 0.9326433041341602 0.9705196098993291 0.017606271079617142 0.00985031639969596
3 0.8103775327479305 0.5918820784395974 0.017545138193923858 0.010608033045826346
3 0.9321542410486152 0.5915609270134229 0.017804952958119583 0.010437421350671154