2 0.705228969355773 0.683410234899329 0.020999146235585023 0.014732821675755
2 0.8270056776564576 0.6821256291946309 0.021243677778357284 0.014903433370910192
2 0.4621646158399483 0.684694840604027 0.02072404824996598 0.015375124528104038
2 0.22007838849521347 0.6859794463087249 0.02032668449296066 0.014903433370910192
2 0.3408769706248084 0.6853371434563759 0.021121412006971155 0.01508408104813346
2 0.583941324140633 0.6840525377516778 0.020999146235585023 0.014401634267512502
3 0.44137943470428925 0.6191799496644296 0.017010225444109236 0.010527745189282693
3 0.5629116114622015 0.6185376468120806 0.01720890732261182 0.010768608758913653
3 0.3196027264036044 0.6198222525167786 0.016047382494442614 0.010241719700346152
2 0.09872961039438048 0.30750249056208057 0.020372534157230515 0.014401634267512595
2 0.703761780099138 0.30107946203859065 0.02087688046419875 0.014732821675755
3 0.6846883197628864 0.6172530411073825 0.016368330144331512 0.00973992059694846
3 0.19917094158816817 0.6201434039429531 0.016368330144331512 0.010437421350671154
0 0.083568654742488 0.9075739303691277 0.009070591914715919 0.010808752687185385
2 0.21836666769580623 0.3058967334312081 0.02032668449296066 0.014732821675755
2 0.5819850717984534 0.3022034920302014 0.020754614692812475 0.014622425873007595
2 0.8255384883998229 0.30011600776006714 0.020173852278728033 0.015023865155725673
2 0.3391652498254012 0.30429097630033564 0.021518775763976473 0.015495556312919424
2 0.09983000233685654 0.6859794463087249 0.020204418721574458 0.01543534042051173
3 0.5609553591200218 0.2362068739513423 0.016429463030024648 0.010161431843802405
3 0.43966771390488196 0.23765205536912754 0.01675041067991351 0.010768608758913558
2 0.46045289504054104 0.3033275220218121 0.0206323489214262 0.014281202482697116
3 0.806465028063571 0.6162895868288591 0.016184931487252245 0.009333463323196345
3 0.9282417363642559 0.6150049811241611 0.016123798601558964 0.009624506803166923
3 0.6827320674207067 0.2352434196728188 0.015741718065976965 0.00940371519767202
3 0.8045087757213913 0.23427996539429533 0.01586398383736324 0.009589380865929134
3 0.3183800686897421 0.23861550964765102 0.016047382494442614 0.010316989565855673
3 0.19794828387430588 0.24038184249161076 0.016184931487252172 0.010086161978292789
3 0.9262854840220762 0.23315593540268456 0.016184931487252245 0.010005874121749135