3 0.19770375233153342 0.2162954855285235 0.01727004020830496 0.010316989565855698
3 0.5609553591200218 0.21244166841442955 0.017545138193924004 0.01089907652579697
3 0.3186246002325146 0.21501087982382552 0.01754513819392393 0.010276845637583918
3 0.43966771390488196 0.21340512269295303 0.01788136906523604 0.010808752687185385
3 0.8045087757213913 0.21035418414429533 0.017468722086807692 0.010161431843802452
3 0.5629116114622015 0.5941301384228188 0.01794250195092918 0.010899076525796924
3 0.44162396624706163 0.5950935927013423 0.018018918058045636 0.010477565278942886
3 0.6846883197628864 0.5934878355704699 0.017667403965310132 0.010161431843802499
3 0.19929320735955441 0.5966993498322148 0.01720890732261182 0.010768608758913653
2 0.34112150216758086 0.6609296350671141 0.02132009388547374 0.015555772205327117
3 0.32033632103192183 0.5960570469798658 0.01746872208680758 0.010086161978292693
2 0.4624091473827207 0.6609296350671141 0.020953296571315064 0.015134260958473079
2 0.22007838849521347 0.6615719379194632 0.021197828114087613 0.015615988097734809
3 0.806954091149116 0.5925243812919464 0.017804952958119583 0.009815190462458077
2 0.5844303872261779 0.6596450293624162 0.021656324756785923 0.014512030070260001
3 0.6832211305062516 0.21099648699664433 0.017407589201114407 0.00969977666867661
2 0.7057180324413179 0.6590027265100672 0.021274244221203924 0.014732821675755
2 0.8270056776564576 0.6583604236577182 0.021809156971018838 0.015375124528104038
3 0.9257964209365313 0.2092301541526846 0.017942501950929324 0.010477565278942932
3 0.6856664459339761 0.9743734270134229 0.017606271079617142 0.009930604256239425
3 0.5643788007188363 0.9743734270134229 0.01780495295811973 0.010276845637583847
0 0.083568654742488 0.9075739303691277 0.009101158357562478 0.010397277422399232
3 0.4433356870464689 0.9756580327181209 0.017606271079617142 0.010161431843802499
2 0.1008692613936395 0.28325555788590606 0.015038689880506247 0.015134260958473172
3 0.322048041831329 0.9750157298657719 0.017071358329802337 0.010161431843802499
3 0.807443154234661 0.973088821308725 0.01801891805804549 0.009775046534186154
3 0.20149399124450654 0.9750157298657719 0.017132491215495437 0.010086161978292693
3 0.9282417363642559 0.5918820784395974 0.01774382007242659 0.01020157577207423
2 0.3391652498254012 0.28004404362416113 0.02107556234270134 0.01591706755977346
2 0.21836666769580623 0.28148922504194634 0.021044995899854767 0.01597728345218125
2 0.703761780099138 0.2766719536493289 0.021518775763976473 0.01543534042051173
3 0.9282417363642559 0.971804215604027 0.0168115435656065 0.009930604256239425
2 0.5819850717984534 0.27763540792785235 0.0213965099925902 0.01555577220532721
2 0.4606974265833135 0.2794017407718121 0.020831030799928933 0.014853253460570481
2 0.10300891239289853 0.6622142407718121 0.014358586527170368 0.01543534042051173
2 0.8250494253142779 0.2760296507969799 0.020953296571315207 0.015314908635696345