1 0.10631008822032673 0.2813286493288591 0.012402334184990666 0.014512030070260095
3 0.32571601497291597 0.9743734270134229 0.017881369065236078 0.010477565278943075
3 0.6895789506183355 0.973088821308725 0.017667403965310132 0.01004601805002115
3 0.5687803684887406 0.9743734270134229 0.01804948450089213 0.010397277422399232
3 0.2054064959288659 0.9737311241610739 0.01760627107961707 0.01035713349412769
2 0.5878538288249924 0.6583604236577182 0.02032668449296066 0.014281202482697116
3 0.4465145971025109 0.9743734270134229 0.017606271079617142 0.010276845637583847
3 0.20186078855866524 0.21501087982382552 0.017468722086807546 0.010808752687185385
2 0.2224014381515518 0.2798834679110738 0.02055593281430989 0.015254692743288558
3 0.8108665958334753 0.972446518456376 0.01774382007242659 0.010241719700345963
2 0.22423542472234528 0.6602873322147652 0.020922730128468566 0.014793037568162692
2 0.4660771205243076 0.6590027265100672 0.021365943549743704 0.01543534042051173
3 0.32253710491687393 0.21372627411912754 0.0170713583298023 0.010477565278942957
2 0.7096305371256773 0.6577181208053692 0.02107556234270148 0.013849655253775192
2 0.34283322296698804 0.2781171350671141 0.020953296571315064 0.01555577220532721
2 0.34454494376639533 0.6596450293624162 0.020831030799928933 0.01508408104813346
2 0.46436539972490043 0.27699310507550334 0.0213965099925902 0.01543534042051173
3 0.6871336351906109 0.21019360843120807 0.01774382007242659 0.010768608758913582
3 0.4438247501320138 0.2122810927013423 0.01794250195092918 0.010648176974098172
3 0.5653569268899261 0.21147821413590606 0.017468722086807546 0.011200155987835577
2 0.7081633478690423 0.2750661965184564 0.02107556234270148 0.014903433370910192
3 0.8079322173202059 0.2093907298657718 0.01713249121549551 0.0101212879155306
2 0.5863866395683577 0.2763508022231544 0.0206323489214262 0.014341418375104904
2 0.8309181823408169 0.6561123636744968 0.0213965099925902 0.014562209980599808
3 0.20320571204391374 0.5944512898489933 0.01760627107961707 0.011069688220952117
2 0.8289619299986373 0.27426331795302017 0.02197727240667493 0.014903433370910192
3 0.9321542410486152 0.9711619127516778 0.01774382007242659 0.009930604256239425
3 0.9297089256208906 0.20890900272651008 0.017407589201114407 0.010608033045826346
3 0.3240042941735087 0.5938089869966443 0.017468722086807546 0.010567889117554614
3 0.44578100247419344 0.5931666841442954 0.01826344960081804 0.010161431843802499
3 0.5673131792321058 0.5925243812919464 0.017667403965310132 0.010608033045826346
3 0.8098884696623856 0.5905974727348994 0.017407589201114407 0.010608033045826346
3 0.6886008244472457 0.5915609270134229 0.01846213147932077 0.010899076525796924
3 0.9316651779630702 0.5899551698825504 0.017667403965310132 0.010276845637583847
1 0.10667688553448541 0.6602873322147652 0.015275579812567063 0.01519447685088096