3 0.32596054651568834 0.9737311241610739 0.018018918058045636 0.010477565278943075
2 0.22252370392293805 0.2806863464765101 0.020403100600077044 0.014963649263317981
3 0.5687803684887406 0.973088821308725 0.01804948450089213 0.010567889117554614
3 0.20198305433005148 0.21533203125 0.01774382007242659 0.010688320902369975
3 0.2061400905571833 0.973088821308725 0.01804948450089213 0.010527745189282693
3 0.44700366018805576 0.9737311241610739 0.01794250195092918 0.010437421350671154
3 0.6905570767894254 0.972446518456376 0.017942501950929324 0.010527745189282693
2 0.22460222203650396 0.6602873322147652 0.02055593281430989 0.014562209980599808
2 0.4663216520670801 0.6590027265100672 0.021488209321129832 0.015254692743288653
3 0.8113556589190203 0.971804215604027 0.017606271079617142 0.010241719700345963
2 0.3430777545097605 0.2787594379194631 0.021121412006971155 0.015736419882550288
3 0.32278163645964647 0.21372627411912754 0.01746872208680758 0.010477565278942957
2 0.710119600211222 0.6577181208053692 0.02087688046419875 0.013428144006921154
2 0.34478947530916776 0.6596450293624162 0.020601782478579706 0.014853253460570386
2 0.46460993126767286 0.2781171350671141 0.02104499589985484 0.01543534042051173
3 0.4438247501320138 0.2126022441275168 0.01774382007242659 0.01052774518928274
3 0.6871336351906109 0.21035418414429533 0.017804952958119583 0.010808752687185409
2 0.5878538288249924 0.6577181208053692 0.02107556234270134 0.014903433370910192
3 0.5658459899754711 0.21163878984899331 0.01727004020830496 0.011240299916107404
2 0.7081633478690423 0.2760296507969799 0.02107556234270148 0.014512030070260095
3 0.8084212804057508 0.2093907298657718 0.01727004020830496 0.010477565278942957
2 0.5863866395683577 0.27699310507550334 0.020204418721574385 0.014451814177852308
3 0.20357250935807245 0.5944512898489933 0.017132491215495437 0.010979364382340578
2 0.8294509930841822 0.2750661965184564 0.021274244221203924 0.014732821675755
2 0.8314072454263619 0.6561123636744968 0.0213965099925902 0.014120626769609809
3 0.32424882571628116 0.5938089869966443 0.017407589201114446 0.010567889117554614
3 0.9301979887064356 0.20874842701342283 0.017804952958119583 0.010768608758913582
3 0.44602553401696593 0.5934878355704699 0.01774382007242659 0.009930604256239425
3 0.6890898875327907 0.5915609270134229 0.017804952958119583 0.01068832090237
3 0.5673131792321058 0.5925243812919464 0.017545138193924004 0.01068832090237
3 0.9326433041341602 0.9705196098993291 0.017606271079617142 0.009815190462458077
3 0.8103775327479305 0.5905974727348994 0.01733117309399795 0.010276845637583847
3 0.9321542410486152 0.5899551698825504 0.017606271079617142 0.010086161978292693