3 0.5658459899754711 0.670564177852349 0.01687267645129964 0.010086161978292693
3 0.3205808525746942 0.29112376782718125 0.016429463030024613 0.009890460327967693
2 0.5844303872261779 0.3545511744966443 0.020479516707193432 0.014341418375104904
3 0.4423575608753791 0.2899997378355705 0.01687267645129964 0.010316989565855673
3 0.20186078855866524 0.671848783557047 0.016307197258638374 0.010768608758913653
2 0.4628982104682656 0.3551934773489933 0.02020441872157453 0.014903433370910192
3 0.5638897376332913 0.2885545564177852 0.017331173093998096 0.010437421350671154
3 0.4438247501320138 0.6712064807046981 0.016612861687103915 0.010477565278942886
2 0.2224014381515518 0.7380059773489933 0.02032668449296066 0.014120626769609809
3 0.806954091149116 0.28678822357382555 0.015986249608749514 0.009478985063181634
2 0.10264211507873983 0.7380059773489933 0.020097436171611506 0.015254692743288653
3 0.3222925733741015 0.671848783557047 0.016551728801410814 0.010276845637583847
3 0.9301979887064356 0.6673526635906041 0.01675041067991351 0.010161431843802499
3 0.6871336351906109 0.6692795721476511 0.01694909255841595 0.010316989565855769
2 0.34136603371035334 0.3561569316275168 0.02099914623558488 0.014732821675755
3 0.20027133353064425 0.29289010067114096 0.016490595915717714 0.010397277422399327
2 0.7062070955268627 0.35326656879194634 0.02032668449296066 0.014853253460570481
2 0.22068971735214463 0.3577626887583893 0.02017385227872789 0.014180842662017596
3 0.6851773828484312 0.28759110213926176 0.016490595915717787 0.009890460327967693
3 0.9287307994498009 0.28614592072147654 0.015986249608749514 0.009624506803166923
2 0.5858975764828127 0.7367213716442954 0.020403100600077117 0.013899835164114999
2 0.3430777545097605 0.7373636744966443 0.020999146235585023 0.014682641765415193
3 0.8084212804057508 0.6686372692953021 0.01655172880141078 0.01000587412174923
2 0.7076742847834976 0.7354367659395974 0.02052536637146339 0.014120626769609809
2 0.8274947407420026 0.35230311451342283 0.02087688046419875 0.014732821675755
2 0.46460993126767286 0.7367213716442954 0.021197828114087613 0.014853253460570386
2 0.8289619299986373 0.7341521602348994 0.020724048249965835 0.013849655253775192
2 0.10068586273656016 0.3590472944630873 0.019195726107638058 0.014512030070260095