3 0.2019810581541921 0.20199664429530204 0.01674871393043301 0.010654362416107356
3 0.3225309167717099 0.20040268456375843 0.01649320342043407 0.010117449664429519
3 0.6871316390147516 0.19703020134228189 0.01642932579293411 0.010520134228187933
3 0.5658407999182368 0.1983053691275168 0.016812591557932646 0.010520134228187933
3 0.8079370081422683 0.1962248322147651 0.01593108029843645 0.009697986577181203
3 0.20369297857118523 0.5816107382550335 0.01713197969543147 0.01043624161073827
3 0.44406449085272376 0.1994295302013423 0.016812591557932646 0.010604026845637595
3 0.32400010220420405 0.5809563758389262 0.016748713930433045 0.01023489932885904
3 0.5673099853507308 0.5790436241610739 0.016812591557932646 0.010167785234899232
3 0.44577641126971695 0.5796812080536914 0.016122713180935572 0.009781879194630961
3 0.6890862944162437 0.5780704697986577 0.016301570537934695 0.010050335570469807
3 0.8098916635437606 0.5771140939597316 0.01586720267093674 0.009815436241610768
3 0.20614587946717547 0.9602348993288591 0.017272510475930886 0.010285234899329225
2 0.10263857186658945 0.26895973154362424 0.02060692263141756 0.015671140939597306
2 0.22276683814260895 0.26751677852348993 0.02040251422341844 0.014966442953020192
2 0.8294509930841822 0.26174496644295303 0.02095186181991624 0.01520134228187923
2 0.3435722072701258 0.2659060402684564 0.021117943651415512 0.015251677852348943
0 0.08375634517766499 0.9075671140939598 0.009568868599461737 0.010570469798657693
2 0.7081601539876674 0.2628691275167785 0.02045361632541829 0.015251677852348943
2 0.4650930058256397 0.2646308724832215 0.021399005212414342 0.015436241610738269
2 0.5868820904166525 0.2633389261744966 0.020479167376418 0.015553691275167788
3 0.3262102681156952 0.9602348993288591 0.01681259155793279 0.010469798657718077
3 0.8108626034817566 0.9583221476510068 0.016493203420434106 0.009664429530201156
2 0.10465710489558139 0.6461577181208055 0.020951861819916207 0.015922818791946347
3 0.5687791707832249 0.9602348993288591 0.01700422444043191 0.010285234899329225
2 0.22436377883010258 0.6458389261744967 0.020198105815419243 0.014966442953020001
3 0.44724559670221103 0.9602348993288591 0.016812591557932646 0.01040268456375846
3 0.6905554798487378 0.9595973154362417 0.01668483630293323 0.01020134228187923
1 0.9257912308792968 0.1959060402684564 0.010105440670459586 0.010469798657718125
2 0.3452841276871189 0.6452013422818793 0.020530269478418 0.015251677852349039
2 0.8314056484856744 0.6416610738255034 0.02045361632541829 0.014278523489932885
2 0.4665621912581338 0.6445469798657718 0.02136067863591463 0.015553691275167694
1 0.9282441317752872 0.5758221476510067 0.01053980853745783 0.009630872483221538
2 0.7101148093891596 0.6429530201342283 0.02045361632541829 0.014345637583892502
2 0.5883385003236467 0.6435906040268456 0.020376963172418584 0.014899328859060385
1 0.9297133172077814 0.9583221476510068 0.00999046094095988 0.009446308724832306
0 0.09005467924913979 0.8934395973154363 0.006579395632473679 0.009328859060402692