3 0.45025577018620117 0.6279263545221843 0.0168535820314187 0.010416493074072074
3 0.9416919579211128 0.23564153156996587 0.01627990904598875 0.010294006139345129
3 0.8196391541020435 0.6249866680887372 0.016357432422398257 0.010100068492694163
3 0.20391748930746964 0.6289062499999999 0.017458264367412626 0.010656363321245787
3 0.3264664427355597 0.6282529863481228 0.01679156333029118 0.010375664095829696
3 0.6965940510649328 0.6262931953924914 0.016931105407828207 0.010217451805140741
3 0.5710681999827191 0.23858121800341295 0.01711716151121091 0.010911544435260226
3 0.2026771152849181 0.24217416808873718 0.016605507226908477 0.01078905750053328
2 0.1043154552965827 0.6955391424914675 0.020156077866462167 0.015045478482295304
3 0.9436765563571953 0.6243334044368599 0.016605507226908334 0.009788747533596431
3 0.8181507052749816 0.23678474296075086 0.01596981554035072 0.010217451805140741
2 0.2256240347021212 0.6955391424914675 0.02090030227999312 0.014198277183767042
3 0.5735489480278222 0.6269464590443686 0.01679156333029118 0.010334835117587508
3 0.44851924655462905 0.24005106122013647 0.01699312410895587 0.010615534343003408
2 0.46960560493800485 0.3068472696245733 0.01987699371138804 0.01431055687393344
2 0.5928987827796258 0.30619400597269625 0.020574704099073318 0.014085997493600644
3 0.6946094526288502 0.23743800661262796 0.017055142810083246 0.010493047408276463
2 0.34631242709638393 0.3075005332764505 0.020977825656402556 0.015219001639825081
2 0.7164400354257571 0.3047241627559727 0.020466171372100123 0.01431055687393344
2 0.8389889888538471 0.3032543195392491 0.021132872409221428 0.014647395944432635
2 0.3475528011189355 0.6948858788395904 0.020822778903583687 0.014361593096736366
2 0.22351539886378363 0.3092970083191126 0.020543694748509488 0.01493319879212881
3 0.32522606871300813 0.2410309566979522 0.016155871643733565 0.010217451805140741
2 0.5943872316066877 0.6935793515358362 0.02010956384061642 0.013555220776450484
2 0.4710940537650667 0.6942326151877132 0.021303423837322286 0.014871955324765432
2 0.7179284842528189 0.6922728242320819 0.020388647995690616 0.013708329444859259
2 0.8409735872899295 0.6916195605802047 0.02158250799239634 0.014198277183767042
2 0.10195874465373482 0.31060353562286686 0.01973745163385105 0.015219001639825081