2 0.45639688728560934 0.31218670008532423 0.020264610593435435 0.014361593096736366
3 0.9287313150732275 0.24196085750853238 0.016093852942606048 0.01037566409582979
3 0.5610844547889575 0.6329391531569964 0.016093852942605902 0.01057470536476103
2 0.5794419903227199 0.3113701205204778 0.02015607786646224 0.014198277183767042
3 0.18971647243703285 0.248656809940273 0.016605507226908477 0.01078905750053328
3 0.4355586037067438 0.2458804394197952 0.017055142810083388 0.010707399544048618
3 0.6836334082170474 0.6319592576791808 0.017055142810083246 0.010870715457017847
3 0.43704705253380566 0.6335924168088737 0.01672954462916366 0.010911544435260226
3 0.314001949496695 0.6342456804607508 0.01679156333029118 0.010176622826898551
3 0.5586037067438544 0.2447372280290102 0.01738074099100312 0.010656363321245692
3 0.8051900624270963 0.2429407529863481 0.016031834241478384 0.010416493074072074
2 0.09079664413854927 0.7005519411262798 0.020419657346254377 0.014698432167235561
2 0.2122912796474705 0.7005519411262798 0.020001031113643226 0.014034961270797718
3 0.19132895866634983 0.6348989441126279 0.01738074099100312 0.01053387638651884
3 0.8066785112541581 0.6309793622013652 0.016667525928035998 0.009676467843430032
2 0.7029832429688512 0.3102269091296928 0.020466171372100123 0.014137033716403569
3 0.6821449593899857 0.24375733255119453 0.01654348852578096 0.010217451805140741
2 0.3333517842484987 0.31381985921501704 0.02125690981147661 0.014698432167235466
2 0.3350883078800709 0.7005519411262798 0.021303423837322286 0.014085997493600644
3 0.93071591350931 0.630326098549488 0.01672954462916366 0.009237556327325175
2 0.8265244956149825 0.3095736454778157 0.020931311630556882 0.01431055687393344
3 0.31226542586512285 0.24686033489761092 0.01579151177460901 0.010217451805140741
2 0.5809304391497818 0.6992454138225256 0.020419657346254304 0.013983925047994793
2 0.7049678414049335 0.6979388865187712 0.02054369474850963 0.014198277183767042
2 0.45813341091718146 0.6992454138225256 0.02134993786316796 0.014698432167235561
2 0.21080283082040865 0.31545301834470985 0.020466171372100054 0.014524909009705595
2 0.8280129444420442 0.6972856228668941 0.021504984615986832 0.01452490900970569
2 0.08881204570246684 0.31659622973549484 0.020001031113643226 0.01504547848229521