3 0.5759672848762846 0.6642394381533102 0.017475011577647376 0.010712414253048716
3 0.3219464644070039 0.2709229366289199 0.017285065799629577 0.010472739615091485
2 0.5952151237154325 0.33744827961672474 0.021052323730317984 0.0142762719131098
2 0.22038878842676313 0.7342661149825784 0.020894035581969745 0.014828565644054947
3 0.7015847594054603 0.6629055966898956 0.01747501157764752 0.010972930163871979
3 0.3239725527058616 0.6655732796167247 0.01714260646611615 0.010592576934070053
2 0.4690911271115424 0.33811520034843207 0.021416386471518986 0.015360018102134158
3 0.19936812232611476 0.6662402003484321 0.016620255576566836 0.010712414253048716
2 0.7213391203193226 0.33611443815331016 0.020894035581969672 0.01495361328125
2 0.34347365258236673 0.3391155814459931 0.022160340768755737 0.015120343464176832
3 0.5739411965774269 0.2684219838850174 0.01741169631830811 0.010879144435975641
3 0.19708877298989988 0.272756968641115 0.01714260646611608 0.01122302543826218
3 0.45009654930975174 0.6649063588850175 0.0176174709111608 0.01003507288490861
3 0.44832372204825127 0.27008928571428575 0.0178865607633529 0.010837461890243863
2 0.21848933064658405 0.34078288327526135 0.021004837285813534 0.0147764624618902
3 0.6995586711066026 0.26708814242160284 0.016889345428758938 0.010509211842606685
2 0.4711172154104001 0.7335991942508711 0.022081196694581723 0.015474645102896338
2 0.3452464798438672 0.7342661149825784 0.021495530545693142 0.015245391101371979
3 0.9518066643143829 0.2654208405923345 0.016889345428758938 0.010269537204649359
2 0.09667077167776651 0.7349330357142857 0.020450828766594622 0.01602693883384139
3 0.9538327526132405 0.6615717552264809 0.016952660688098208 0.010509211842606685
2 0.7228586865434659 0.7315984320557493 0.021258098323170674 0.014724359279725641
3 0.8261891897852072 0.2665879518728223 0.01625619283536598 0.009842291110899359
2 0.848982683147356 0.7309315113240419 0.021796278027554877 0.014609732278963368
2 0.5972412120142901 0.7329322735191639 0.021178954248996663 0.015005716463414653
2 0.8469565948484983 0.33511405705574915 0.02195456617590319 0.014891089462652473
3 0.827202233934636 0.6622386759581882 0.01728506579962943 0.010389374523628021
2 0.09426479182287302 0.342116724738676 0.019421955802330956 0.015120343464176832