3 0.2003935993020305 0.2513009909815436 0.016490595915717714 0.010608033045826346
2 0.10105266005071885 0.3181004876258389 0.019638939528913157 0.015023865155725673
3 0.3215589787457841 0.24969523385067116 0.015695868401707218 0.009739920596948367
3 0.5643788007188363 0.24712602244127518 0.016429463030024648 0.010567889117554519
3 0.44260209241815146 0.24857120385906042 0.016949092558416097 0.010161431843802405
3 0.6851773828484312 0.24616256816275167 0.01675041067991351 0.010276845637583942
3 0.807443154234661 0.24519911388422821 0.01562709390530242 0.009890460327967693
3 0.2024721174155964 0.6320260067114094 0.01655172880141085 0.010121287915530578
2 0.1033757097070572 0.6975408976510068 0.020280834828690843 0.015023865155725579
3 0.32253710491687393 0.6313837038590605 0.01655172880141085 0.010241719700346152
3 0.9287307994498009 0.2447173867449665 0.016429463030024506 0.009930604256239518
3 0.8084212804057508 0.6281721895973155 0.016689277794220227 0.010046018050020962
3 0.6871336351906109 0.6288144924496645 0.016872676451299785 0.010477565278942886
3 0.566335053061016 0.629777946728188 0.01687267645129964 0.010437421350671154
3 0.44431381321755875 0.630420249580537 0.016490595915717787 0.010046018050020962
2 0.22117878043768954 0.3169764576342282 0.020403100600077044 0.014622425873007595
2 0.3416105652531258 0.31504954907718125 0.02072404824996598 0.015023865155725673
2 0.8279838038275475 0.31071400482382555 0.020724048249965835 0.014622425873007595
3 0.9306870517919805 0.6272087353187921 0.017208907322611967 0.009514111000419424
2 0.4631427420110381 0.3139255190855705 0.02032668449296066 0.014512030070260095
2 0.5844303872261779 0.3132832162332215 0.02032668449296066 0.014070446859270096
2 0.7066961586124076 0.3119986105285235 0.020021020064495118 0.014341418375104904
2 0.22289050123709672 0.6975408976510068 0.020021020064495118 0.014281202482697116
2 0.8299400561697272 0.6930447776845639 0.021488209321129832 0.014451814177852308
2 0.7081633478690423 0.6949716862416108 0.020173852278728033 0.013167208473154422
2 0.5863866395683577 0.6956139890939598 0.020448950264346934 0.013117028562814615
2 0.34356681759530544 0.6968985947986578 0.02055593281430989 0.014512030070260001
2 0.4650989943532178 0.6962562919463088 0.021121412006971155 0.014512030070260001