2 0.8678988011664326 0.7105673758865249 0.022356625985527637 0.01475177304964556
2 0.7397262123339453 0.7112411347517731 0.021479101414839823 0.014237588652482222
2 0.3546954314720812 0.7139539007092199 0.02161410519494543 0.014929078014184256
2 0.48261151312236744 0.7126063829787235 0.02193811426719952 0.015088652482269442
2 0.2270493573820067 0.7139539007092199 0.020237066637865907 0.014468085106382962
2 0.6110406091370558 0.7119148936170212 0.021033588940490414 0.013812056737588516
2 0.09829625229506427 0.31367021276595747 0.02111459120855383 0.015390070921985834
2 0.2252403067285884 0.31299645390070924 0.020993087806458616 0.014468085106383057
2 0.6094880656658386 0.30840425531914895 0.020588076466141005 0.014361702127659632
2 0.8663462576952154 0.3063652482269503 0.02201911653526283 0.014875886524822685
2 0.7376606544983259 0.3073936170212766 0.021236094610649184 0.014414893617021297
2 0.4810589696511502 0.30925531914893617 0.02161410519494543 0.014875886524822685
2 0.3526298736364618 0.31129432624113473 0.02153310292688198 0.015336879432624073
2 0.10017280483853548 0.714627659574468 0.02161410519494543 0.015514184397163148
3 0.5898450156604386 0.643031914893617 0.0172264823415055 0.011028368794326298
3 0.4606463980991467 0.6437056737588652 0.017550491413759587 0.0107446808510637
3 0.45909385462792957 0.24138297872340422 0.017833999351981954 0.011382978723404259
3 0.33221730208445843 0.6443794326241136 0.017833999351981808 0.011170212765957406
3 0.7180176044929258 0.6416666666666666 0.017833999351981954 0.011028368794326298
3 0.5872664434604169 0.23952127659574468 0.01763149368182304 0.011418439716312036
3 0.972297224322281 0.237145390070922 0.01669996759909249 0.010656028368794352
3 0.33093476617345285 0.24239361702127663 0.016767469489145655 0.010656028368794352
3 0.7159520466573064 0.23849290780141844 0.017428988011664412 0.011063829787234076
3 0.8456771789610109 0.6406560283687942 0.017428988011664412 0.010815602836879445
3 0.20314018792526192 0.24391843971631202 0.017293984231558517 0.011294326241134722
3 0.2049492385786802 0.6447340425531914 0.017833999351981808 0.011028368794326298
3 0.8441246354897937 0.23781914893617018 0.0167674694891458 0.010531914893617038
3 0.9743627821579004 0.6399822695035461 0.017037477049357302 0.010691489361702035
0 0.07988173668862729 0.9393085106382978 0.009396263095366682 0.011418439716312226