3 0.20868874873197196 0.21073170731707314 0.018233140740087306 0.011324041811846684
2 0.7334406562872139 0.2740766550522648 0.021699819168173845 0.015243902439024359
0 0.08623031799938254 0.9288327526132404 0.009539981475764119 0.01087108013937268
2 0.6073170731707317 0.27541811846689895 0.021210250077184307 0.015
3 0.33379349887531434 0.20905923344947738 0.018233140740087233 0.011062717770034852
2 0.48069068936620657 0.27608013937282233 0.02208353548273287 0.01614982578397208
2 0.8590614387156531 0.2730836236933798 0.022162925065055464 0.015540069686411187
2 0.354818506593746 0.27707317073170734 0.021792440347549968 0.01653310104529614
3 0.45941428130375334 0.20756097560975614 0.018656551845807844 0.011010452961672475
3 0.8367794292771137 0.20454703832752613 0.01788911921668951 0.01083623693379792
3 0.7111586468486748 0.2055574912891986 0.018378688307678755 0.010975609756097574
2 0.2299651567944251 0.2787456445993032 0.02136902924182943 0.015905923344947722
3 0.5855378644202355 0.20688153310104532 0.018166982754818595 0.011498257839721285
3 0.21032946676663877 0.6047038327526134 0.018087593172495926 0.011132404181184559
2 0.7344594892603538 0.6693902439024391 0.02099854452432386 0.014721254355400788
2 0.860583072376836 0.6683972125435541 0.02208353548273287 0.014947735191637624
3 0.3355665328805187 0.6037108013937282 0.018166982754818595 0.010801393728223162
2 0.35684294094297186 0.6720731707317074 0.021369029241829502 0.015418118466899007
2 0.6083359061438716 0.6697386759581883 0.021620429585851104 0.015365853658536632
2 0.23210867551713493 0.6727351916376307 0.021580734794689735 0.014895470383275248
3 0.962903012393596 0.20405923344947735 0.017955277201958147 0.011062717770034852
3 0.7131830811979006 0.6013763066202091 0.018656551845807556 0.011010452961672475
3 0.46143871565297934 0.6033797909407665 0.01869624663696914 0.010505226480836238
3 0.5875622987694615 0.6023693379790941 0.018577162263485103 0.011184668989546936
2 0.4827151237154325 0.6707317073170732 0.02298328408238877 0.015592334494773657
3 0.8388038636263397 0.6003658536585367 0.018166982754818595 0.010679442508710887
3 0.9649274467428219 0.5997038327526133 0.01829929872535616 0.010679442508710887
3 0.21012658227848102 0.995 0.020253164556962026 0.01
3 0.3367441450183037 0.9965156794425087 0.019847395580646646 0.006968641114982574
3 0.4617827371763772 0.9965156794425087 0.018524235875270134 0.006968641114982574
3 0.5860759493670886 0.995 0.017721518987341773 0.01
3 0.7126582278481013 0.995 0.017721518987341773 0.01
3 0.8379746835443038 0.995 0.020253164556962026 0.01
3 0.9632911392405064 0.9933333333333333 0.017721518987341773 0.013333333333333334