3 0.4490153961636497 0.2619587244027304 0.016543488525780813 0.010911544435260226
3 0.2032973022961939 0.2647350949232081 0.016605507226908477 0.01078905750053328
3 0.9441727059662158 0.6454244880546075 0.016357432422398257 0.009492737441339614
2 0.46985367974251513 0.3285916168941979 0.020853788254147375 0.01475967563459894
3 0.32745874195360086 0.6496707017918089 0.01627990904598875 0.009788747533596431
2 0.5928987827796258 0.32761172141638223 0.02031112461928111 0.01431055687393344
2 0.10487362360673089 0.7166302261092149 0.020466171372100054 0.015576255199445464
3 0.5720604992007603 0.2606521970989761 0.016931105407828207 0.010952373413502603
2 0.22624422171339698 0.7166302261092149 0.020419657346254377 0.014085997493600644
3 0.45075191979522183 0.6493440699658702 0.016605507226908477 0.010217451805140741
3 0.9421881075301334 0.2578758265784982 0.016155871643733423 0.009829576511838715
2 0.34680857670540455 0.33006146011092147 0.021179386435067248 0.01431055687393344
3 0.6975863502829739 0.6473842790102389 0.016419451123525632 0.01053387638651884
2 0.7169361850347777 0.3261418781996587 0.020574704099073318 0.014034961270797813
3 0.5740450976368427 0.6486908063139931 0.0168535820314187 0.010615534343003408
3 0.2055299755367866 0.650323965443686 0.016481469824653296 0.010258280783383119
3 0.32572221832202874 0.2631019357935153 0.01627990904598875 0.010416493074072074
3 0.6956017518468915 0.2591823538822526 0.01654348852578096 0.010258280783383119
3 0.8206314533200846 0.6464043835324231 0.017055142810083246 0.009829576511838809
2 0.34854510033697667 0.7159769624573378 0.021024339682248233 0.014586152477069163
2 0.22425962327731452 0.3313679874146757 0.01969093760800534 0.013983925047994887
3 0.8181507052749816 0.25820245840443684 0.01627990904598875 0.009788747533596431
2 0.7184246338618394 0.7140171715017064 0.020822778903583687 0.014137033716403569
2 0.8399812880718882 0.32548861454778155 0.020822778903583687 0.01431055687393344
2 0.47183827817859764 0.7153236988054608 0.021427461239577467 0.01498423501493183
2 0.5953795308247288 0.7146704351535836 0.020822778903583687 0.014698432167235561
2 0.8414697368989501 0.7127106441979522 0.021380947213731794 0.014361593096736366
2 0.102516912963883 0.3325111988054607 0.01973745163385105 0.01442283656409984
0 0.084965620544779 0.9237148037542661 0.008814407897756742 0.010656363321245787