2 0.10141945736487754 0.31440724622483224 0.019898754293108882 0.015023865155725673
3 0.20076039661618916 0.2477683252936242 0.016689277794220372 0.010527745189282693
3 0.32082538411746675 0.2464837195889262 0.016612861687103988 0.009890460327967693
3 0.6851773828484312 0.24279047818791946 0.01655172880141078 0.01020157577207423
3 0.5643788007188363 0.24375393246644297 0.016429463030024648 0.010608033045826346
0 0.08387431917095357 0.9082162332214765 0.008489829500631332 0.010161431843802499
3 0.4423575608753791 0.24535968959731547 0.017010225444109236 0.010276845637583847
3 0.806954091149116 0.242469326761745 0.015390203973241605 0.009624506803166923
3 0.2025943831869826 0.62849334102349 0.01655172880141085 0.010527745189282693
3 0.9282417363642559 0.2415058724832215 0.01569586840170715 0.009815190462458077
2 0.10355910836413657 0.6943293833892619 0.020021020064495118 0.014622425873007501
3 0.32302616800241885 0.627851038171141 0.016750410679913473 0.010477565278942886
3 0.8089103434912956 0.6243183724832215 0.01630719725863852 0.010086161978292693
3 0.6876226982761559 0.6256029781879195 0.01694909255841595 0.010608033045826346
2 0.22142331198046197 0.3134437919463087 0.020097436171611506 0.014120626769609904
3 0.44431381321755875 0.6275298867449666 0.016689277794220372 0.010086161978292693
2 0.8279838038275475 0.30718133913590606 0.020831030799928933 0.014180842662017596
3 0.566335053061016 0.626566432466443 0.01655172880141078 0.010477565278942886
3 0.9301979887064356 0.6236760696308725 0.01630719725863852 0.010086161978292693
2 0.3420996283386707 0.31183803481543626 0.020831030799928933 0.014512030070260095
2 0.7066961586124076 0.3081447934144296 0.020097436171611575 0.013799475343435385
2 0.5849194503117229 0.3092688234060403 0.019898754293108844 0.013799475343435385
2 0.4633872735538106 0.3102322776845638 0.0206323489214262 0.014341418375104904
2 0.22301276700848296 0.6943293833892619 0.0199751704002253 0.013538539809668654
2 0.8294509930841822 0.6898332634228188 0.021243677778357284 0.013538539809668654
2 0.7081633478690423 0.6911178691275168 0.019898754293108844 0.01332778418624154
2 0.5863866395683577 0.6917601719798658 0.02017385227872789 0.013849655253775192
2 0.4650989943532178 0.6924024748322148 0.020999146235585023 0.014682641765415193
2 0.34356681759530544 0.6936870805369127 0.01994460395737866 0.013538539809668654