3 0.19737589262668845 0.2068813559322034 0.01640282199088013 0.009728813559322067
3 0.6870988557171125 0.20110169491525423 0.01609309128452203 0.010966101694915267
3 0.441805041727609 0.20308474576271185 0.01628667297599587 0.011762711864406772
3 0.5645745504602943 0.20174576271186442 0.01635120020648715 0.011389830508474575
3 0.1988600189279876 0.588457627118644 0.0160930912845221 0.011271186440678017
3 0.320519659296223 0.5881355932203389 0.015434913533511225 0.011016949152542376
3 0.6890733889701455 0.585864406779661 0.01646734922137148 0.010762711864406735
3 0.9326249677363847 0.19898305084745763 0.017241675987266548 0.010966101694915267
3 0.44385700765723135 0.5871525423728814 0.016531876451862614 0.011355932203389898
3 0.8106039748773982 0.5852033898305085 0.01609309128452203 0.00983050847457624
3 0.5660586767615934 0.5865084745762712 0.01744816312483861 0.010915254237288157
3 0.9346124064355159 0.5842372881355932 0.01609309128452203 0.010762711864406735
2 0.33978749032091543 0.27116949152542374 0.020338983050847387 0.01511864406779665
2 0.8303622128538242 0.2659830508474576 0.02053256474232137 0.014711864406779683
2 0.21801170093779573 0.2719830508474576 0.020184117697668372 0.015237288135593208
2 0.5853265077862858 0.26793220338983054 0.02048094295792832 0.014152542372881384
2 0.7083412199948378 0.26711864406779656 0.021732771229458794 0.014661016949152478
2 0.46280220252946747 0.2703559322033898 0.02076486277208989 0.014322033898305052
2 0.21998623419082852 0.6552881355932203 0.020106685021078867 0.014881355932203254
2 0.3415168200980814 0.6546271186440678 0.02116493160113565 0.015237288135593304
2 0.7103157532478706 0.6526949152542372 0.02148756775359219 0.015
2 0.09702314376666954 0.2737627118644068 0.019577561731050477 0.015
2 0.4640411253548998 0.6539830508474577 0.020661619203303786 0.014830508474576239
2 0.5873010410393186 0.6536610169491526 0.02116493160113565 0.014949152542372985
3 0.20107975565688718 0.9706101694915253 0.017125526972382288 0.0101864406779661
2 0.8323367461068572 0.6520338983050846 0.021010066247956635 0.014949152542372985
3 0.6900542028736127 0.9700677966101695 0.0177191774929021 0.010423728813559591
3 0.4457541082336745 0.9712711864406778 0.01744816312483861 0.010423728813559591
3 0.5680332100146261 0.9706101694915253 0.01764174481631245 0.010152542372881422
3 0.812578508130431 0.969322033898305 0.016725458143336598 0.009881355932203253
3 0.32249419254925576 0.9706101694915253 0.016467349221371337 0.009762711864406887
3 0.9350253807106599 0.9673728813559321 0.016531876451862614 0.009983050847457662
2 0.09715219822765207 0.6559322033898305 0.019951819667899853 0.013677966101694968
3 0.31926783102469236 0.20471186440677966 0.01676417448163128 0.010220338983050824
3 0.8094295792824572 0.20064406779661015 0.016828701712122415 0.008711864406779644