0 0.08104259322613755 0.9124155405405406 0.009134450906602816 0.010540540540540632
2 0.22076633595620943 0.7100168918918919 0.02033441669517623 0.014273648648648798
2 0.3419517618884708 0.709375 0.02104002736914121 0.014662162162162151
2 0.7080867259664728 0.7074324324324325 0.020616660964762123 0.01393581081081076
3 0.9290968183373248 0.256402027027027 0.016254704071159812 0.010354729729729683
2 0.8293876154635649 0.7061317567567568 0.021129832364009487 0.014104729729729683
2 0.46399674991447154 0.7087162162162163 0.021527540198426294 0.015
2 0.10105627779678414 0.7100168918918919 0.02025744098528906 0.015777027027027088
2 0.34023263770099216 0.326722972972973 0.02145056448853916 0.014543918918918925
2 0.5838351009237085 0.3247804054054054 0.020218953130345458 0.014831081081081075
2 0.5857979815258297 0.7080743243243244 0.02088607594936709 0.014543918918918925
2 0.4622776257269928 0.3257432432432433 0.020488368114950424 0.014949324324324399
2 0.21917550461854263 0.3281756756756757 0.020141977420458396 0.014442567567567626
2 0.7061238453643517 0.3236486486486487 0.020693636674649542 0.014543918918918925
2 0.09873417721518987 0.32930743243243243 0.02028309955525145 0.014831081081081075
2 0.82792507697571 0.32283783783783787 0.021014368799179072 0.014712837837837849
3 0.8072955867259665 0.2570439189189189 0.016947485460143727 0.010540540540540539
3 0.5651684912760863 0.6417905405405406 0.01649846048580221 0.010979729729729684
3 0.9300718439958948 0.6388851351351352 0.016755046185425893 0.009763513513513544
3 0.6869697228874445 0.6408277027027028 0.016562606910708346 0.010844594594594621
3 0.4431235032500855 0.6430912162162162 0.01637016763599037 0.010270270270270316
3 0.3208347588094424 0.6427702702702703 0.016755046185425893 0.010506756756756773
3 0.19817396510434487 0.26270270270270274 0.01720407115976741 0.01104729729729731
3 0.8082706123845366 0.640168918918919 0.01688333903523788 0.010118243243243228
3 0.31961597673622993 0.2609121621621622 0.016318850496065733 0.010726351351351393
3 0.6850068422853235 0.2581756756756757 0.01649846048580221 0.010726351351351393
3 0.2002651385562778 0.6434121621621621 0.016254704071159812 0.011013513513513545
3 0.5627180978446802 0.25866554054054053 0.017345193294560392 0.011283783783783766
3 0.44140437906260693 0.2597804054054054 0.016883339035237734 0.011402027027026994
0 0.09523178241532672 0.6084966216216217 0.008762401642148506 0.009324324324324304