2 0.2216849937665332 0.28203056227992956 0.02161736330498855 0.0157012939453125
3 0.20000348398289483 0.213623046875 0.01832985627418541 0.010951942121478831
3 0.45363866056427393 0.21059020136443662 0.018410039372497668 0.011257332815250862
2 0.47544846330521195 0.2789977167693662 0.022194681612836952 0.016006684639084483
2 0.3479252637493744 0.2801771566901408 0.0222909013308116 0.016322606046434866
3 0.58167503194931 0.20957925286091547 0.017977050641611456 0.011657499931228017
3 0.32662863283763494 0.21176964128521125 0.017977050641611456 0.0112152099609375
3 0.7089416455905483 0.2082313215228873 0.01876284500507162 0.011436354946082758
2 0.7310080342460855 0.27697581976232394 0.02185791259992539 0.015227411834286973
2 0.6032282487756487 0.2783237511003521 0.021954132317900037 0.015111573984925145
3 0.8362082592317865 0.20705188160211266 0.01826570979553569 0.010994064975792242
2 0.858274647887324 0.27596487125880276 0.02262767034372316 0.015638109663842385
3 0.5837277192661042 0.6090724031690141 0.018682661906759365 0.011341578523877729
3 0.32816814832523056 0.6107573173415493 0.018474185851147528 0.010951942121478927
3 0.2017995853850897 0.6114312830105633 0.017977050641611383 0.010994064975792335
2 0.3499779510661685 0.6791648327464789 0.021745656262288204 0.01563810966384248
2 0.6047677642632444 0.6774799185739436 0.021954132317900037 0.01563810966384248
2 0.47724456470740684 0.6791648327464789 0.02198620555722497 0.01613305320202471
3 0.7109943329073425 0.6080614546654929 0.01930809007359502 0.011299455669564319
3 0.45594793379566734 0.6100833516725351 0.018682661906759365 0.010620224643761085
3 0.9639880447022234 0.2065464073503521 0.018185526697223436 0.011257332815250862
2 0.22283963038222993 0.680512764084507 0.021040044997140222 0.015111573984925145
3 0.8382609465485807 0.6070505061619718 0.0186185154281095 0.011088841397997271
2 0.8603273352041181 0.6757950044014084 0.022290901330811744 0.015164227552816859
2 0.7325475497336812 0.6774799185739436 0.021697546403300877 0.01414274833571748
3 0.9660407320190176 0.6063765404929576 0.01876284500507162 0.010746593206701125
0 0.07475055313963617 0.9378841920197819 0.020427170277474687 0.02248200545924419