2 0.7081633478690423 0.2757084993708054 0.02107556234270148 0.014732821675755
3 0.2021053201014377 0.21581375838926178 0.017667403965310205 0.010648176974098172
0 0.08387431917095357 0.9082162332214765 0.008627378493440828 0.010527745189282693
2 0.8294509930841822 0.2750661965184564 0.021778590528172197 0.015023865155725673
3 0.3227816364596464 0.214047425545302 0.017331173093998023 0.0103571334941275
2 0.46460993126767286 0.27763540792785235 0.021488209321129832 0.015615988097734904
2 0.5863866395683577 0.2773142565016779 0.02032668449296066 0.014451814177852308
3 0.44406928167478626 0.2130839712667785 0.01774382007242659 0.010608033045826323
2 0.3430777545097605 0.27892001363255037 0.02052536637146325 0.015676203990142596
3 0.6871336351906109 0.21083591128355705 0.017545138193923858 0.010608033045826346
3 0.8084212804057508 0.21019360843120807 0.017468722086807692 0.010086161978292789
2 0.710119600211222 0.6590027265100672 0.020831030799928933 0.014120626769609809
3 0.20369477512945866 0.5957358955536913 0.01727004020830496 0.011019508310612498
3 0.5658459899754711 0.2122810927013423 0.01720890732261182 0.0109793643823406
2 0.22276823546571053 0.2806863464765101 0.02032668449296066 0.015134260958473172
2 0.8309181823408169 0.6573969693791947 0.02104499589985484 0.014512030070260001
2 0.5878538288249924 0.6596450293624162 0.020678198585696164 0.014732821675755
3 0.32424882571628116 0.5950935927013423 0.01774382007242659 0.01072846483064173
2 0.3450340068519402 0.6609296350671141 0.02104499589985484 0.014963649263317886
2 0.22435769049373153 0.6615719379194632 0.020754614692812475 0.014622425873007501
3 0.44578100247419344 0.5944512898489933 0.017606271079617142 0.010161431843802499
2 0.4660771205243076 0.6602873322147652 0.02132009388547374 0.015254692743288653
3 0.5673131792321058 0.5938089869966443 0.017606271079617142 0.010768608758913653
3 0.9301979887064356 0.2093907298657718 0.01733117309399795 0.010477565278942957
3 0.6890898875327907 0.5928455327181209 0.017606271079617142 0.010608033045826346
3 0.8103775327479305 0.5918820784395974 0.01727004020830496 0.0103571334941275
3 0.9321542410486152 0.5912397755872484 0.01733117309399795 0.010316989565855769
3 0.44700366018805576 0.9743734270134229 0.01808005094373877 0.010567889117554614
3 0.32596054651568834 0.9743734270134229 0.018080050943738737 0.010477565278943075
3 0.2058955590144108 0.9750157298657719 0.01794250195092918 0.010241719700345963
3 0.6905570767894254 0.9737311241610739 0.018217599936548222 0.01000587412174923
3 0.5687803684887406 0.9743734270134229 0.018400998593627635 0.010161431843802499
3 0.8113556589190203 0.973088821308725 0.017545138193923858 0.010201575772074421
3 0.9326433041341602 0.971804215604027 0.017667403965310132 0.009739920596948271