1 0.078984056624008 0.6677112676056337 0.022038321298348467 0.01221830985915498
1 0.20459176378065344 0.6683802816901409 0.02108654464860231 0.009172535211267624
2 0.07706709801958961 0.26829225352112673 0.021743404589976405 0.015633802816901438
3 0.18559644670050757 0.9932394366197183 0.017842460856509642 0.010985915492957854
3 0.31145885465074713 0.9939084507042253 0.017788839636805606 0.011091549295774711
3 0.6932553442482303 0.9925528169014084 0.017708407807249547 0.01061619718309847
3 0.5659853792807606 0.9932394366197183 0.01797651390576959 0.010704225352112644
3 0.43846071351969684 0.9939084507042253 0.01797651390576959 0.010950704225352107
3 0.8205253092157003 0.9912147887323942 0.017507328233359588 0.01061619718309847
2 0.8395072209909201 0.2606338028169014 0.021126760563380302 0.015281690140845114
2 0.20305015371416313 0.2666901408450704 0.021166976478158295 0.015158450704225383
2 0.3296766640451848 0.2650176056338028 0.021569135625938356 0.015580985915493006
2 0.4571879245013226 0.2635035211267605 0.022199184957460472 0.015633802816901438
2 0.7127600629155645 0.26130281690140844 0.02127421891756608 0.015580985915493006
2 0.5849806963609064 0.2623239436619718 0.021166976478158295 0.01522887323943659
1 0.9441892471580753 0.9905457746478872 0.010818081075284147 0.010264084507042148
1 0.9416288339172088 0.19154929577464788 0.010818081075284147 0.010457746478873228
3 0.18149442339315075 0.1984507042253521 0.01730624865946956 0.010616197183098612
1 0.3314729749052691 0.6690492957746478 0.021488703796382375 0.007816901408450766
3 0.8169326874955314 0.1918838028169014 0.01639468792450143 0.009982394366197174
3 0.6901721241152499 0.19290492957746475 0.01710516908557938 0.010616197183098612
3 0.5629021591477801 0.19390845070422533 0.017507328233359445 0.010739436619718296
3 0.3080539071995424 0.19669014084507042 0.017105169085579453 0.010211267605633812
3 0.43512279259312214 0.1954225352112676 0.01737327518409957 0.010616197183098612
0 0.057173625509401596 0.9399823943661971 0.009665224851647978 0.010792253521126819
1 0.45872953456781296 0.6690492957746478 0.021864052334310345 0.007200704225352107