3 0.8348785271624473 0.6365763346354166 0.01701998811230871 0.010436375935872396
2 0.1066943462387922 0.7086859809027778 0.020821486847310125 0.015607833862304688
3 0.7091924611023207 0.6375732421875 0.017682489966541308 0.01059733496771912
3 0.9600598299050633 0.6359117296006945 0.016830701868242256 0.010036574469672245
3 0.20909820427874473 0.6408962673611112 0.016767606453553557 0.01059733496771912
3 0.5845159216772152 0.6385701497395834 0.017083083526997625 0.010514259338378906
2 0.48002991495253167 0.7073567708333335 0.02149976255521488 0.01490169101291239
3 0.3333961712157173 0.640231662326389 0.017083083526997625 0.010472721523708704
2 0.35459623055116035 0.7080213758680556 0.020853034554654582 0.014008627997504276
3 0.45857747395833337 0.6395670572916666 0.01689379728293117 0.010275416904025671
2 0.23017207278481014 0.7086859809027778 0.020695296017932515 0.014164394802517298
2 0.6057159810126583 0.706027560763889 0.020853034554654582 0.014164394802517298
2 0.7308972837552744 0.7053629557291667 0.020427140505504916 0.013946321275499069
2 0.8560785864978904 0.7040337456597223 0.022130716702103016 0.014226701524522507
2 0.10486457921281646 0.3172336154513889 0.020080115724716498 0.0157220628526476
3 0.8328594738924051 0.24229939778645834 0.015821175233221352 0.010275416904025576
2 0.35282955893987344 0.3140767415364583 0.021468214847870565 0.014839384290907087
2 0.47826324334124476 0.3132459852430556 0.020742617578949057 0.014610926310221354
2 0.6031921644251055 0.31191677517361116 0.020900356115671197 0.014164394802517393
3 0.7071734078322784 0.2427978515625 0.017414334454113924 0.010716756184895834
3 0.5824968684071731 0.2439609103732639 0.016767606453553487 0.010934829711914062
3 0.9580407766350212 0.24163479275173613 0.016310164697059502 0.0104727215237088
3 0.20720534183808018 0.24811469184027782 0.016956892697620015 0.010893291897243956
2 0.22853159200290088 0.316070556640625 0.020821486847310125 0.014901691012912294
2 0.7293829938027427 0.3110860188802083 0.020300949676127375 0.013686709933810732
3 0.45706318400580176 0.24529012044270834 0.017414334454113924 0.010893291897243956
3 0.33087235462816456 0.24645317925347224 0.017146178941686397 0.010597334967719215
2 0.8545642965453587 0.3094245062934028 0.02118428548177074 0.01444477505154083
0 0.09981694603771098 0.5847371419270834 0.007741018689634416 0.012326346503363651