2 0.7081633478690423 0.2749056208053691 0.020831030799928933 0.014451814177852308
3 0.20137172547312032 0.214047425545302 0.01780495295811973 0.010899076525796995
2 0.5863866395683577 0.2763508022231544 0.020953296571315064 0.014180842662017596
0 0.08326299031402243 0.9062893246644296 0.009177574464678873 0.010477565278943075
2 0.3425886914242156 0.27763540792785235 0.021274244221203924 0.015676203990142596
2 0.46436539972490043 0.27683252936241615 0.021151978449817796 0.01555577220532721
3 0.3222925733741015 0.21276281984060405 0.017331173093998096 0.010608033045826346
2 0.8289619299986373 0.2741027422399329 0.02190085629955847 0.014963649263317981
2 0.22215690660877938 0.27924116505872487 0.020724048249965907 0.015314908635696345
3 0.4435802185892414 0.21147821413590606 0.017667403965310132 0.010939220454068775
3 0.6871336351906109 0.2093907298657718 0.017545138193923858 0.010608033045826346
3 0.20308344627252753 0.5938089869966443 0.01754513819392393 0.010608033045826346
3 0.5653569268899261 0.2105147598573826 0.017606271079617142 0.011019508310612427
3 0.8079322173202059 0.20842727558724836 0.01694909255841595 0.010201575772074254
2 0.7096305371256773 0.6561123636744968 0.020372534157230476 0.014180842662017691
2 0.8309181823408169 0.6551489093959733 0.021365943549743558 0.014622425873007501
3 0.3240042941735087 0.5931666841442954 0.01774382007242659 0.010316989565855769
2 0.34454494376639533 0.6583604236577182 0.020953296571315064 0.014963649263317886
2 0.22411315895095904 0.6590027265100672 0.020724048249965907 0.014562209980599808
2 0.5873647657394475 0.6564335151006713 0.020800464357082292 0.01508408104813346
3 0.9297089256208906 0.20778497273489935 0.016872676451299785 0.010567889117554519
3 0.6886008244472457 0.5909186241610739 0.01815646705085523 0.01072846483064173
3 0.5673131792321058 0.5918820784395974 0.017407589201114407 0.010768608758913653
3 0.44553647093142107 0.5925243812919464 0.01808005094373877 0.010121287915530578
3 0.8098884696623856 0.5899551698825504 0.017208907322611967 0.01020157577207423
2 0.4660771205243076 0.6577181208053692 0.02173274086390238 0.015736419882550385
3 0.9321542410486152 0.588991715604027 0.017545138193923858 0.010316989565855769
3 0.3254714834301435 0.972446518456376 0.01804948450089213 0.01035713349412769
3 0.20565102747163833 0.972446518456376 0.01804948450089213 0.010241719700345963
3 0.6895789506183355 0.971804215604027 0.01788136906523604 0.010201575772074421
3 0.4465145971025109 0.973088821308725 0.017606271079617142 0.009965730193477308
3 0.5687803684887406 0.972446518456376 0.018187033493701727 0.010316989565855769
3 0.8108665958334753 0.9705196098993291 0.01733117309399795 0.009965730193477308
3 0.9316651779630702 0.96987730704698 0.01694909255841595 0.00958938086592904