3 0.19990453621648555 0.2585268980704698 0.016689277794220372 0.01089907652579702
2 0.10050246407948081 0.32500524328859065 0.01966950597175969 0.014120626769609904
3 0.3208253841174668 0.25756344379194634 0.016246064372945273 0.010728464830641826
3 0.6846883197628864 0.25322789953859065 0.016368330144331512 0.010161431843802405
3 0.5634006745477464 0.25403077810402686 0.016490595915717787 0.010808752687185385
3 0.4423575608753791 0.25611826237416113 0.016429463030024648 0.010648176974098172
3 0.806465028063571 0.2527461723993289 0.016047382494442507 0.01020157577207423
3 0.20161625701589275 0.6387701866610739 0.016429463030024648 0.011069688220952117
3 0.3218035102885566 0.6381278838087249 0.016872676451299713 0.01020157577207423
2 0.10264211507873983 0.7046062290268457 0.020326684492960698 0.015375124528104038
3 0.9282417363642559 0.2521038695469799 0.01592511672305652 0.009930604256239518
3 0.686644572105066 0.6358798238255035 0.016689277794220227 0.010397277422399421
3 0.8079322173202059 0.6349163695469799 0.01655172880141078 0.010086161978292693
3 0.4435802185892414 0.6378067323825504 0.017132491215495364 0.0103571334941275
3 0.5658459899754711 0.6371644295302015 0.016612861687103915 0.010437421350671154
2 0.22056745158075838 0.3235600618708054 0.020021020064495118 0.014281202482697116
2 0.34136603371035334 0.32211488045302017 0.02107556234270134 0.014512030070260095
2 0.8274947407420026 0.3181004876258389 0.02060178247857956 0.014682641765415288
3 0.9297089256208906 0.6339529152684564 0.01675041067991351 0.009775046534186154
2 0.7057180324413179 0.31906394190436244 0.020280834828690843 0.014120626769609904
2 0.46265367892549314 0.3209908504614094 0.020601782478579706 0.014512030070260095
2 0.583941324140633 0.3201879718959732 0.02052536637146325 0.013849655253775192
2 0.22215690660877938 0.7046062290268457 0.02037253415723055 0.014120626769609809
2 0.8289619299986373 0.7007524119127517 0.020831030799928933 0.014120626769609809
2 0.34283322296698804 0.7039639261744968 0.020678198585696164 0.014682641765415193
2 0.7076742847834976 0.7020370176174497 0.020372534157230476 0.013849655253775192
2 0.5858975764828127 0.7033216233221476 0.020831030799928933 0.01358871972000846
2 0.46436539972490043 0.7033216233221476 0.021274244221203924 0.014903433370910192