2 0.328329604975993 0.2671942349137931 0.021194837645951575 0.015025803138469863
2 0.20639271197075515 0.6579269935344828 0.020599565043921842 0.015139244342672479
2 0.45314887058053255 0.2657091864224138 0.021570799289338683 0.0155517578125
3 0.30877959951986034 0.5906047952586208 0.01702792943174382 0.010524249898976261
2 0.20476354484941076 0.2688442887931035 0.020129612989687885 0.014396720096982752
2 0.7017848374072458 0.2635641163793104 0.020442914359177215 0.01445859711745688
3 0.43284694183762557 0.5896147629310345 0.017294235595809684 0.010008608061691765
3 0.5579168485377565 0.5892847521551725 0.017497881485977775 0.010323149582435272
3 0.682234831951113 0.5882947198275862 0.017983498608686192 0.010524249898976261
2 0.3303347337407246 0.6575969827586208 0.02095986161883456 0.014798920730064728
2 0.5774668539938892 0.2642241379310345 0.020881536276462175 0.01485048491379312
2 0.45465271715408123 0.6566069504310345 0.021602129426287607 0.014963926117995735
2 0.8261028208206025 0.2627390894396552 0.021147842440528114 0.014623602505387889
2 0.5789707005674378 0.6559469288793104 0.02095986161883456 0.015376439587823256
3 0.18521353939327803 0.5909348060344828 0.017560541759875627 0.010642847521551743
3 0.30702511185072023 0.2000370420258621 0.01770152737614579 0.010983171134159496
2 0.08182408746180707 0.2699993265086207 0.02152380408391533 0.015861142914870736
3 0.18734398870580535 0.9816675646551725 0.017027929431743746 0.010281898235452521
3 0.8065528153644697 0.5866446659482759 0.016777288336152198 0.010122049265894474
3 0.4315937363596683 0.19888200431034483 0.017701527376145717 0.011158489358836192
2 0.7037899661719773 0.6556169181034484 0.020756215728666472 0.014396720096982752
3 0.4346014295067656 0.9810075431034483 0.017027929431743746 0.010482998551993509
3 0.310283446093409 0.9816675646551725 0.01763886710224794 0.010684098868534496
3 0.18383501336752509 0.20168709590517242 0.01776418765004364 0.011509125808189632
3 0.8045476865997382 0.1957469019396552 0.017027929431743888 0.010044702990301744
3 0.6807309853775645 0.19657192887931038 0.017106254774115988 0.010900668440193944
3 0.5559117197730249 0.19739695581896552 0.017764187650043714 0.011282243399784496
2 0.828107949585334 0.654296875 0.02119483764595143 0.014850484913793024
3 0.6837386785246617 0.9803475215517242 0.017372560938181927 0.010085954337284497
3 0.5589194129201223 0.9810075431034483 0.017497881485977775 0.010400495858028004
2 0.08351591485704933 0.6582570043103448 0.0213514883306962 0.016418036099137983
3 0.8075553797468354 0.9796875 0.016902608883948185 0.010240646888469958
1 0.9288656700130948 0.9783674568965517 0.01167830854771401 0.010323149582435463
1 0.9258579768659975 0.19558189655172414 0.01073057190500883 0.010085954337284497
1 0.927863105630729 0.5859846443965517 0.011365007178224465 0.010240646888469769
0 0.06227408200567438 0.922265625 0.009085739715189873 0.010684098868534496