2 0.7138525247127973 0.26852631578947367 0.0220010686615016 0.015017543859649152
3 0.18409030189687414 0.20501754385964907 0.017913438418381004 0.01063157894736842
0 0.06053967405824204 0.9283333333333333 0.009444296019235894 0.011210526315789669
2 0.5864146406625701 0.26949122807017545 0.021880844242586163 0.014719298245614047
2 0.458829815655891 0.27015789473684215 0.022415174993320883 0.01582456140350871
3 0.3102725086828747 0.20350877192982456 0.017646273043013572 0.010666666666666628
2 0.3320064119690088 0.2708421052631579 0.021707186748597312 0.01594736842105258
2 0.8400614480363345 0.2673157894736842 0.02302965535666565 0.015771929824561444
2 0.20595778787069197 0.2728421052631579 0.02125300561047293 0.015350877192982466
3 0.4373497194763558 0.2018245614035088 0.018554635319262554 0.010877192982456117
3 0.6917579481699171 0.19980701754385963 0.018340903018968752 0.011140350877192968
3 0.8180737376436014 0.19880701754385963 0.017993588030991343 0.01063157894736842
3 0.1860138925995191 0.6015964912280701 0.017913438418381004 0.011052631578947208
3 0.5644269302698369 0.2013157894736842 0.01784664707453913 0.011754385964912236
2 0.8421052631578947 0.6660701754385965 0.02249532460593093 0.015175438596491139
2 0.5874432273577344 0.6677543859649123 0.02166711194229236 0.01564912280701738
2 0.3335426128773711 0.6697719298245614 0.021172855997862738 0.015350877192982466
2 0.7152818594710125 0.6670701754385965 0.021386588298156685 0.014929824561403583
3 0.31206251669783597 0.6009298245614034 0.018474485706652503 0.010701754385964933
2 0.4606198236708522 0.6690877192982455 0.022495324605931077 0.01564912280701738
3 0.43939353459791614 0.6002456140350877 0.01902217472615554 0.010508771929824547
2 0.2076142131979695 0.6704385964912281 0.021667111942292216 0.015280701754386049
3 0.9454047555436815 0.19829824561403508 0.018127170718674805 0.011000000000000038
3 0.6932941490782794 0.598578947368421 0.01904889126369232 0.011140350877193061
3 0.5664707453913973 0.599578947368421 0.018701576275714622 0.011350877192982504
3 0.8201175527651617 0.5975614035087718 0.01862142666310443 0.010912280701754373
3 0.9474485706652417 0.596561403508772 0.018260753406358556 0.010789473684210406
3 0.4394870424792947 0.9956140350877193 0.018701576275714622 0.008771929824561464
3 0.3125834891798023 0.9956140350877193 0.018701576275714695 0.008771929824561464
3 0.18768367619556506 0.9956140350877193 0.017365749398877896 0.008771929824561464
3 0.6946299759551162 0.9956140350877193 0.018701576275714622 0.008771929824561464
3 0.566390595778787 0.9956140350877193 0.018701576275714622 0.008771929824561464
3 0.8201977023777718 0.994736842105263 0.018701576275714622 0.010526315789473604
3 0.9479561848784397 0.9948245614035087 0.018207320331285286 0.009982456140351132