3 0.2003935993020305 0.24728659815436246 0.01655172880141085 0.010858932597525192
2 0.10068586273656016 0.3139255190855705 0.020403100600077082 0.014793037568162788
3 0.6856664459339761 0.24279047818791946 0.016872676451299785 0.010276845637583942
3 0.3208253841174667 0.24600199244966447 0.016689277794220338 0.010316989565855673
3 0.44260209241815146 0.24519911388422821 0.01727004020830496 0.010527745189282693
3 0.5638897376332913 0.24407508389261745 0.016949092558416097 0.010608033045826346
3 0.806954091149116 0.24214817533557048 0.015390203973241605 0.009624506803166923
3 0.20234985164421015 0.6275298867449666 0.016689277794220372 0.010567889117554614
3 0.32253710491687393 0.6272087353187921 0.016612861687103988 0.010316989565855769
3 0.9282417363642559 0.24134529677013422 0.01592511672305652 0.009965730193477308
2 0.10282551373581916 0.6943293833892619 0.020204418721574458 0.014682641765415193
3 0.44431381321755875 0.6268875838926175 0.016689277794220372 0.010276845637583847
3 0.8084212804057508 0.623997221057047 0.01661286168710406 0.0103571334941275
2 0.22142331198046197 0.3132832162332215 0.02037253415723055 0.014070446859270096
3 0.6871336351906109 0.6249606753355705 0.017071358329802225 0.010567889117554614
3 0.566335053061016 0.625924129614094 0.016612861687103915 0.010437421350671154
2 0.8279838038275475 0.30702076342281887 0.020479516707193574 0.013849655253775192
2 0.7062070955268627 0.3081447934144296 0.020448950264346934 0.013638899630348172
2 0.3418550967958982 0.31183803481543626 0.02104499589985484 0.014853253460570481
3 0.9301979887064356 0.6230337667785235 0.016123798601558964 0.01020157577207423
2 0.4633872735538106 0.3102322776845638 0.02124367777835743 0.014281202482697116
2 0.5844303872261779 0.3102322776845638 0.019898754293108844 0.013016668742135095
2 0.22289050123709672 0.6930447776845639 0.019455540871833783 0.01332778418624154
2 0.34356681759530544 0.6930447776845639 0.020372534157230476 0.014010230966862498
2 0.7081633478690423 0.6904755662751679 0.020372534157230476 0.01347832391726096
2 0.8294509930841822 0.6891909605704699 0.02132009388547374 0.01358871972000846
2 0.5868757026539025 0.6911178691275168 0.020250268385844348 0.01358871972000846
2 0.4650989943532178 0.6917601719798658 0.021151978449817796 0.014341418375104808