0 0.08314311995366742 0.9062919463087248 0.009287807038462844 0.010520134228188075
2 0.2221536129186114 0.7046140939597316 0.020249207917419024 0.014228187919463077
3 0.9277586618062891 0.25434563758389267 0.015445610329438208 0.010469798657718172
2 0.3428312267911287 0.7039597315436242 0.020760228937416976 0.014614093959731539
2 0.7076746840186693 0.7026845637583893 0.020530269478417712 0.01395973154362423
2 0.46436480087214266 0.7033221476510069 0.021194596804415218 0.014966442953020001
2 0.10208922427009165 0.7046140939597316 0.020325861070418696 0.015671140939597306
2 0.10031342622559876 0.32644295302013426 0.02024920791741899 0.014513422818791923
2 0.8289655231151841 0.7013926174496644 0.021245698906415072 0.014345637583892502
3 0.9297133172077814 0.6345973154362418 0.016365448165434403 0.009697986577181154
2 0.34136204135863457 0.32404362416107385 0.021513984941914047 0.01468120805369125
2 0.5858983749531566 0.7033221476510069 0.020760228937416976 0.014614093959731539
2 0.22056944775661774 0.32531879194630875 0.020134228187919465 0.01417785234899327
2 0.46265288045514946 0.32291946308724834 0.020530269478418 0.014848993288590672
2 0.5844291895206623 0.32194630872483226 0.02027475896841888 0.014395973154362404
2 0.7057200286171772 0.32067114093959737 0.02095186181991624 0.014278523489932885
2 0.8274963376826902 0.3200335570469799 0.021156270227915365 0.014446308724832211
3 0.6866461690457535 0.6368456375838927 0.016748713930432937 0.010285234899328847
3 0.32204544680271185 0.6387751677852349 0.01674871393043301 0.009932885906040193
3 0.8064678227097742 0.2546812080536913 0.016493203420434106 0.009848993288590577
3 0.5658407999182368 0.6378020134228188 0.015803325043436744 0.010654362416107498
3 0.8082563962797671 0.6358724832214766 0.016493203420434106 0.009781879194630961
3 0.6851769836132595 0.25515100671140944 0.016365448165434403 0.009781879194630866
3 0.44406449085272376 0.6387751677852349 0.016429325792934255 0.01043624161073827
3 0.19978366776820086 0.2601342281879195 0.016493203420434033 0.010570469798657693
3 0.20149558818519403 0.6394127516778524 0.017004224440431984 0.010570469798657693
3 0.3205762613702177 0.2586912751677853 0.015739447415937035 0.010234899328859133
3 0.5634006745477464 0.256761744966443 0.017272510475930886 0.011208053691275192
3 0.4421098354512316 0.25771812080536916 0.016876469185432497 0.011208053691275192
0 0.09499880761762002 0.608255033557047 0.007882499233468445 0.011946308724832306