2 0.2174762864971552 0.685186193379791 0.021701305138545835 0.015714319740853664
3 0.1945561626163278 0.22401050740418119 0.01747501157764745 0.010347691977896338
1 0.09445473760089093 0.29420391441637633 0.01498988764857981 0.015005716463414653
2 0.3427138694702951 0.6845192726480837 0.022381944176443316 0.01608946265243901
2 0.594708601640718 0.6838523519163764 0.022286971287434416 0.01489108946265238
3 0.3194138540334318 0.22284339612369342 0.0178865607633529 0.0109312476181402
2 0.46833134399947074 0.6845192726480837 0.0215746746198673 0.01559969274009139
2 0.7203260761698937 0.6825185104529616 0.022002052620407567 0.015005716463414653
3 0.8226435352622062 0.2176747604529617 0.0178865607633529 0.010347691977896338
3 0.5709020641291404 0.21984225283101044 0.0178865607633529 0.011181342892530494
3 0.4450313285626076 0.22100936411149827 0.01869383031992906 0.011097977801067032
2 0.8459435506990695 0.6818515897212544 0.022682691658304905 0.015537168921493958
1 0.0962908801217307 0.6865200348432057 0.01453085201836987 0.015537168921493958
3 0.19594909832179247 0.6184941202090593 0.018029020096866324 0.010879144435975641
2 0.21557682871697614 0.2928700729529617 0.021748791583050354 0.015901891196646336
2 0.7182999878710361 0.2875347070993032 0.02242943062094784 0.015714319740853664
2 0.3409410422087947 0.2912027711236934 0.02220782721326026 0.01640208174542683
2 0.5921759912671459 0.28886854856271776 0.022461088250617472 0.01566221655868901
3 0.32143994233228956 0.617827199477352 0.018234794689719086 0.01019138243140238
3 0.446804155824108 0.6171602787456446 0.01858302861608527 0.010972930163871979
2 0.8434109403254973 0.28653432600174217 0.0215746746198673 0.015714319740853664
3 0.6965195386583161 0.218341681184669 0.017142606466116008 0.010227854658917674
2 0.4670650388126847 0.29036912020905925 0.022128683139086103 0.015360018102134158
3 0.6990521490318882 0.6151595165505227 0.018234794689719013 0.010712414253048716
3 0.8246696235610639 0.6141591354529616 0.01829810994905828 0.01003507288490861
3 0.5724216303532836 0.6161598976480837 0.018804632023772708 0.0111813428925304
3 0.9482610097913818 0.21684110953832753 0.018171479430379747 0.0109312476181402
3 0.950793620164954 0.6131587543554007 0.01809233535620559 0.010269537204649359
0 0.07615662765183258 0.9406168336236934 0.009323171937712251 0.010347691977896527