2 0.08518856053579224 0.7530845905172415 0.020912866413411172 0.01502580313846977
2 0.33200737941946745 0.7524245689655172 0.021147842440528114 0.014572038321659497
2 0.4565760039284156 0.7517645474137932 0.021852770521879155 0.014850484913793024
3 0.18701150561981666 0.6857623922413794 0.01763886710224794 0.010941919787176744
2 0.2083159987450895 0.7530845905172415 0.02095986161883456 0.014345155913254264
2 0.5808939873417722 0.7517645474137932 0.02124183285137489 0.013427313442887983
3 0.31045224519860326 0.6851023706896552 0.01716891504801398 0.010642847521551743
2 0.7057132529463117 0.7497844827586208 0.020677890386294084 0.013747011382004265
2 0.5793901407682235 0.3600417564655172 0.020552569838498527 0.014231714709051744
2 0.08337141259275427 0.36433189655172415 0.01997296230494326 0.014798920730064632
2 0.3302528917503274 0.3616918103448276 0.021476808878491904 0.015262998383620736
2 0.20656151107594936 0.36334186422413794 0.020912866413411172 0.014963926117995735
2 0.7042094063727631 0.358721713362069 0.020709220523243154 0.014396720096982752
2 0.8305325185508512 0.7491244612068966 0.021899765727302616 0.014180150525323256
2 0.45482151625927547 0.3607017780172414 0.020599565043921842 0.014737043709590504
3 0.43502086970755127 0.6851023706896552 0.017231575321911833 0.010524249898976261
3 0.5603414175032737 0.6837823275862069 0.016965269157845894 0.010818165746228488
3 0.6846594009166304 0.6831223060344829 0.01716891504801384 0.01060159617456899
3 0.18513169740288085 0.2961846713362069 0.017027929431743746 0.010900668440193991
2 0.8290286719773025 0.3577316810344828 0.021116512303579332 0.014737043709590504
3 0.8089773843299869 0.6818022629310345 0.016714628062254346 0.010163300612877227
3 0.9342979321257093 0.6818022629310345 0.016714628062254346 0.009776569234913761
3 0.30944968081623747 0.2946996228448276 0.01644832189818855 0.010008608061691765
3 0.5583362887385421 0.2922245420258621 0.017638867102247865 0.010941919787176744
3 0.4337676642295941 0.2937095905172414 0.01683994861005019 0.010240646888469863
3 0.6826542721518988 0.29139951508620693 0.016589307514458643 0.010482998551993509
3 0.8079748199476211 0.29040948275862066 0.016197680802597002 0.010008608061691765
3 0.9317915211697949 0.28974946120689654 0.016197680802597002 0.010204551959859885
0 0.06557589480576169 0.9312904094827588 0.0091875626602739 0.010684098868534496