3 0.20281099956350937 0.20167241379310344 0.015870798777826288 0.009189655172413751
3 0.5754735923177653 0.19717241379310346 0.016708860759493727 0.011379310344827568
3 0.45090353557398516 0.19832758620689658 0.016329113924050603 0.011965517241379332
3 0.7022959406372764 0.589396551724138 0.016708860759493727 0.010810344827586202
3 0.32783937145351383 0.5917068965517241 0.01583151462243562 0.011206896551724223
2 0.22382802269751204 0.2682931034482759 0.02078131820165864 0.014965517241379303
2 0.47146224356176347 0.2651551724137931 0.020519423832387522 0.014344827586206843
2 0.3473897861195985 0.2661551724137931 0.020676560453950193 0.014793103448275814
2 0.8451593190746399 0.2623448275862069 0.02063727629855967 0.014913793103448257
2 0.5965298996071585 0.26417241379310347 0.02135748581405496 0.014741379310344863
2 0.7208380619816676 0.2633448275862069 0.0221955477957224 0.015137931034482695
2 0.2257005674378001 0.6586896551724138 0.02078131820165864 0.014965517241379303
2 0.5985333915320821 0.657051724137931 0.021567001309471857 0.014793103448276005
2 0.34914447839371454 0.6583620689655173 0.021606285464862526 0.015206896551724185
2 0.473465735486687 0.6577068965517242 0.0209122653862942 0.014568965517241472
3 0.20702749890877348 0.9804482758620691 0.017101702313400264 0.010396551724137832
2 0.7233522479266695 0.6560517241379311 0.02180270624181601 0.01484482758620686
2 0.8471628109995636 0.6553965517241379 0.021475338280226967 0.015310344827586277
2 0.10119598428633785 0.27027586206896553 0.019890877346137047 0.015137931034482695
3 0.5794805761676124 0.9804482758620691 0.01825403753819305 0.010810344827586202
3 0.4551593190746399 0.9811206896551725 0.017769532955041478 0.011017241379310387
3 0.7027935399388914 0.9797931034482759 0.01763858577040606 0.010603448275862395
3 0.33009166302924486 0.9804482758620691 0.016839807944129287 0.010448275862068689
3 0.8266171977302488 0.9784827586206897 0.01710170231340012 0.00986206896551721
3 0.9514360541248365 0.9771551724137932 0.016839807944129002 0.010396551724137832
2 0.10119598428633785 0.6596896551724138 0.020362287210824993 0.013172413793103412
3 0.3266477520733304 0.20005172413793104 0.016656481885639503 0.009637931034482771
3 0.7000043649061547 0.1962241379310345 0.01710170231340012 0.009086206896551752
3 0.8240899170667833 0.1955344827586207 0.01725883893496308 0.0091551724137931
3 0.9485159319074641 0.19494827586206898 0.016996944565691962 0.009810344827586212
3 0.45252728066346576 0.5915172413793103 0.016446966390222608 0.011448275862068915
3 0.576769969445657 0.5910000000000001 0.016905281536446926 0.009948275862068954
3 0.8259755565255347 0.5889137931034483 0.01617197730248779 0.009896551724137908
3 0.9505587079877782 0.587948275862069 0.015739851593190583 0.008637931034482828
3 0.204814491488433 0.5924310344827587 0.016263640331732897 0.010379310344827484