2 0.10318791946308725 0.7283724832214766 0.020453616325418183 0.01520134228187904
2 0.22289459339760845 0.7277348993288592 0.019457125336422174 0.013842281879194616
2 0.4653485163356386 0.7270805369127518 0.021002963921916095 0.014681208053691346
2 0.3438149422546248 0.7277348993288592 0.020479167376418 0.014278523489932885
3 0.3230291622662079 0.6628523489932886 0.01625046843593502 0.010167785234899232
2 0.8299364630531804 0.724513422818792 0.020926310768916535 0.014228187919463077
3 0.20272203863318916 0.6635067114093961 0.016186590808435278 0.01020134228187923
2 0.7081601539876674 0.7258053691275168 0.020172554764419173 0.014010067114094037
3 0.44456273634722177 0.6628523489932886 0.016493203420433963 0.010318791946308655
2 0.5868820904166525 0.7264429530201343 0.020095901611419612 0.013892617449664423
2 0.10105440670459578 0.35005033557046983 0.020376963172418477 0.01468120805369125
3 0.6881153544782476 0.6609228187919465 0.01713197969543147 0.01040268456375846
3 0.5663390454127347 0.6615771812080538 0.01630157053793484 0.010285234899328847
2 0.46313835042414747 0.3458724832214765 0.020555820529417852 0.014614093959731539
2 0.22142540796511428 0.34877516778523493 0.020249207917419024 0.013842281879194616
2 0.3418602868531326 0.3474832214765101 0.020632473682417416 0.014395973154362404
3 0.9311825026402754 0.659010067114094 0.01570112083943704 0.009546979865771922
2 0.8284672776206862 0.3426677852348993 0.021002963921915953 0.013959731543624135
2 0.7066909685551732 0.3436241610738256 0.020325861070418876 0.013892617449664423
3 0.8093934180492625 0.6596476510067114 0.01642932579293411 0.010167785234899232
3 0.20051187272169796 0.2830872483221477 0.016365448165434546 0.010721476510067116
3 0.44285081593022857 0.28068791946308724 0.016748713930433083 0.010570469798657693
3 0.3210745068647157 0.2814932885906041 0.016493203420434033 0.010285234899328847
2 0.5849146594896604 0.34491610738255035 0.019712635846421078 0.013691275167785288
3 0.6856624535822574 0.2782718120805369 0.016748713930432937 0.010687919463087212
3 0.5643843900112425 0.27939597315436243 0.016557081047933814 0.010654362416107404
3 0.8074387626477703 0.2776342281879195 0.015803325043436744 0.010167785234899328
3 0.9292150717132832 0.27667785234899334 0.01586720267093674 0.010234899328859133
0 0.08387132490716454 0.9088590604026846 0.008891765747964428 0.010520134228188075