3 0.32757775081252144 0.9803103885135136 0.018156131897077 0.010310920509132302
3 0.6929718236828601 0.9790171030405407 0.01787987629762869 0.01038669895481424
3 0.5711737993927473 0.9796637457770271 0.01795661396414214 0.010230090167071543
2 0.2234600848871023 0.28339117926520274 0.02068847489202017 0.01495361328125
3 0.4488846540369484 0.9803103885135136 0.01787987629762869 0.010467529296875
3 0.20283300012829286 0.2182419235641892 0.0174808404317589 0.010346283783783767
3 0.2067619686537804 0.9796637457770271 0.017818486164417988 0.01038669895481424
2 0.5903275209544989 0.6641020903716217 0.020765212558533624 0.01449894260715799
3 0.8147698479729729 0.9783704603040542 0.017281322498824116 0.010310920509132302
2 0.22554734941626753 0.6660420185810811 0.021164248424403412 0.014892990524704336
2 0.468283936131543 0.6647487331081081 0.021870234956327006 0.015357764991553988
3 0.3241399033527198 0.2164636560388514 0.017741748497904535 0.010467529296875
2 0.3445214275786863 0.2817745724239865 0.02121029102431144 0.01572150153082769
2 0.3462403513085871 0.6653953758445946 0.02096473049146848 0.015064755001583687
2 0.7131077873759837 0.6634554476351352 0.021164248424403485 0.014216036409945142
2 0.4665650124016422 0.2808046083192568 0.021747454689905455 0.01572150153082769
3 0.6900250972887445 0.2130687816722973 0.017618968231483127 0.010932303763724652
2 0.7111433031132398 0.2787030194256757 0.02113355335779799 0.01495361328125
3 0.44593792764283274 0.2151703705658784 0.018340302296709254 0.010598878602723781
3 0.5677359519329457 0.21436206714527026 0.017618968231483127 0.010972718934755031
2 0.5888541577574411 0.27999630489864863 0.02096473049146848 0.014498942607157896
3 0.20442914359177214 0.6000844594594594 0.01768035836469383 0.010972718934755031
3 0.8118231215788575 0.21209881756756757 0.017204584832310663 0.009957287762616148
2 0.8324502063376668 0.2780563766891892 0.021701412089997357 0.015357764991554083
2 0.8349058116660966 0.661838840793919 0.021455851557154543 0.01449894260715799
3 0.3256132665497776 0.5991144953547298 0.017542230564969678 0.01088178479993663
3 0.9341122669346562 0.21177549619932434 0.017542230564969678 0.01050794446790538
3 0.6919895815514883 0.5968512457770271 0.01787987629762869 0.01080095445787587
3 0.5697004361956894 0.5981445312500001 0.01740410276524552 0.010679708944784542
3 0.44765685137273353 0.5987911739864865 0.01768035836469383 0.01034628378378386
3 0.936567872263086 0.977077174831081 0.01768035836469383 0.009916872591585767
3 0.8137876058416011 0.5958812816722973 0.017618968231483127 0.010679708944784542
3 0.9360767511974001 0.5955579603040541 0.01787987629762869 0.01050794446790538