3 0.8081027381054805 0.6248609639830508 0.016658296891131876 0.010188733117055145
2 0.09539317584208036 0.6952595338983051 0.020379010098511584 0.015237478482521093
3 0.6850876226017379 0.6258342161016949 0.017306719939720813 0.010345872782044505
3 0.9306238170007742 0.6242121292372881 0.01647303316296361 0.009798418465307273
3 0.19562085278112365 0.6290783898305085 0.0164112785869074 0.010345872782044505
3 0.5630605803148929 0.626807468220339 0.016720051467187868 0.010264768438824111
2 0.4607950023659984 0.6939618644067796 0.02104287179111459 0.01454809156514822
3 0.3172773676116321 0.6284295550847457 0.016720051467187868 0.010224216267214009
2 0.33802690516648026 0.6946106991525424 0.02040988738653958 0.013676219875529607
3 0.4397984465069259 0.627780720338983 0.0165347877390196 0.010031593452065597
2 0.2162468811838596 0.6952595338983051 0.02025550094639938 0.013828290519067726
2 0.583810117869741 0.6926641949152542 0.02040988738653958 0.013828290519067726
2 0.7063311967650349 0.6920153601694915 0.01999304399816098 0.01361539161811436
2 0.8288522756603286 0.6907176906779661 0.021660417551675675 0.013889118776482974
2 0.09360229313645359 0.3130958686440678 0.019653393829852442 0.01534899695444911
3 0.8061265916716854 0.23993975105932203 0.01548495994606599 0.010031593452065692
2 0.33629777703690955 0.3100139036016949 0.021011994503086596 0.014487263307733068
2 0.45906587423642775 0.30920286016949156 0.02030181687844152 0.014264226363877128
2 0.5813399348274971 0.30790519067796607 0.020456203318581646 0.01382829051906782
3 0.6831114761679428 0.24042637711864406 0.017044262991482338 0.010462460275423762
3 0.5610844338810977 0.24156183792372882 0.016411278586907472 0.010675359176377129
3 0.9286476705669793 0.2392909163135593 0.015963557910500872 0.010224216267214009
3 0.19376821549944073 0.24561705508474574 0.01659654231507574 0.010634807004766931
2 0.2146412622064011 0.31196040783898304 0.020379010098511584 0.014548091565148316
2 0.7048490869396885 0.30709414724576267 0.019869534846048705 0.013361940545550888
3 0.4383163366815796 0.24285950741525422 0.017044262991482338 0.010634807004766931
3 0.3148071845693883 0.24399496822033895 0.016781806043244005 0.010345872782044505
2 0.8273701658349824 0.30547206038135594 0.02073409891083405 0.014102017677436436
0 0.08866192705196592 0.5742518538135593 0.007576514549882243 0.012033856925317726