3 0.20129117977719488 0.21671140939597316 0.01737471467993052 0.009882550335570457
3 0.32228818178721086 0.2143624161073826 0.01754079651142986 0.01031879194630875
3 0.20320750860218717 0.5931711409395973 0.01754079651142986 0.010469798657718077
3 0.8079370081422683 0.2102013422818792 0.017208632848431177 0.010234899328859086
3 0.6871316390147516 0.21083892617449665 0.017604674138929424 0.010805369127516779
3 0.4435790208837257 0.21323825503355706 0.01760467413892957 0.01093959731543625
3 0.5653553299492385 0.21196308724832216 0.01766855176642942 0.01090604026845637
3 0.32400010220420405 0.5921979865771813 0.017668551766429313 0.010318791946308655
3 0.9297133172077814 0.20954697986577187 0.017604674138929424 0.01060402684563762
3 0.8098916635437606 0.5889932885906042 0.017336388103430595 0.010285234899328847
3 0.6886008244472457 0.5899496644295303 0.018269001464926788 0.010654362416107498
3 0.4455336762852179 0.5918791946308725 0.018051817531427813 0.009932885906040193
3 0.5673099853507308 0.5909228187919463 0.017809082546928836 0.010771812080536923
3 0.9321534425782715 0.588020134228188 0.017885735699928542 0.010117449664429425
2 0.22203863318911188 0.2815604026845638 0.02060692263141756 0.014731543624161058
2 0.7081601539876674 0.2761912751677853 0.021002963921915953 0.014731543624161058
2 0.3428312267911287 0.27939597315436243 0.021002963921916095 0.01550335570469798
2 0.8289655231151841 0.27568791946308724 0.0215139849419139 0.015083892617449711
2 0.46436480087214266 0.27842281879194636 0.021117943651415512 0.01531879194630875
2 0.5863838449221546 0.27795302013422823 0.020926310768916243 0.014513422818791923
2 0.22410826832010358 0.6596476510067114 0.02060692263141756 0.014681208053691346
2 0.8309201785166764 0.6551510067114095 0.021322352059414778 0.014899328859060385
2 0.7096293394201616 0.6564261744966444 0.020249207917418882 0.014446308724832307
2 0.5873675603856505 0.6567617449664431 0.02027475896841888 0.014681208053691346
2 0.34454314720812185 0.659010067114094 0.02060692263141756 0.015318791946308655
2 0.46607672128913574 0.6583557046979867 0.021897250706912435 0.015503355704698076
3 0.44651739174871397 0.9724496644295304 0.01760467413892957 0.010083892617449616
3 0.6900700098797397 0.9718120805369129 0.017809082546928836 0.010352348993288843
3 0.2057753892276769 0.9724496644295304 0.017745204919428985 0.01
3 0.32571202262119714 0.9724496644295304 0.017809082546928836 0.010083892617449616
3 0.8108626034817566 0.9705201342281878 0.017464143358430297 0.01
3 0.5687791707832249 0.9724496644295304 0.018051817531427813 0.01020134228187923
3 0.9321534425782715 0.9698825503355706 0.016812591557932934 0.009228187919463077