2 0.10013566676532212 0.3076630662751678 0.019898754293108882 0.014562209980599808
2 0.46436539972490043 0.6853371434563759 0.021518775763976473 0.014903433370910192
3 0.4433356870464689 0.6201434039429531 0.016307197258638374 0.009815190462458077
2 0.343322286052533 0.6859794463087249 0.021488209321129832 0.014793037568162692
2 0.7076742847834976 0.6840525377516778 0.020724048249965835 0.014180842662017691
2 0.2224014381515518 0.686621749161074 0.020632348921426274 0.014341418375104808
2 0.8289619299986373 0.6827679320469799 0.021121412006971298 0.014682641765415193
3 0.5653569268899261 0.6188587982382551 0.01687267645129964 0.010161431843802499
2 0.5858975764828127 0.684694840604027 0.02052536637146325 0.014853253460570386
3 0.32253710491687393 0.6201434039429531 0.01586398383736331 0.009514111000419424
3 0.9272636101931659 0.2346011168204698 0.016368330144331512 0.009368589260434134
3 0.686644572105066 0.6178953439597317 0.016689277794220227 0.009438841134909807
0 0.08375205339956734 0.9075739303691277 0.00875728587553871 0.010201575772074421
3 0.20137172547312032 0.6211068582214765 0.016490595915717714 0.01020157577207423
2 0.34136603371035334 0.3049332791526846 0.021365943549743704 0.015023865155725673
2 0.7057180324413179 0.30156118917785235 0.02060178247857956 0.014281202482697116
3 0.8079322173202059 0.6166107382550337 0.015451336858934886 0.009047437834259616
2 0.46265367892549314 0.3034880977348994 0.020800464357082292 0.015314908635696345
2 0.5844303872261779 0.3026852191694631 0.020922730128468566 0.014682641765415288
2 0.22056745158075838 0.3062178848573826 0.02017385227872789 0.014562209980599808
3 0.6846883197628864 0.23604629823825504 0.01592511672305652 0.00940371519767202
2 0.8270056776564576 0.30075831061241615 0.020678198585696018 0.014793037568162788
3 0.4418684977898341 0.23877608536073827 0.015925116723056375 0.010161431843802405
2 0.10227531776458115 0.686621749161074 0.020403100600077082 0.015615988097734809
3 0.3205808525746942 0.2402212667785235 0.016429463030024613 0.009850316399695866
3 0.5634006745477464 0.23765205536912754 0.01655172880141078 0.010241719700346057
3 0.806465028063571 0.23556457109899331 0.01592511672305652 0.00911768970873529
3 0.19990453621648555 0.2415058724832215 0.016246064372945238 0.010046018050020962
3 0.9287307994498009 0.6159684354026846 0.01592511672305652 0.009117689708735383