2 0.10368593319818464 0.7083818855932204 0.02096567857104449 0.015531481726694855
3 0.20366659183300354 0.6418763241525424 0.016720051467187868 0.011009914592160991
3 0.44858524047147896 0.641551906779661 0.016411278586907472 0.010503012447033862
3 0.5711063193667727 0.6409030720338983 0.016025312486556868 0.010797015691207624
2 0.10170978676438956 0.32540717690677967 0.02025550094639938 0.014548091565148316
3 0.325323106663512 0.641551906779661 0.01659654231507574 0.01006707660222465
3 0.8161484771573604 0.6386321504237288 0.016658296891131876 0.00991500595868653
2 0.22441612938785166 0.7083818855932204 0.020811292130904255 0.014264226363877128
3 0.6936273982620665 0.6396054025423729 0.016781806043243863 0.010421908103813469
3 0.2021844820076572 0.258739406779661 0.01659654231507574 0.011050466763771189
2 0.46933477802632706 0.7077330508474576 0.02136708331540906 0.01505499371027535
2 0.3465666808268089 0.7077330508474576 0.021259012807311 0.01454809156514822
2 0.8373920513206573 0.7051377118644068 0.021583224331605467 0.014213536149364358
3 0.5696242095414265 0.25484639830508476 0.016920753839370205 0.011395160222457623
3 0.9391635926611029 0.6376588983050847 0.016658296891131876 0.010503012447033862
3 0.3238409968381657 0.25695511122881354 0.016210576214725134 0.01054356461864406
3 0.44710313064613266 0.25614406779661014 0.016349524010851334 0.011314055879237325
2 0.5923498935300696 0.7070842161016948 0.020764976198862188 0.014487263307732973
2 0.7148709724253635 0.7064353813559322 0.02057971247069392 0.014041189420021093
2 0.7133888626000171 0.31940545550847455 0.021135503655198725 0.014548091565148316
2 0.467358631592532 0.32183858580508473 0.020610589758721917 0.015115821967690693
2 0.5903737470962745 0.3205409163135593 0.020456203318581646 0.014548091565148316
3 0.8146663673320141 0.253224311440678 0.016210576214725134 0.00972238314353812
2 0.3448375526972382 0.3228118379237288 0.021459715179493192 0.015054993710275445
2 0.8359099414953111 0.3189188294491525 0.021490592467521333 0.014771128509004257
2 0.22293401956250536 0.32394729872881356 0.02045620331858172 0.014548091565148316
3 0.9376814828357567 0.2524132680084746 0.015963557910500872 0.010634807004766931
3 0.6921452884367202 0.25354872881355933 0.0165347877390196 0.009915005958686435
0 0.09646064779962144 0.6120299258474576 0.00790458573518023 0.011486402608580496
0 0.08410973258840229 0.9121159957627119 0.008985290816161909 0.011050466763771282