3 0.19807054964569212 0.21677721266778524 0.01727004020830496 0.010005874121749159
3 0.5614444222055668 0.2126022441275168 0.017468722086807546 0.01052774518928274
3 0.5629116114622015 0.5950935927013423 0.018217599936548222 0.01068832090237
3 0.6846883197628864 0.5941301384228188 0.017606271079617142 0.010046018050020962
3 0.44162396624706163 0.5957358955536913 0.01808005094373877 0.0103571334941275
3 0.31886913177528703 0.21533203125 0.01754513819392397 0.0103571334941275
3 0.8045087757213913 0.2106753355704698 0.01733117309399795 0.009775046534186226
2 0.34112150216758086 0.6609296350671141 0.021197828114087613 0.015555772205327117
3 0.1996600046737131 0.5973416526845639 0.0170713583298023 0.01020157577207423
2 0.46265367892549314 0.6609296350671141 0.020922730128468566 0.014963649263317886
3 0.44015677699042693 0.21372627411912754 0.01788136906523604 0.010808752687185385
3 0.32058085257469426 0.5966993498322148 0.017667403965310205 0.00969977666867654
3 0.806954091149116 0.5934878355704699 0.017804952958119583 0.00936858926043423
3 0.6832211305062516 0.21147821413590606 0.01675041067991351 0.00966465073143875
2 0.5844303872261779 0.6602873322147652 0.021518775763976473 0.014341418375104808
2 0.2203229200379859 0.6622142407718121 0.020922730128468566 0.014963649263317886
2 0.7057180324413179 0.6596450293624162 0.02087688046419875 0.014451814177852308
0 0.08387431917095357 0.9069316275167787 0.008963609364752965 0.01000587412174923
3 0.6856664459339761 0.9737311241610739 0.017468722086807692 0.010086161978292693
3 0.9257964209365313 0.20971188129194632 0.017468722086807692 0.010276845637583893
3 0.3222925733741015 0.9743734270134229 0.017331173093998096 0.010121287915530578
2 0.8270056776564576 0.6590027265100672 0.021274244221203924 0.014793037568162692
3 0.4433356870464689 0.9743734270134229 0.01774382007242659 0.01000587412174923
3 0.5643788007188363 0.9743734270134229 0.017606271079617142 0.01000587412174923
2 0.10227531776458115 0.2827738307466443 0.014083488541551323 0.014562209980599808
2 0.3396543129109461 0.2798834679110738 0.021365943549743704 0.015736419882550385
3 0.807443154234661 0.972446518456376 0.017407589201114407 0.00985031639969596
3 0.20198305433005148 0.9743734270134229 0.01727004020830496 0.01000587412174923
3 0.9282417363642559 0.5925243812919464 0.01774382007242659 0.009965730193477308
2 0.703761780099138 0.2763508022231544 0.021488209321129832 0.015023865155725673
2 0.2187334650099649 0.28116807361577184 0.02107556234270134 0.015796635774958077
3 0.9282417363642559 0.9711619127516778 0.017208907322611967 0.010121287915530578
2 0.5824741348839982 0.27795655935402686 0.021274244221203924 0.014793037568162788
2 0.8255384883998229 0.2757084993708054 0.02107556234270148 0.015134260958473172
2 0.46094195812608596 0.2794017407718121 0.02087688046419875 0.014682641765415288
2 0.10392590567829524 0.6628565436241611 0.01344923485248526 0.015023865155725768