3 0.9297089256208906 0.6381278838087249 0.01655172880141078 0.010161431843802499
3 0.5658459899754711 0.6406970952181209 0.016490595915717787 0.01159155928848577
3 0.20234985164421015 0.6429451552013423 0.016184931487252172 0.010567889117554614
3 0.8084212804057508 0.6387701866610739 0.01713249121549551 0.00969977666867654
3 0.322537104916874 0.6426240037751679 0.01630719725863841 0.0103571334941275
3 0.44406928167478626 0.6416605494966443 0.016429463030024648 0.010608033045826346
3 0.6871336351906109 0.6400547923657719 0.016872676451299785 0.010567889117554614
2 0.10355910836413657 0.7084600461409397 0.0204489502643469 0.015134260958473079
3 0.2003935993020305 0.26430762374161076 0.016689277794220372 0.01068832090237
3 0.5638897376332913 0.2602932309144296 0.01655172880141078 0.010768608758913558
2 0.4650989943532178 0.7078177432885907 0.02107556234270134 0.014963649263317886
2 0.34356681759530544 0.7084600461409397 0.020754614692812475 0.014512030070260001
2 0.5863866395683577 0.7071754404362417 0.020250268385844348 0.014451814177852308
2 0.7081633478690423 0.7065331375838927 0.020403100600077117 0.014281202482697116
3 0.9277526732787109 0.2577240195050336 0.016368330144331512 0.010768608758913558
2 0.22301276700848296 0.7091023489932886 0.019791771743145965 0.014281202482697116
3 0.44260209241815146 0.26189898804530204 0.017010225444109236 0.010768608758913558
3 0.32131444720301167 0.2623807151845638 0.016184931487252134 0.010477565278942981
2 0.8294509930841822 0.7052485318791947 0.02219123750660055 0.014903433370910192
2 0.7062070955268627 0.3245235161493289 0.020953296571315207 0.014622425873007595
2 0.8279838038275475 0.3238812132969799 0.02132009388547374 0.014853253460570481
2 0.3420996283386707 0.3280561818372484 0.021488209321129832 0.014682641765415288
2 0.5849194503117229 0.32580812185402686 0.01986818785026235 0.014562209980599808
2 0.4631427420110381 0.3266110004194631 0.020999146235585023 0.015023865155725673
2 0.22154557775184822 0.3301436661073826 0.02032668449296066 0.014180842662017596
3 0.6851773828484312 0.25932977663590606 0.01675041067991351 0.009930604256239518
3 0.806954091149116 0.25868747378355705 0.01655172880141078 0.00977504653418625
2 0.10141945736487754 0.33110712038590606 0.02017385227872789 0.015495556312919424
0 0.08375205339956734 0.9082162332214765 0.008359922118533461 0.01035713349412769
0 0.09738468690913195 0.6111511640100672 0.009467955671721167 0.01000587412174923