3 0.1752900843881857 0.20322916666666668 0.016758966244725716 0.009965277777777809
3 0.6756460970464134 0.1973090277777778 0.01644251054852311 0.011232638888888905
3 0.42502637130801685 0.1993402777777778 0.01664029535864984 0.012048611111111095
3 0.5504614978902954 0.19796875000000003 0.016706223628691935 0.011666666666666667
3 0.17680643459915613 0.5940798611111111 0.016442510548523255 0.011545138888888763
3 0.3011075949367089 0.59375 0.015770042194092875 0.011284722222222286
3 0.6776635021097047 0.5914236111111112 0.016824894514768027 0.011024305555555619
3 0.926503164556962 0.19513888888888892 0.01761603375527407 0.011232638888888905
3 0.4271228902953587 0.5927430555555556 0.016890822784810126 0.011631944444444571
3 0.8018328059071731 0.5907465277777778 0.01644251054852311 0.010069444444444381
3 0.5519778481012659 0.5920833333333334 0.01782700421940933 0.011180555555555619
3 0.9285337552742617 0.5897569444444445 0.01644251054852311 0.011024305555555619
2 0.32079377637130807 0.26907986111111115 0.02078059071729953 0.015486111111111143
2 0.8220200421940929 0.26376736111111115 0.020978375527426256 0.015069444444444476
2 0.19637394514767934 0.26991319444444445 0.020622362869198264 0.015607638888888952
2 0.571664029535865 0.26576388888888897 0.020925632911392406 0.01449652777777781
2 0.6973496835443038 0.26493055555555556 0.022204641350210778 0.015017361111111047
2 0.4464794303797469 0.26824652777777774 0.021215717299578156 0.014670138888888858
2 0.19839135021097049 0.6625347222222223 0.02054324894514763 0.01524305555555543
2 0.32256065400843886 0.6618576388888889 0.021624472573839565 0.015607638888888952
2 0.6993670886075949 0.6598784722222222 0.021954113924050632 0.015364583333333333
2 0.07275843881856542 0.2717361111111111 0.020002637130801682 0.015364583333333333
2 0.447745253164557 0.6611979166666667 0.021110232067510597 0.015190972222222286
2 0.5736814345991562 0.6608680555555556 0.021624472573839565 0.0153125
3 0.1790743670886076 0.9855208333333333 0.017497362869198264 0.010434027777777905
2 0.824037447257384 0.6592013888888889 0.0214662447257383 0.0153125
3 0.678665611814346 0.9849652777777779 0.018103902953586402 0.010677083333333334
3 0.42906118143459915 0.9861979166666667 0.01782700421940933 0.010677083333333334
3 0.553995253164557 0.9855208333333333 0.01802478902953577 0.010399305555555429
3 0.8038502109704643 0.984201388888889 0.01708860759493671 0.010121527777777525
3 0.303125 0.9855208333333333 0.016824894514767957 0.01
3 0.9289556962025316 0.9822048611111113 0.016890822784810126 0.01022569444444457
2 0.0728902953586498 0.6631944444444445 0.02038502109704642 0.014010416666666666
3 0.2998285864978903 0.20100694444444445 0.017128164556962026 0.010468749999999952
3 0.8006329113924052 0.1968402777777778 0.017194092827004123 0.008923611111111096