0 0.08356471229516574 0.9069295302013423 0.009070623104963713 0.010469798657718077
2 0.10105440670459578 0.3567953020134229 0.01893332879092426 0.014966442953020192
2 0.22252410315810994 0.7360738255033558 0.020198105815419243 0.014563758389261732
2 0.10300906210608797 0.7360738255033558 0.020019248458419906 0.014966442953020001
2 0.3433166967601268 0.7354362416107384 0.020530269478418 0.014848993288590578
2 0.34160477634313363 0.35422818791946314 0.021156270227915365 0.015083892617449711
3 0.9292150717132832 0.2837416107382551 0.016301570537934695 0.010050335570469807
2 0.22081218274111677 0.35552013422818796 0.02040251422341844 0.014614093959731539
2 0.5863838449221546 0.7341442953020135 0.020721902360917123 0.014077181208053654
2 0.46313835042414747 0.353271812080537 0.02027475896841888 0.015134228187919424
2 0.5844291895206623 0.3526174496644296 0.020198105815419174 0.014345637583892597
2 0.7081601539876674 0.733506711409396 0.02076022893741683 0.01374161073825519
3 0.8074387626477703 0.2845469798657718 0.015509487956938205 0.009630872483221538
2 0.4646075358566416 0.7347986577181209 0.020875208666916535 0.01501677852349
2 0.7062054985861753 0.35102348993288596 0.020376963172418584 0.014513422818791923
2 0.8294509930841822 0.7322315436241612 0.021041290498415948 0.01395973154362423
3 0.32278642728170887 0.6705704697986578 0.016186590808435278 0.010050335570469807
3 0.5658407999182368 0.6692785234899329 0.016748713930433083 0.010318791946308655
2 0.8274963376826902 0.35005033557046983 0.020926310768916535 0.014614093959731539
3 0.3210745068647157 0.28870805369127517 0.01618659080843521 0.010117449664429519
3 0.6856624535822574 0.28550335570469804 0.016250468435934987 0.010201342281879135
3 0.20026913773719893 0.2903187919463088 0.016493203420434033 0.010687919463087212
3 0.44406449085272376 0.6699161073825504 0.016748713930433083 0.010050335570469807
3 0.4426080809457296 0.28807046979865775 0.01668483630293323 0.010234899328859133
3 0.2016105679146936 0.6705704697986578 0.016608183149933595 0.010318791946308655
3 0.6871316390147516 0.668003355704698 0.016812591557932934 0.010318791946308655
3 0.5638861445167445 0.28679530201342285 0.016748713930433083 0.010234899328859133
3 0.9306842571457774 0.6667114093959733 0.016557081047933814 0.010050335570469807
3 0.8089079480802644 0.6673489932885907 0.016365448165434403 0.010117449664429425
0 0.09383623479712468 0.6188590604026846 0.005761762000476938 0.013842281879194616