2 0.3351166585806907 0.6626132404181185 0.021541040003528366 0.0159581881533101
1 0.9404092974021965 0.9867421602787457 0.011101309928108382 0.010470383275261383
2 0.46072420941207604 0.6619512195121952 0.02220261985621662 0.01614982578397208
2 0.7129713756450404 0.6602787456445993 0.02162042958585096 0.015418118466899007
2 0.5863449918405151 0.6609581881533101 0.021369029241829502 0.016271777003484356
2 0.21025007718431618 0.6632926829268293 0.020892691747893995 0.015905923344947722
2 0.8385921580734795 0.6589547038327527 0.02118378688307668 0.015243902439024359
3 0.18860318440435764 0.5955923344947736 0.017478939708022712 0.01043554006968634
3 0.5655846160631589 0.5929268292682927 0.017558329290345308 0.010592334494773658
2 0.08589952807303843 0.663623693379791 0.022506946588453227 0.01658536585365842
3 0.31332421823314077 0.5945993031358886 0.016949675825872094 0.010505226480836238
3 0.44122083535482737 0.9894076655052265 0.018722709831076625 0.01167247386759603
0 0.06405416133727342 0.9353832752613239 0.009764918625678111 0.010923344947735055
3 0.4391964010056014 0.5939198606271778 0.016552727914259182 0.010034843205574854
3 0.6911921668945442 0.5919337979094077 0.01720107616989377 0.010627177700348512
3 0.8163101486349404 0.5909233449477352 0.016552727914259328 0.00991289198606277
1 0.9393904644290567 0.5895993031358885 0.011008688748731827 0.009808362369338018
3 0.31536188417942046 0.9894076655052265 0.017677413663829203 0.011498257839721191
3 0.19101133506814275 0.9894076655052265 0.017677413663829276 0.010975609756097432
3 0.6927138005557271 0.9887456445993031 0.017677413663829057 0.010836236933798015
3 0.8178317822961233 0.9874041811846691 0.017081991796409873 0.010923344947735055
3 0.5665902174392449 0.9894076655052265 0.017889119216689363 0.01087108013937268
1 0.0840074096943501 0.2729965156794425 0.01741278172275393 0.009721254355400694