3 0.17023976671346797 0.16484042553191489 0.017496489901717215 0.01086879432624111
2 0.06546333297332324 0.23526595744680853 0.021803110487093644 0.016507092198581576
2 0.45008910249486983 0.6335106382978724 0.02253213089966526 0.016187943262411294
2 0.32167350685819207 0.6341843971631206 0.021695107463009025 0.01611702127659574
2 0.7072038017064478 0.6314716312056737 0.021978615401231246 0.015443262411347594
3 0.29815584836375414 0.16313829787234044 0.017496489901717215 0.010656028368794306
2 0.5785181985095582 0.6325 0.021479101414839535 0.015939716312056665
2 0.19427043957230802 0.6348758865248226 0.02103358894049034 0.01599290780141833
2 0.8348633761745329 0.6301241134751773 0.021560103682903276 0.015443262411347594
2 0.3198644562047737 0.23203900709219857 0.0220191165352629 0.01586879432624111
3 0.6829166216654067 0.1595744680851064 0.017172480829463342 0.010656028368794306
3 0.5547440328329194 0.16076241134751773 0.017766497461928935 0.010815602836879445
3 0.8105761961334916 0.15856382978723405 0.01669996759909249 0.010053191489361665
3 0.4263284371962415 0.16179078014184395 0.01769899557187606 0.010744680851063842
3 0.2994383842747597 0.564627659574468 0.017361486121611393 0.010904255319148888
2 0.19220488173668862 0.23372340425531912 0.02123609461064911 0.01586879432624111
2 0.4482800518414516 0.23067375886524819 0.022653634301760435 0.015992907801418425
2 0.7051382438708282 0.22863475177304962 0.021776109731072475 0.015744680851063796
3 0.1724403283291932 0.5656382978723403 0.017293984231558517 0.010904255319148888
2 0.5769791554163517 0.22932624113475175 0.021897613133167796 0.016187943262411294
3 0.5562965763041365 0.5629255319148936 0.017172480829463196 0.010691489361702035
2 0.06720488173668863 0.6352127659574468 0.02201911653526299 0.01650709219858148
2 0.8327978183389134 0.2277836879432624 0.021641105950966726 0.016063829787234075
3 0.42761097310724705 0.5639361702127659 0.016632465709039906 0.010407801418439817
1 0.9356436980235445 0.15804964539007094 0.010597796738308513 0.010815602836879445
3 0.8126417539691112 0.560886524822695 0.01651096230694473 0.01024822695035463
3 0.6844691651366238 0.5618971631205674 0.01695647478129385 0.010407801418439817
1 0.9382222702235663 0.5595212765957446 0.010476293336213482 0.009929078014184446
0 0.04510476293336212 0.908741134751773 0.009396263095366682 0.011560283687943335