2 0.4653485163356386 0.718741610738255 0.021322352059414778 0.01520134228187904
2 0.3435722072701258 0.72001677852349 0.02083688209041654 0.014848993288590578
2 0.10318791946308725 0.7206711409395974 0.02019810581541921 0.015671140939597306
2 0.7081601539876674 0.7174496644295303 0.020172554764419173 0.014127516778523462
2 0.5863838449221546 0.718741610738255 0.020198105815419174 0.014077181208053654
2 0.223009573127108 0.7206711409395974 0.01998092188192005 0.014513422818791923
2 0.8294509930841822 0.7161744966442953 0.02079855551391683 0.014228187919463077
2 0.4636365959186455 0.3381711409395974 0.020530269478418 0.01479865771812077
3 0.20210881340919157 0.6545134228187919 0.01695312233843213 0.010520134228187886
2 0.5849146594896604 0.33721476510067117 0.02027475896841888 0.013842281879194616
2 0.3418602868531326 0.33914429530201345 0.021194596804415218 0.014513422818791923
2 0.7062054985861753 0.3362416107382551 0.02027475896841888 0.014395973154362404
2 0.1008755493475965 0.34171140939597316 0.01955932954042177 0.014614093959731539
2 0.22118267298061528 0.3407382550335571 0.019712635846421148 0.014278523489932885
2 0.8279818076516883 0.3352852348993289 0.020875208666916535 0.014563758389261732
3 0.32278642728170887 0.6538590604026846 0.01695312233843217 0.010352348993288463
3 0.200754607706197 0.27538590604026847 0.01655708104793374 0.01115771812080529
3 0.6876171089837496 0.6516107382550337 0.016493203420434106 0.010285234899328847
3 0.5663390454127347 0.6525838926174498 0.017068102067931766 0.01060402684563769
3 0.44456273634722177 0.6532214765100672 0.017068102067931766 0.010654362416107498
3 0.9306842571457774 0.6496812080536913 0.016365448165434403 0.010083892617449616
3 0.8084224781112663 0.6506543624161075 0.016557081047933814 0.01
3 0.3208317718802167 0.27362416107382553 0.016186590808435243 0.010083892617449616
3 0.5643843900112425 0.2713758389261745 0.016876469185432497 0.010906040268456346
3 0.6851769836132595 0.2700838926174497 0.016557081047933814 0.010201342281879135
3 0.44285081593022857 0.2726510067114094 0.01700422444043191 0.010318791946308655
3 0.8074387626477703 0.26961409395973157 0.01586720267093674 0.009848993288590577
3 0.9287296017442853 0.2686409395973155 0.015803325043436744 0.009932885906040289
0 0.08387132490716454 0.9088590604026846 0.00868735733996526 0.010436241610738459