2 0.7081633478690423 0.2760296507969799 0.02104499589985484 0.014682641765415288
3 0.20149399124450654 0.21517145553691278 0.01760627107961707 0.010728464830641802
2 0.5863866395683577 0.27763540792785235 0.02032668449296066 0.014231022572357404
2 0.8294509930841822 0.27538734794463093 0.021686891199632564 0.015023865155725673
3 0.3222925733741015 0.21372627411912754 0.01727004020830496 0.010397277422399327
2 0.46436539972490043 0.27795655935402686 0.021151978449817796 0.015495556312919424
2 0.34283322296698804 0.27924116505872487 0.02104499589985484 0.01555577220532721
3 0.4435802185892414 0.2126022441275168 0.01794250195092918 0.01089907652579697
3 0.6871336351906109 0.21051475985738258 0.01774382007242659 0.01089907652579697
2 0.22215690660877938 0.2806863464765101 0.020403100600077044 0.014963649263317981
3 0.20320571204391374 0.5931666841442954 0.01760627107961707 0.010608033045826346
3 0.8079322173202059 0.2095513055788591 0.017545138193923858 0.01020157577207423
3 0.5653569268899261 0.21163878984899331 0.017331173093998096 0.011069688220952188
0 0.08344638897110178 0.9062893246644296 0.009391539564604772 0.010567889117554614
2 0.7096305371256773 0.6557912122483223 0.02060178247857956 0.014281202482697116
2 0.8309181823408169 0.6548277579697988 0.021197828114087467 0.014853253460570386
3 0.3240042941735087 0.5922032298657718 0.017331173093998096 0.010276845637583847
2 0.5878538288249924 0.6561123636744968 0.020678198585696164 0.014793037568162692
2 0.34454494376639533 0.6583604236577182 0.02072404824996598 0.015023865155725579
3 0.9297089256208906 0.2090695784395973 0.017468722086807692 0.010608033045826323
3 0.44553647093142107 0.5918820784395974 0.018018918058045636 0.01020157577207423
2 0.22411315895095904 0.6590027265100672 0.020754614692812475 0.014732821675755
3 0.5673131792321058 0.5905974727348994 0.017545138193924004 0.011019508310612498
2 0.4658325889815351 0.6573969693791947 0.021686891199632564 0.015615988097734809
3 0.6886008244472457 0.5899551698825504 0.01804948450089213 0.010608033045826346
3 0.8098884696623856 0.588991715604027 0.01727004020830496 0.010527745189282693
3 0.9316651779630702 0.5883494127516778 0.017407589201114407 0.01000587412174923
3 0.20565102747163833 0.972446518456376 0.01794250195092918 0.010276845637583847
3 0.6900680137038804 0.9711619127516778 0.01815646705085523 0.010201575772074421
3 0.32571601497291597 0.972446518456376 0.017881369065236078 0.010397277422399232
3 0.4465145971025109 0.972446518456376 0.01780495295811973 0.010276845637583847
3 0.5687803684887406 0.972446518456376 0.01804948450089213 0.010316989565855769
3 0.8108665958334753 0.9705196098993291 0.017545138193923858 0.01000587412174923
3 0.9321542410486152 0.9692350041946309 0.017208907322611967 0.009815190462458077