0 0.07636922254875768 0.9441228070175437 0.009444296019235894 0.010912280701754373
3 0.9598984771573604 0.2616140350877193 0.016524178466470644 0.010666666666666628
2 0.2219877103927331 0.7332456140350877 0.021413304835693245 0.015052631578947361
2 0.7292679668714933 0.7305438596491228 0.021199572535399374 0.014771929824561311
2 0.34803633449105 0.7325614035087719 0.02149345444830351 0.015473684210526433
2 0.8560913705583757 0.7292105263157894 0.02178733636120765 0.014877192982456221
2 0.47511354528453115 0.7318947368421053 0.0222148009617954 0.01564912280701738
2 0.6024445631846113 0.7312280701754386 0.021707186748597312 0.015526315789473794
2 0.09740849585893668 0.7332456140350877 0.02077210793481166 0.016385964912280806
2 0.3465001335826876 0.33514035087719296 0.022375100187015787 0.015403508771929732
2 0.4735773443761688 0.3336315789473684 0.02166711194229236 0.015701754385964932
2 0.600400748063051 0.33278947368421047 0.021306438685546346 0.014929824561403487
2 0.2204515094843708 0.3363157894736842 0.02109270638525247 0.014877192982456128
2 0.727731765963131 0.331280701754386 0.02178733636120765 0.014824561403508766
3 0.9609137055837564 0.6597017543859648 0.017312316323804408 0.009982456140350943
3 0.8325674592572803 0.26210526315789473 0.016417312316323818 0.010105263157894721
2 0.8545551696500133 0.33077192982456133 0.021747261554902555 0.01510526315789472
2 0.09555169650013359 0.33833333333333326 0.020651883515896335 0.015403508771929732
3 0.3263024312049158 0.6640701754385964 0.017312316323804408 0.01054385964912285
3 0.3250333956719209 0.2669824561403509 0.016657761154154398 0.010789473684210502
3 0.5814854394870425 0.6630526315789473 0.01711194229227878 0.011140350877193061
3 0.7077878706919583 0.6620526315789473 0.017178733636120654 0.01121052631578948
3 0.1985973817793214 0.2684912280701754 0.017365749398877896 0.011526315789473641
3 0.7057440555703981 0.2629473684210526 0.016991717873363635 0.01063157894736842
3 0.453633449104996 0.663719298245614 0.016924926529521756 0.010912280701754373
3 0.8346112743788404 0.6610350877192982 0.016924926529521902 0.010298245614035105
3 0.5784130376703179 0.2642982456140351 0.017579481699171767 0.011614035087719306
0 0.08972749131712529 0.6288070175438597 0.008843173924659371 0.010070175438596417
3 0.4518434410900347 0.2654736842105263 0.017445899011488016 0.011666666666666667
3 0.20050761421319793 0.6644035087719298 0.0171787336361208 0.01126315789473684