2 0.21469671529510453 0.6695974576271186 0.021459715179493265 0.015713966498940597
1 0.09489283774627892 0.28743379237288136 0.014342500289028209 0.014771128509004257
3 0.31757983900455994 0.9849311440677966 0.017445667735847013 0.010421908103813469
3 0.19221804961068573 0.22027939618644066 0.017306719939720813 0.009991041280455496
3 0.19617034247827583 0.9842823093220339 0.01778531790415555 0.010345872782044505
2 0.3368472667340618 0.6689486228813559 0.02166041755167553 0.01589645127118653
3 0.684896057386217 0.983633474576271 0.017723563328099413 0.010107628773834752
3 0.31412158274541857 0.21898172669491525 0.01738391315979095 0.01014818094544495
3 0.5623749784909231 0.9842823093220339 0.01798602027633789 0.010148180945445043
2 0.4593683456293556 0.6682997881355932 0.021413399247451125 0.01565313824152535
3 0.4401009178998537 0.9849311440677966 0.018233038580562293 0.010345872782044505
2 0.5826304794373225 0.6676509533898305 0.021876558567871938 0.014831956766419505
2 0.7051515583326163 0.6663532838983051 0.021459715179493192 0.014831956766419505
3 0.43664266164071236 0.2176840572033898 0.01778531790415555 0.010715911347987325
3 0.5594107588402306 0.21606197033898303 0.017584615531973213 0.01083756786281782
3 0.8049469532392669 0.2141154661016949 0.017445667735847013 0.009610864671610196
2 0.8276726372279102 0.6657044491525423 0.02178392670378766 0.015288168697033862
1 0.0966837204519057 0.6702462923728812 0.013485655546249899 0.014882646980932274
3 0.8079111728899595 0.9823358050847457 0.017723563328099413 0.009610864671610292
3 0.193700159436032 0.603416313559322 0.01718321078760861 0.010462460275423762
2 0.21284407801342167 0.28597391419491525 0.021135503655198725 0.015288168697033862
2 0.3351181386044911 0.28435182733050846 0.0215369083995634 0.01607893604343218
2 0.7031754118988213 0.2809454449152542 0.021706733483717742 0.015470653469279701
3 0.6819318377355243 0.21525092690677966 0.016982508415426343 0.009534829349841137
2 0.5806543330035274 0.28208090572033895 0.02183024263582987 0.015592309984110196
2 0.8252024541856664 0.28013440148305085 0.021212696875268933 0.01517665022510594
3 0.438371789770283 0.6021186440677966 0.01812496807246409 0.010756463519597522
3 0.3158507108749892 0.6030918961864407 0.01764637010802935 0.010107628773834752
2 0.4578862358040093 0.28370299258474574 0.020934801283016388 0.015004303495762676
3 0.9274680321345606 0.21330442266949154 0.017507422311903005 0.010381355932203367
3 0.806923099673062 0.5995233050847457 0.01798602027633789 0.00972238314353812
3 0.6839079841693194 0.6004965572033898 0.017723563328099413 0.010462460275423762
3 0.5608928686655769 0.6011453919491525 0.0187579524770391 0.010969362420550889
3 0.9299382151768046 0.981686970338983 0.016781806043243863 0.010224216267214009
3 0.9294441785683558 0.5985500529661016 0.017723563328099413 0.010305320610434402
0 0.0766752378097307 0.9168034957627119 0.009378976238519514 0.010503012447034053