3 0.18410211876977847 0.1997409396701389 0.018171479430379747 0.010893291897243907
2 0.2058069414227321 0.26653374565972227 0.02179946577498679 0.015420913696289062
0 0.062201777590981014 0.9151882595486113 0.009771902349930776 0.011184056599934896
3 0.30890484902426163 0.1982455783420139 0.01776135923490245 0.010675218370225678
2 0.3301049083597047 0.26470608181423616 0.022178038263119773 0.016033596462673643
2 0.45553859276107594 0.2637091742621528 0.021925656604364404 0.015971289740668436
3 0.6854582838871308 0.19442409939236113 0.01845540879647943 0.011235978868272553
2 0.5814770404799579 0.26321072048611116 0.021594405677248105 0.014839384290907087
3 0.4340861517668777 0.1967502170138889 0.01837653952811836 0.011100980970594634
2 0.7071631065400845 0.26171535915798616 0.021547084116231636 0.014839384290907087
3 0.8101348233122364 0.19359334309895837 0.017761359234902522 0.010675218370225678
3 0.5597722178270043 0.19575330946180558 0.01823457484506852 0.011454052395290782
2 0.8318396459651899 0.2610507541232639 0.022603932312269155 0.015607833862304688
3 0.18586879038106544 0.5925225151909723 0.018171479430379747 0.011059443155924479
2 0.207573613034019 0.66064453125 0.021389345579509493 0.015067842271592819
3 0.935820889372363 0.19309488932291669 0.017966419332640992 0.010976367526584218
3 0.31067152063554854 0.59185791015625 0.01837653952811843 0.01089329189724386
2 0.3318715799709916 0.6599799262152778 0.02142089328685395 0.015483220418294271
3 0.6869725738396625 0.5895317925347223 0.018518504211168345 0.011100980970594681
3 0.5617912710970464 0.5901963975694445 0.01823457484506852 0.011017905341254276
3 0.43610520503691985 0.5911933051215278 0.018802433577267883 0.010555797153049109
3 0.8121538765822784 0.5882025824652778 0.018108384015690832 0.010934829711914062
2 0.4570528827136076 0.6593153211805556 0.022256907531480703 0.01590898301866313
2 0.5824865671149789 0.6579861111111112 0.020979225384032126 0.014777077568901974
2 0.8338586992352321 0.6563245985243056 0.022004525872725476 0.014839384290907181
2 0.7086773964926162 0.657321506076389 0.020774165286293514 0.014164394802517298
3 0.9378399426424051 0.5875379774305556 0.018376539528118505 0.010555797153049109
3 0.3124381922468355 0.9829779730902779 0.018171479430379747 0.01063368055555543
3 0.1882664161392405 0.9829779730902779 0.01831344411342959 0.01055579715304892
3 0.4368623500131857 0.9829779730902779 0.018171479430379747 0.010192341274685456
3 0.5633055610495781 0.9829779730902779 0.018707790455234657 0.010716756184895834
3 0.6879821004746836 0.9823133680555556 0.018518504211168345 0.011017905341254467
3 0.8131634032172996 0.9809841579861113 0.01831344411342959 0.01059733496771931
3 0.9383447059599157 0.980319552951389 0.017824454649591148 0.009766578674316406