3 0.4464228362720741 0.6407831756161971 0.017431805573087916 0.010620224643761085
2 0.21459746243163294 0.7105386223591549 0.02124852105275213 0.014585038306007997
3 0.19086326533120038 0.24263795664612672 0.017303512615788334 0.011130964252310775
3 0.5744592076571101 0.639772227112676 0.01711107317983889 0.010909819267165517
3 0.8279660912811897 0.23690924845950703 0.016710157688277466 0.01049912143761001
3 0.702238993127547 0.639098261443662 0.017784611205661868 0.010825573558538698
3 0.1926593667333953 0.6417941241197183 0.017175219658488682 0.010994064975792335
3 0.4451399066990777 0.2399420939700704 0.017704428107349613 0.01125733281525091
3 0.8295056067687853 0.6380873129401408 0.017511988671400313 0.010378018231459124
3 0.31915622263083576 0.6411201584507042 0.01711107317983889 0.010909819267165517
3 0.5724065203403159 0.23876265404929573 0.017848757684311732 0.011341578523877634
3 0.957285392239222 0.6377503301056338 0.01723936613713847 0.010256915025308141
3 0.955232704922428 0.2360667913732394 0.017111073179838746 0.010662347498074402
2 0.4669497094400157 0.30902357504401406 0.02076742246287845 0.01487989828620158
3 0.6996731339815542 0.23741472271126757 0.017576135150050177 0.010994064975792242
2 0.5944729089958533 0.3085181007922535 0.021168337954439873 0.014532384738116189
2 0.3391699239695789 0.3100345235475352 0.02137681401005171 0.015459087533010537
2 0.08874207132069065 0.7105386223591549 0.021120228095452477 0.0157012939453125
3 0.31761670714324014 0.24112153389084506 0.01691863374388945 0.010420141085772439
2 0.34096602537177373 0.7098646566901408 0.021200411193764805 0.01470087615536973
2 0.72225269446629 0.3071701694542253 0.02120041119376466 0.014648222587478017
2 0.8495193081075283 0.30565374669894363 0.021777729501613132 0.01498520542198501
2 0.5960124244834488 0.7091906910211268 0.021489070347688898 0.013447721239546694
2 0.4684892249276113 0.7091906910211268 0.02185791259992539 0.014985205421985105
2 0.2126730680721384 0.31205642055457744 0.02137681401005171 0.015459087533010537
2 0.7237922099538857 0.7071687940140845 0.021088154856127618 0.014311239752970929
2 0.851058823595124 0.7064948283450704 0.022194681612836806 0.014648222587478017
2 0.08668938400389647 0.3132358604753521 0.021120228095452477 0.0160698689205546