2 0.3536408944559608 0.6699477351916377 0.021051470912539116 0.015470383275261384
2 0.7309928108322676 0.6672822299651568 0.021104397300754373 0.014547038327526138
2 0.47924844528734617 0.6689547038327527 0.022282009438539217 0.016027874564459997
2 0.6048692277157853 0.6679616724738677 0.021369029241829502 0.01571428571428574
2 0.8566135932607065 0.6662891986062718 0.02162042958585096 0.014947735191637624
3 0.2052220703038857 0.20977351916376308 0.017889119216689436 0.01167247386759584
2 0.10271688792837295 0.27846689895470383 0.020972081330216556 0.01724738675958188
3 0.3329113924050633 0.9933333333333333 0.017721518987341773 0.013333333333333334
3 0.7107352357429542 0.9947386759581883 0.01761125567856042 0.010261324041811879
3 0.20632911392405062 0.9933333333333333 0.017721518987341773 0.013333333333333334
3 0.5835443037974684 0.9933333333333333 0.017721518987341773 0.013333333333333334
3 0.4569620253164557 0.9933333333333333 0.017721518987341773 0.013333333333333334
2 0.2286552286861024 0.6702961672473868 0.020495743836281086 0.015069686411149709
3 0.8363560181713934 0.994076655052265 0.01694967582587202 0.010226480836236836
3 0.33007542010320645 0.20794425087108015 0.01741278172275393 0.011358885017421584
1 0.9584175009923699 0.9927526132404182 0.011313015480968544 0.01
2 0.3518678604507564 0.2761324041811847 0.021501345212367066 0.015836236933797824
3 0.7076919684205885 0.2042857142857143 0.01720107616989377 0.011010452961672475
2 0.4777268116261633 0.27447735191637634 0.021911524721033717 0.01614982578397208
3 0.5815683853041062 0.20545296167247387 0.017743571649097983 0.011393728222996486
3 0.8333127508490276 0.20327526132404183 0.01669827548185056 0.0100348432055749
3 0.8348343845102105 0.598588850174216 0.01694967582587202 0.00991289198606277
3 0.4559476028756671 0.20677700348432057 0.017611255678560277 0.011132404181184654
2 0.7294711771710846 0.27263066202090597 0.021051470912539116 0.015540069686411187
3 0.5835928196533322 0.6005923344947736 0.017478939708022855 0.010679442508710887
3 0.20699510430909013 0.602595818815331 0.017558329290345308 0.010714285714285742
3 0.3321130860494862 0.6019337979094077 0.01741278172275393 0.010679442508710887
3 0.7092136020817713 0.5999303135888502 0.01720107616989377 0.010592334494773658
1 0.9574118996162838 0.597439024390244 0.010757288404710656 0.009547038327526139
2 0.10442376394830857 0.6706271777003485 0.021541040003528435 0.016463414634146335
2 0.6033475940546025 0.2731358885017422 0.021289639659506907 0.015296167247386734
3 0.45772063688087156 0.6012717770034843 0.017743571649097983 0.010226480836237025
2 0.226882194680898 0.2776480836236934 0.0208133021655714 0.014947735191637624
2 0.8550919595995237 0.2716376306620209 0.021580734794689662 0.015470383275261288
0 0.08277687116835003 0.9353832752613239 0.009500286684602857 0.011132404181184939
1 0.954871432981961 0.20344947735191637 0.010108940149076215 0.011062717770034852