2 0.22754938503197178 0.2824027632917284 0.021168836862194968 0.01496237828575924
3 0.20631810322328067 0.21624244690204458 0.017437751309049974 0.010399420055953283
3 0.33295645471747354 0.9946573414819155 0.018265146850123953 0.010363328860915372
2 0.47458159337074246 0.27943297352860047 0.021699618907412288 0.015550149176378297
3 0.45659744877985114 0.9946573414819155 0.01784364346127502 0.010641746651208374
3 0.45335031156205136 0.21310766881874285 0.017921699644395193 0.010682993731251953
3 0.21031457979903428 0.9946573414819155 0.01792169964439512 0.010399420055953283
3 0.5779904247683674 0.21228272721787397 0.017500196255546115 0.011373882321979648
3 0.7048785560485448 0.9933374349205254 0.018265146850123953 0.010765487891338682
3 0.5809877822001827 0.9939973882012205 0.018546149109356577 0.010641746651208374
3 0.7018811986167296 0.21096282065648378 0.017921699644395193 0.01089954090148004
2 0.35069081952238024 0.28058789176981686 0.021246893045315143 0.015550149176378297
2 0.7233622602114054 0.2772881253663414 0.021324949228435315 0.014797389965585496
3 0.8287693298969071 0.9920175283591353 0.01784364346127502 0.010322081780871935
2 0.5989719267910739 0.27877302024790535 0.020606832343729578 0.014570531025346504
3 0.8257719724650919 0.20980790241526734 0.01770314233165871 0.010399420055953283
3 0.3297093174996737 0.2147575520204806 0.017500196255546115 0.009626037305138668
3 0.2080665617251729 0.6062748357928489 0.017437751309049974 0.010724240811295437
3 0.5794891034842751 0.6039649993104161 0.01784364346127502 0.01098203506156691
3 0.4553485498499282 0.6049549292314588 0.017703142331658563 0.010203496425746963
2 0.8472530340597676 0.2766281720856463 0.022417735792118025 0.015137678375943842
3 0.33145777600156595 0.6052849058718063 0.017578252438666286 0.010600499571165128
3 0.7038794369046064 0.6029750693893735 0.018265146850123953 0.010765487891338871
2 0.6004706055069815 0.6706202806606213 0.02127811551856321 0.01496237828575924
2 0.35268905781025706 0.6732600937834016 0.021122003152322866 0.015086119525889547
2 0.2294227334268563 0.6732600937834016 0.0208097784198421 0.014622089875400894
2 0.4763300518726347 0.6719401872220114 0.022027454876517017 0.015797631656639007
3 0.9501623058854233 0.2094779257749198 0.017578252438666432 0.010817046741393168
2 0.724860938927313 0.6702903040202737 0.020325830084496812 0.014230242614988061
3 0.8277702107529687 0.6019851394683308 0.017921699644395193 0.010559252491121692
2 0.8492512723476444 0.669300374099231 0.021902564983524594 0.01484894881563979
3 0.9526601037452694 0.99135757507844 0.01812464572050764 0.009626037305138668
3 0.9521605441733002 0.6013251861876358 0.017921699644395193 0.010322081780871746
0 0.08554957669972595 0.9266821535703201 0.009195018371558152 0.01089954090148004