3 0.19037621840956204 0.21423344947735193 0.01603669562916245 0.009285714285714258
3 0.5669342389626428 0.20968641114982578 0.016883517840603383 0.011498257839721285
3 0.44106205619018213 0.2108536585365854 0.016499801526044217 0.012090592334494754
3 0.695082256428351 0.6060104529616726 0.016883517840603383 0.010923344947735246
3 0.31671150707890444 0.6083449477351917 0.015997000838001152 0.01132404181184673
2 0.2116129316808539 0.28155052264808367 0.020998544524324075 0.015121951219512179
2 0.4618356635645923 0.27837979094076654 0.02073391258324873 0.014494773519163763
2 0.33646628148017466 0.27939024390243905 0.020892691747893925 0.014947735191637624
2 0.8394389802849204 0.2755400696864112 0.020852996956732626 0.015069686411149802
2 0.588210647025096 0.2773867595818815 0.021580734794689662 0.014895470383275248
2 0.7138181978564813 0.27655052264808366 0.022427557006130593 0.015296167247386734
2 0.21350505005954223 0.67602787456446 0.020998544524324075 0.015121951219512084
2 0.5902350813743219 0.6743728222996516 0.021792440347549968 0.014947735191637624
2 0.33823931548537906 0.6756968641114983 0.021832135138711267 0.015365853658536632
2 0.46386009791381827 0.675034843205575 0.021130860494861712 0.014721254355400788
3 0.1938428968376483 0.9973867595818816 0.017201076169893696 0.005226480836236836
2 0.7163586644908041 0.6733623693379791 0.0220306090945179 0.015
2 0.8414634146341465 0.6727003484320557 0.021699819168173845 0.015470383275261384
2 0.08769902527235038 0.28355400696864114 0.020098795924668105 0.015296167247386734
3 0.5702818330172452 0.9973867595818816 0.018524235875270134 0.005226480836236836
3 0.4445816610064835 0.9973867595818816 0.018524235875270134 0.005226480836236836
3 0.6946588453226306 0.9973867595818816 0.01852423587527028 0.005226480836236836
3 0.3182199091430336 0.9973867595818816 0.017201076169893696 0.005226480836236836
3 0.819697437480704 0.9965156794425087 0.01720107616989377 0.006968641114982574
3 0.9455696202531646 0.995 0.017721518987341773 0.01
2 0.08769902527235038 0.6770383275261325 0.020575133418603647 0.013310104529616638
3 0.31550743174701185 0.21259581881533104 0.01683059145238834 0.00973867595818812
3 0.6927667269439421 0.2087282229965157 0.017280465752216076 0.009181184668989555
3 0.8181493406254137 0.20803135888501742 0.01743924491686156 0.009250871080139358
3 0.9438759758302828 0.20743902439024392 0.01717461297578614 0.009912891986062723
3 0.442702774224849 0.6081533101045296 0.016618885899527966 0.011567944250871088
3 0.5682441670709655 0.607630662020906 0.01708199179640973 0.010052264808362375
3 0.8200546906011555 0.6055226480836238 0.01634102236139888 0.01
3 0.94594010497067 0.6045470383275261 0.015904379658624887 0.008728222996515645
3 0.192400652758788 0.6090766550522648 0.01643364354077536 0.010487804878048715