2 0.6084169616617686 0.34022752192982453 0.021301807645104164 0.014932625753837764
2 0.48134121192893403 0.3408991228070175 0.02117396483853188 0.015352376302083333
3 0.33432198437082555 0.6719983552631579 0.017051034326576245 0.01046228241502187
3 0.2085246627037136 0.6719983552631579 0.01717887713314853 0.010504257469846531
3 0.5889848550627839 0.6706551535087719 0.017306719939720813 0.010142222621984729
3 0.8416022408495858 0.2687020285087719 0.016339908715017972 0.010220925849780732
3 0.7158049191824739 0.669311951754386 0.017578385903686808 0.01046228241502187
2 0.2298744114012824 0.7405016447368421 0.021014161330316597 0.014995588336074471
3 0.5869393701576275 0.2707168311403509 0.01772220906108066 0.011091908237390365
3 0.7142708055036067 0.2693736293859649 0.016459761346179397 0.010624935752467101
2 0.3542654621960994 0.341906524122807 0.022116805537002435 0.015530770285087763
2 0.7357483970077477 0.3385485197368421 0.021301807645104164 0.015404845120614064
3 0.4598636204247929 0.27239583333333334 0.017642307306972946 0.011133883292214932
3 0.4616534197168047 0.6713267543859648 0.017370641343006955 0.010220925849780732
3 0.2066070206051296 0.2745785361842105 0.017370641343006955 0.011175858347039498
3 0.9704677898744323 0.66796875 0.01737064134300681 0.010420307360197398
2 0.22795676930269834 0.3435855263157894 0.02141367010085495 0.014995588336074566
2 0.10465238236374566 0.739830043859649 0.021014161330316597 0.015772126850328996
3 0.968422304969276 0.26803042763157897 0.01698711292329025 0.010504257469846531
2 0.3560552614881111 0.739830043859649 0.021909060976322437 0.01522645113760973
2 0.6099510753406359 0.738486842105263 0.021669355713999444 0.014428925095943063
3 0.33253218507881377 0.27323533442982456 0.01717887713314853 0.010745614035087765
3 0.842624983302164 0.66796875 0.017306719939720813 0.010262900904605203
2 0.7377938819129041 0.7378152412280702 0.02141367010085502 0.014261024876644797
2 0.8625684611274379 0.3378769188596491 0.021493571854962732 0.015352376302083333
2 0.4828753256078012 0.739158442982456 0.02203690378289472 0.015289413719846531
2 0.8646139460325941 0.7364720394736842 0.022004943081251577 0.014596825315241138
2 0.10222336903887255 0.34459292763157895 0.020295045543347576 0.015111019736842101