3 0.6856664459339761 0.9743734270134229 0.01774382007242659 0.009890460327967882
3 0.9282417363642559 0.973088821308725 0.016872676451299785 0.009699776668676729
3 0.5643788007188363 0.9756580327181209 0.01780495295811973 0.010241719700345963
3 0.44309115550369643 0.9763003355704698 0.017606271079617142 0.01004601805002115
2 0.2202006542665997 0.6615719379194632 0.020953296571315134 0.015134260958473079
3 0.20186078855866524 0.9756580327181209 0.017331173093998096 0.010086161978292693
3 0.322048041831329 0.9763003355704698 0.017407589201114446 0.010161431843802499
3 0.19807054964569212 0.21741951552013422 0.016872676451299713 0.009965730193477332
3 0.807443154234661 0.9737311241610739 0.017606271079617142 0.009293319394924613
1 0.10141945736487754 0.28502189072986583 0.014473210687844946 0.014451814177852308
2 0.34112150216758086 0.6609296350671141 0.021610475092516106 0.015495556312919424
2 0.5844303872261779 0.6602873322147652 0.021518775763976473 0.014341418375104808
3 0.31862460023251454 0.2162954855285235 0.017270040208304922 0.010527745189282716
2 0.4624091473827207 0.6609296350671141 0.020831030799928933 0.015023865155725579
2 0.7057180324413179 0.6590027265100672 0.021243677778357284 0.014451814177852308
3 0.8045087757213913 0.2113176384228188 0.01727004020830496 0.009965730193477356
3 0.5614444222055668 0.21340512269295303 0.01727004020830496 0.010768608758913582
3 0.43991224544765445 0.2145291526845638 0.01804948450089213 0.010688320902369975
2 0.8270056776564576 0.6583604236577182 0.02190085629955847 0.014963649263317886
1 0.10319231104997786 0.6628565436241611 0.014029997266569847 0.014963649263317886
3 0.19941547313094063 0.5973416526845639 0.01740758920111448 0.010477565278942886
2 0.21836666769580623 0.2837372850251678 0.02099914623558495 0.015314908635696345
2 0.703761780099138 0.27859886220637586 0.021656324756785923 0.015134260958473172
2 0.3394097813681736 0.28213152789429535 0.021442359656860015 0.015796635774958077
2 0.5819850717984534 0.2798834679110738 0.021686891199632564 0.015084081048133366
3 0.32058085257469426 0.5966993498322148 0.01760627107961707 0.009815190462458077
3 0.44162396624706163 0.5960570469798658 0.01794250195092918 0.010567889117554614
2 0.8245603622287332 0.27763540792785235 0.020831030799928933 0.015134260958473172
3 0.6827320674207067 0.21195994127516782 0.01655172880141078 0.009850316399695913
2 0.46118648966885845 0.2813286493288591 0.021365943549743704 0.014793037568162788
3 0.6851773828484312 0.5941301384228188 0.017606271079617142 0.010316989565855769
3 0.806465028063571 0.5931666841442954 0.017667403965310132 0.009664650731438846
3 0.5629116114622015 0.5950935927013423 0.018156467050855087 0.010768608758913653
3 0.9257964209365313 0.21051475985738258 0.017545138193923858 0.01052774518928274
3 0.9282417363642559 0.5922032298657718 0.017468722086807692 0.009890460327967693
0 0.08375205339956734 0.9075739303691277 0.009001817418311157 0.009965730193477308