2 0.10455867259664728 0.327195945945946 0.021578857338351 0.015472972972973006
2 0.3442225453301403 0.3242905405405405 0.020809100239479954 0.015118243243243228
2 0.8316583989052344 0.31976351351351356 0.021283783783783754 0.015185810810810855
2 0.4660237769414985 0.32266891891891897 0.021784125898049976 0.015354729729729684
2 0.10676530961341088 0.7067736486486487 0.020411392405063292 0.015354729729729873
2 0.7098571672938762 0.3210641891891892 0.020642319534724403 0.014712837837837849
3 0.3240805679096819 0.2593074324324324 0.016755046185425893 0.01042229729729731
2 0.5880687649674993 0.32170608108108106 0.02092456380431051 0.015118243243243228
2 0.22561580567909686 0.7067736486486487 0.019795586725966513 0.014831081081081075
3 0.20388299692097162 0.26108108108108113 0.01667807047553883 0.010236486486486457
2 0.34594166951761884 0.7074324324324325 0.020565343824837413 0.015118243243243417
2 0.8331337666780706 0.7041891891891893 0.020462709544988144 0.014611486486486455
3 0.3253121792678755 0.6405067567567568 0.016434314060896217 0.010422297297297215
3 0.5669389326034897 0.25655405405405407 0.017204071159767267 0.010388513513513449
3 0.810541395826206 0.2538006756756757 0.016190557646253677 0.009358108108108165
3 0.6887401642148478 0.2554222972972973 0.016755046185425893 0.010118243243243228
2 0.7113325350667125 0.7054898648648649 0.02056534382483756 0.014222972972972911
3 0.44662589804994873 0.6408277027027028 0.01604943551146084 0.010067567567567721
3 0.4451505302771126 0.25800675675675677 0.016819192610331886 0.010067567567567532
2 0.4674863154293534 0.7067736486486487 0.021578857338351146 0.015304054054053988
2 0.5895313034553541 0.7061317567567568 0.0206936366746494 0.014898648648648797
3 0.9313547724940131 0.2539695945945946 0.015459288402326198 0.00979729729729731
3 0.5689146424905919 0.6398479729729731 0.017204071159767267 0.010354729729729683
3 0.8125042764283271 0.6380743243243244 0.016190557646253677 0.009324324324324304
3 0.9333176530961342 0.6371283783783784 0.016370167635990515 0.009695945945946012
3 0.6907030448169689 0.6388851351351352 0.017075778309955426 0.009729729729729684
3 0.20547382825863839 0.6411486486486487 0.016755046185425965 0.009425675675675696