3 0.8075023652616468 0.6335888205530462 0.01671963442434424 0.01008491107062199
2 0.08695012764256818 0.7045337982277694 0.021075169442450727 0.01496237828575924
3 0.9323922582539474 0.632928867272351 0.016032740012886716 0.01012100226566009
3 0.6836115914132845 0.6349087271144364 0.017500196255546257 0.010559252491121692
3 0.311189930510244 0.6372185635968692 0.016969414210328864 0.01044066713599672
3 0.43533048414459086 0.6368885869565216 0.016782079370840378 0.010363328860915181
3 0.5602203771368915 0.6362286336758266 0.016782079370840378 0.010399420055953283
3 0.18854805559180474 0.6378785168775643 0.0166571894778481 0.010559252491121692
2 0.4568115457392666 0.7032138916663793 0.021449839121427592 0.014910819435704945
2 0.3326709921049197 0.7038738449470744 0.02071611100009782 0.014230242614988061
2 0.7050926530079602 0.701234031824294 0.020684888526849896 0.014127124914879472
2 0.20940466772151894 0.7045337982277694 0.01990432669564795 0.014230242614988061
2 0.581201879159598 0.7025539383856843 0.020762944709969925 0.014230242614988061
2 0.8289834268563225 0.7005740785435989 0.02165278519754004 0.01434367208510751
2 0.08476455451520293 0.3166462574992242 0.020247773901376748 0.01531297846612854
2 0.20765620921962674 0.31532635093783395 0.020762944709969998 0.014570531025346504
2 0.3306727538170429 0.31367646773609625 0.021200059335443038 0.015261419616074245
3 0.8065032461177084 0.24141158349998273 0.016032740012886716 0.010007572795540546
3 0.6816133531254077 0.2424015134210254 0.017109915339945107 0.010817046741393168
3 0.5572230197050763 0.24355643166224183 0.017578252438666286 0.010858293821436603
2 0.45481330745138976 0.3120265845343585 0.02099711325933059 0.014673648725455093
3 0.9303940199660707 0.24091661853946142 0.01671963442434424 0.010322081780871841
3 0.43358202564269865 0.24487633822363203 0.017437751309049974 0.011239829311838385
3 0.18654981730392795 0.2476811396665862 0.0166571894778481 0.010940787981523474
3 0.3094414720083518 0.2458662681446747 0.016844524317336518 0.010523161296083591
2 0.827484748140415 0.308726818130883 0.02099711325933059 0.014395230935161901
2 0.578704081299752 0.31087166629314206 0.020216551428128712 0.014127124914879472
2 0.7035939742920526 0.3097167480519256 0.02052877616060955 0.014230242614988061
0 0.06740485938927313 0.9256181472606281 0.00912476780674996 0.010940787981523474