2 0.20729319730162968 0.27486293859649125 0.021333768346747235 0.015111019736842101
3 0.18594344860406092 0.2073670504385965 0.018265540989012792 0.01054623252467105
2 0.3336018901950307 0.2730160361842105 0.021909060976322437 0.015824595668859635
3 0.31212429869088965 0.205688048245614 0.017993875025046728 0.010582960697642535
3 0.693095862276249 0.20182634320175438 0.018697010461194215 0.011133883292214932
2 0.4604219543147208 0.2721765350877193 0.02242043220261157 0.015950520833333332
3 0.43894436281057975 0.2045127467105263 0.0186171087070865 0.010871539199561416
2 0.7155961962329682 0.2699938322368421 0.021877100274679297 0.015226451137609634
3 0.5662757981565588 0.20333744517543859 0.018345442743120506 0.011438202439692968
3 0.8199159263959391 0.20098684210526316 0.018201619585726796 0.0103416041324013
3 0.18773324789607265 0.6036115679824561 0.01847328554969279 0.010787589089912331
2 0.8424162603526583 0.2693222313596491 0.022548275009183855 0.015530770285087763
2 0.5877533896606999 0.27133703399122805 0.02117396483853188 0.014880156935307032
2 0.20959436781993054 0.6724506578947368 0.021829159222214796 0.015173982319078997
3 0.3136584123697569 0.6029399671052631 0.018409364146406648 0.011133883292214932
3 0.9472473617419183 0.2008189418859649 0.01812171783161908 0.010829564144736849
2 0.3353916894870425 0.6711074561403508 0.021701316415642585 0.015646201685855204
3 0.4407341621025915 0.6026041666666667 0.017913973270939087 0.010582960697642535
3 0.5678099118354261 0.6015967653508771 0.01805779642833294 0.011133883292214932
3 0.6951413471814052 0.6005893640350877 0.018697010461194215 0.011007958127741139
3 0.8219614113010953 0.5995819627192982 0.018409364146406502 0.010787589089912331
2 0.8439503740315255 0.6677494517543859 0.02224464834357472 0.014712256716008862
2 0.7171303099118354 0.6690926535087719 0.022212687641931576 0.014596825315241138
2 0.5892875033395671 0.6704358552631579 0.021573473609070304 0.015173982319078997
2 0.46246743921987704 0.6711074561403508 0.022500333956719142 0.01582459566885973
3 0.9492928466470745 0.5989103618421052 0.018265540989012792 0.010582960697642535
3 0.4408228693561314 0.9956140350877193 0.018701576275714622 0.008771929824561464
3 0.695965802831953 0.9956140350877193 0.018701576275714622 0.008771929824561464
3 0.5690622495324605 0.9956140350877193 0.018701576275714622 0.008771929824561464
3 0.3152551429334758 0.9956140350877193 0.018701576275714695 0.008771929824561464
3 0.8222014426930269 0.994736842105263 0.017365749398877965 0.010526315789473604
3 0.1896874165108202 0.9964912280701753 0.018701576275714695 0.007017543859648943
3 0.9491049959925193 0.994736842105263 0.017365749398877965 0.010526315789473604