3 0.1939041776472113 0.20974402730375424 0.019544649414610916 0.017150170648464164
2 0.0934332742904048 0.2780546075085324 0.025921285695770496 0.02191126279863473
3 0.316045275845682 0.20812286689419793 0.018805892772281476 0.012730375426621188
2 0.0941331490041906 0.661962457337884 0.021177690413444496 0.01563139931740617
3 0.43834190175832716 0.20616040955631398 0.0193243184861968 0.012354948805460756
2 0.2144597572039573 0.2758873720136518 0.021177690413444496 0.016194539249146753
3 0.8089644446364538 0.2033788395904437 0.01814489998703928 0.011296928327645048
3 0.6854235970104117 0.20435153583617746 0.01831338834406209 0.011655290102389037
2 0.8298051583358534 0.2701706484641638 0.02146282455609788 0.016245733788395854
2 0.2161964833455739 0.661962457337884 0.02102216269926994 0.01534129692832759
2 0.7067568151380307 0.271160409556314 0.021138808484900875 0.01581911262798627
2 0.33662677668812374 0.27441979522184295 0.021553549056033162 0.016450511945392446
3 0.9310148183349894 0.20273037542662115 0.017587592344580117 0.010836177474402717
2 0.4599213721000561 0.2731058020477815 0.021631312913120548 0.016569965870307138
3 0.3177820019872985 0.5943515358361774 0.018274506415518255 0.010955631399317364
3 0.1951095174320646 0.5950170648464163 0.017198773059143694 0.010614334470989775
1 0.44032488011405363 0.5933788395904437 0.01785976584438582 0.010699658703071577
2 0.33862271568669805 0.6613139931740614 0.020827753056551622 0.015580204778156978
2 0.8317881366915798 0.6573890784982935 0.0212295329848363 0.015511945392491573
2 0.5837214325830561 0.2719795221843003 0.02174795869875148 0.016126279863481252
3 0.5618827493843694 0.20501706484641635 0.017665356201667645 0.011399317406143344
2 0.7087397934937573 0.6587030716723549 0.021423942627554333 0.015273037542662186
2 0.46165809824167275 0.6606655290102388 0.021423942627554333 0.01612627986348135
1 0.5643711928111633 0.5927303754266211 0.01725061563053521 0.010750853242320772
1 0.8109474229921804 0.5907679180887372 0.017924569058625165 0.010409556313993183
2 0.5851989458677149 0.6593515358361774 0.020983280770726247 0.015699658703071766
1 0.687406575366138 0.5920648464163822 0.0173154188447747 0.010409556313993183
3 0.19746835443037974 0.9807679180887372 0.018067136129952036 0.01143344709897633
3 0.44206160625567026 0.9814163822525598 0.017522789130340773 0.011040955631399356
3 0.3190132630578476 0.9807679180887372 0.017665356201667645 0.01098976109215035
3 0.5653562016676026 0.9807679180887372 0.01785976584438582 0.010904436860068548
3 0.6884045448654251 0.9801023890784982 0.017522789130340773 0.010750853242320772
3 0.811452888063248 0.9794539249146759 0.017717198773059092 0.010648464163822383
3 0.933995766190003 0.9774914675767917 0.017198773059143767 0.010170648464163984
1 0.9325052922624962 0.5896075085324232 0.01673218991662003 0.009675767918088619