3 0.20614587946717547 0.9595973154362417 0.017336388103430668 0.010352348993288843
3 0.8113608489762547 0.9576677852348994 0.01642932579293411 0.009630872483221538
3 0.3259547576056962 0.9602348993288591 0.017068102067931766 0.010771812080536923
0 0.08387132490716454 0.9075671140939598 0.009530542022961884 0.010469798657718077
3 0.2023515483936906 0.20167785234899333 0.0166848363029333 0.010520134228187933
3 0.6900700098797397 0.9589597315436242 0.016748713930432937 0.01020134228187923
3 0.44700286171771203 0.9595973154362417 0.01668483630293323 0.010570469798657693
3 0.5687791707832249 0.9595973154362417 0.01668483630293323 0.010285234899329225
3 0.6871316390147516 0.1962248322147651 0.01642932579293411 0.010352348993288558
3 0.8079370081422683 0.19526845637583895 0.015982182400436157 0.009848993288590624
3 0.20369297857118523 0.5809563758389262 0.01674871393043301 0.009932885906040193
3 0.3225309167717099 0.19959731543624162 0.01642932579293429 0.009882550335570433
3 0.5658407999182368 0.19734899328859062 0.017068102067931766 0.010721476510067116
3 0.4438217558682247 0.1986241610738255 0.016876469185432497 0.010352348993288558
2 0.22289459339760845 0.2668791946308725 0.02005757503491976 0.01479865771812077
2 0.10263857186658945 0.2686409395973155 0.020760228937416976 0.015922818791946347
3 0.3242428371887031 0.5803187919463088 0.01642932579293429 0.009781879194630961
2 0.7081601539876674 0.26221476510067115 0.020632473682417704 0.015083892617449711
2 0.8294509930841822 0.26140939597315443 0.020376963172418584 0.015016778523489904
3 0.4455336762852179 0.5793624161073826 0.016429325792934255 0.009848993288590577
2 0.2246065138146016 0.6458389261744967 0.019904268728920343 0.014966442953020001
3 0.5673099853507308 0.5787080536912753 0.016557081047933814 0.010117449664429425
3 0.8098916635437606 0.5764597315436242 0.015982182400436157 0.009597315436241729
3 0.6890862944162437 0.5774328859060402 0.016557081047933814 0.009966442953020191
2 0.3435722072701258 0.26543624161073825 0.021041290498415806 0.015436241610738269
2 0.7101148093891596 0.6429530201342283 0.020632473682417704 0.014513422818791923
2 0.4665621912581338 0.6445469798657718 0.021156270227915365 0.015083892617449616
1 0.9287296017442853 0.5751845637583893 0.011216911388955192 0.009479865771812115
2 0.5868820904166525 0.26302013422818793 0.020453616325418148 0.015083892617449711
2 0.4650930058256397 0.2643120805369128 0.021194596804415218 0.015369127516778557
2 0.5883385003236467 0.6435906040268456 0.020249207917419024 0.014899328859060385
2 0.8314056484856744 0.6419798657718121 0.02055582052941771 0.014345637583892502
2 0.10447824753858209 0.6461577181208055 0.021156270227915365 0.015671140939597306
2 0.3452841276871189 0.6452013422818793 0.02079855551391683 0.015318791946308655
1 0.9262894763737948 0.19526845637583895 0.010667563792457245 0.010352348993288558
1 0.9297133172077814 0.9570302013422819 0.01075699247095695 0.009848993288590388
1 0.09005467924913979 0.8876677852348994 0.006183354341975254 0.009261744966443075