2 0.10122084867909448 0.3141631559300341 0.020001031113643226 0.01493319879212881
3 0.2021252754136605 0.24671368387372014 0.016481469824653296 0.010533876386518747
3 0.3241780792327299 0.24508052474402728 0.01711716151121091 0.01037566409582979
3 0.6938095379530824 0.24148757465870305 0.01752028306854029 0.01037566409582979
3 0.44771933187886115 0.24426394517918087 0.017194684887620416 0.010615534343003408
3 0.5707644349159717 0.242630786049488 0.017256703588747934 0.01078905750053328
3 0.20398583644748777 0.6327925021331058 0.016993124108955798 0.01053387638651884
3 0.8173507905992137 0.24067099509385664 0.015675226709994824 0.009712193199392042
3 0.9403958936363244 0.24034436326791805 0.016217890344861086 0.010059239514451784
0 0.08379359366224565 0.9179420861774743 0.008612847119092123 0.010375664095829885
2 0.10301939101179418 0.6997520264505119 0.02038864799569058 0.014361593096736366
3 0.325914602864302 0.6324658703071672 0.017055142810083388 0.010615534343003408
2 0.22345970860154662 0.31318326045221845 0.020419657346254377 0.01387164535782849
3 0.6957941363891649 0.6298528156996587 0.01711716151121091 0.010707399544048712
3 0.4494558555104333 0.6321392384812287 0.016931105407828207 0.010334835117587508
3 0.8188392394262755 0.6288729202218429 0.01654348852578096 0.010176622826898551
2 0.8381890741780792 0.3071405716723549 0.020931311630556882 0.013820609135025563
3 0.5727490333520542 0.6311593430034129 0.0168535820314187 0.010748228522290902
2 0.7151439711409685 0.30779383532423205 0.02026461059343529 0.013769572912222732
2 0.4685576154577267 0.3099169421928327 0.020822778903583687 0.01442283656409984
2 0.34551251242061604 0.31171341723549484 0.020853788254147375 0.014586152477069068
3 0.9418843424633861 0.6282196565699658 0.016357432422398257 0.009941856202005207
2 0.5916027184948373 0.3087737308020478 0.02031112461928111 0.013820609135025563
2 0.2248241200263533 0.6990987627986347 0.019737451633851016 0.013606256999253408
2 0.839677523005141 0.695179180887372 0.02167553604408769 0.013871645357828583
2 0.34724903605218815 0.6990987627986347 0.020776264877737868 0.014137033716403569
2 0.717128569577051 0.6964857081911262 0.02074525552717418 0.013453148330844631
2 0.5935873169309197 0.6971389718430033 0.020776264877737868 0.01339190486348116
2 0.4705422138938091 0.6977922354948806 0.021303423837322286 0.01442283656409984