2 0.0906208147924137 0.7325597269624572 0.020425973128267157 0.01563139931740617
2 0.4575754957445889 0.7305972696245733 0.02113880848490073 0.014812286689419618
2 0.3345401131896142 0.7319112627986347 0.021229532984836014 0.014812286689419618
2 0.7041646865684537 0.7293003412969282 0.02046485505681078 0.014368600682593827
2 0.2119842744200112 0.7325597269624572 0.02069814662807279 0.014197952218430033
2 0.5811293040134791 0.7305972696245733 0.020542618913898164 0.014812286689419618
3 0.19102691493498075 0.6652730375426621 0.016926599559338132 0.010255972696245787
2 0.8277055341944959 0.7279863481228669 0.02109992655635704 0.014419795221843022
2 0.08863783643668724 0.3458361774744027 0.019920508057199658 0.015392491467576784
2 0.7026742126409469 0.3393003412969283 0.02062038277098555 0.014812286689419807
2 0.4558387696029722 0.34126279863481224 0.02102216269926994 0.0150511945392491
2 0.33255713483388766 0.34255972696245734 0.02146282455609788 0.014761092150170612
2 0.21013090249276362 0.3445221843003412 0.020425973128267157 0.014470989761092217
2 0.5791333650149046 0.34093856655290095 0.02011491769991783 0.014470989761092217
3 0.3129476822050374 0.6646245733788396 0.01684883570225082 0.010290102389078393
3 0.4367477426880373 0.6643003412969283 0.016485937702510122 0.010614334470989775
3 0.559783125243012 0.6636348122866894 0.016796993130859375 0.010870307167235561
3 0.6833239728690542 0.6626621160409556 0.016796993130859375 0.010580204778156977
3 0.9299131636929192 0.6603754266211603 0.016537780273901712 0.010170648464163795
2 0.8257225558387696 0.3383105802047781 0.021138808484900875 0.014761092150170612
3 0.18916058236488528 0.2778839590443686 0.016732189916619886 0.011211604095563151
3 0.8063723160668769 0.6613481228668942 0.016537780273901712 0.009948805460750994
3 0.558305611958353 0.2736518771331058 0.01725061563053521 0.010699658703071673
3 0.31147016892037843 0.2764163822525597 0.017056205987816965 0.010102389078498296
3 0.43501101654642066 0.27511945392491466 0.01745798591610143 0.010699658703071673
3 0.681340994513328 0.27233788395904435 0.01673218991662003 0.010375426621160387
3 0.9284226897654124 0.2708703071672355 0.015850866202963575 0.010290102389078489
3 0.8053873072104375 0.27151877133105806 0.01627856741694376 0.010102389078498296
0 0.07071326737806195 0.9226621160409555 0.008994686136432362 0.011092150170648362