2 0.5943625212057939 0.3074164741578457 0.020135717082082696 0.013791676723097657
2 0.470468484927574 0.3084163707202703 0.021075296881117048 0.014464020963348609
3 0.20195745791465483 0.24440575112919352 0.01678193918830749 0.010723028652208437
3 0.5733785723606941 0.2405958004344378 0.017108182174083334 0.010636830672689048
3 0.3271042672582539 0.6344343688583939 0.01717343077123852 0.010636830672689048
3 0.8216625342555134 0.23878564286453124 0.016077254339031725 0.009809330069303195
3 0.4492365914132846 0.24192324931903597 0.016781939188307417 0.010274799158707708
2 0.7187524468223933 0.30577871254697786 0.020683805298186093 0.014170947832982875
3 0.823163251990082 0.6307968141226769 0.016599243116272904 0.009964486432438
3 0.5753751794336421 0.6331069199737958 0.0168471877854626 0.010395476330034757
3 0.6972726086389142 0.23944074750887837 0.016781939188307417 0.010447195117746486
3 0.20383661751272344 0.6347619211805675 0.01704293357692808 0.010602351480881293
3 0.6992692157118621 0.6321242630072751 0.017499673757014292 0.010481674309554337
3 0.4507373091478532 0.6337792642140467 0.017108182174083334 0.010154121987380657
2 0.10298838574970638 0.7030652001517083 0.02021401539866895 0.014963969244560877
3 0.9455565705337335 0.23747543357583695 0.01632519900822128 0.010154121987380561
3 0.3256035495236852 0.24290590628555667 0.01632519900822128 0.009895528048822584
3 0.9475531776066815 0.6304692618005033 0.016781939188307417 0.010050684411957389
2 0.2251859585018922 0.7024100955073612 0.019196137283048413 0.013584801572251217
2 0.346587498368785 0.31007137192704204 0.021244943233720382 0.014963969244560877
2 0.34858410544173296 0.7017377512671102 0.020527208665013796 0.014739854497810465
2 0.8431423724389925 0.30477881598455325 0.020970899125668612 0.014222666620694414
2 0.22318935142894428 0.311553977174775 0.020331462873548173 0.014515739751060243
2 0.7207490538953412 0.6991000930938178 0.02029231371525499 0.013912353894424707
2 0.47246509200052195 0.700427541978416 0.02149288790291008 0.014670896114195144
2 0.5968680673365522 0.6997724373340689 0.020631606420461947 0.013843395510809195
2 0.8446430901735612 0.6977898838051235 0.02172778285266874 0.014170947832982875
2 0.10023489494975857 0.3127090301003344 0.020448910348427503 0.014791573285522195
0 0.08306146417852016 0.9228355687342688 0.00893905781025707 0.010809226631727826