3 0.20149399124450654 0.21549260696308725 0.01740758920111448 0.010241719700346057
2 0.22215690660877938 0.2806863464765101 0.02055593281430989 0.014732821675755
2 0.3425886914242156 0.27924116505872487 0.0213965099925902 0.01555577220532721
3 0.3222925733741015 0.214047425545302 0.01720890732261182 0.0101212879155306
2 0.46436539972490043 0.2781171350671141 0.02132009388547374 0.015314908635696345
2 0.7081633478690423 0.27619022651006714 0.021121412006971298 0.014622425873007595
2 0.5863866395683577 0.27747483221476515 0.02072404824996598 0.014281202482697116
3 0.6871336351906109 0.21067533557046983 0.017804952958119583 0.010477565278942932
3 0.4438247501320138 0.2129233955536913 0.01780495295811973 0.010688320902369975
3 0.8084212804057508 0.20971188129194632 0.01727004020830496 0.010121287915530625
2 0.8294509930841822 0.2750661965184564 0.02132009388547374 0.014853253460570481
3 0.20345024358668623 0.5934878355704699 0.01754513819392393 0.010567889117554614
3 0.5653569268899261 0.21163878984899331 0.017606271079617142 0.0109793643823406
2 0.22423542472234528 0.6596450293624162 0.020724048249965907 0.014451814177852308
3 0.9301979887064356 0.2090695784395973 0.017606271079617142 0.01064817697409815
3 0.3240042941735087 0.5928455327181209 0.017331173093998096 0.010316989565855769
2 0.34454494376639533 0.6590027265100672 0.020601782478579706 0.015254692743288653
2 0.8309181823408169 0.6554700608221476 0.0213965099925902 0.014562209980599808
2 0.5873647657394475 0.6570758179530202 0.02052536637146325 0.014562209980599808
2 0.7096305371256773 0.6567546665268457 0.020555932814309744 0.014281202482697116
3 0.8098884696623856 0.5896340184563759 0.017468722086807692 0.0103571334941275
3 0.44553647093142107 0.5922032298657718 0.01774382007242659 0.010241719700346152
3 0.6886008244472457 0.5902763213087249 0.01826344960081804 0.010527745189282693
2 0.4660771205243076 0.6583604236577182 0.021488209321129832 0.015555772205327117
3 0.5673131792321058 0.5912397755872484 0.017468722086807546 0.011109832149224038
3 0.9321542410486152 0.5886705641778524 0.017667403965310132 0.010046018050020962
3 0.20565102747163833 0.972446518456376 0.017667403965310205 0.01004601805002115
3 0.4465145971025109 0.972446518456376 0.017545138193924004 0.01000587412174923
3 0.32571601497291597 0.972446518456376 0.01754513819392397 0.01004601805002115
3 0.5682913054031956 0.972446518456376 0.01780495295811973 0.010161431843802499
3 0.6895789506183355 0.9711619127516778 0.017667403965310132 0.010161431843802499
3 0.8108665958334753 0.9705196098993291 0.01727004020830496 0.009965730193477308
3 0.9321542410486152 0.9692350041946309 0.017010225444109236 0.00947898506318173