1 0.10208922427009165 0.28389261744966443 0.014078629100943698 0.01468120805369125
2 0.22056944775661774 0.6615771812080538 0.021360678635914558 0.01501677852349
3 0.19807174735120772 0.21677852348993287 0.01713197969543147 0.009882550335570457
2 0.3411193063741355 0.6609228187919465 0.021616189145913463 0.015553691275167694
2 0.46265288045514946 0.6602852348993289 0.02148843389091405 0.015083892617449616
3 0.3186216059687256 0.2154865771812081 0.017464143358430155 0.010285234899328847
2 0.5844291895206623 0.6596476510067114 0.021807822028412874 0.0143959731543625
2 0.7057200286171772 0.659010067114094 0.021565087043913897 0.014563758389261732
3 0.8045131673082822 0.21083892617449665 0.017272510475930886 0.009848993288590624
3 0.6827368582427691 0.2111577181208054 0.017068102067931475 0.00996644295302012
3 0.44015518004973936 0.21389261744966448 0.01793683780192825 0.010604026845637595
1 0.10355840970258577 0.6622147651006712 0.01387422069294454 0.014899328859060385
3 0.5614460191462544 0.21291946308724838 0.0174130412564303 0.010973154362416129
2 0.2184870371001261 0.28244966442953023 0.021322352059414705 0.015671140939597306
2 0.827010867713692 0.6577181208053692 0.02178227097741273 0.01501677852349
2 0.3394073859571424 0.2808389261744967 0.021513984941914047 0.015922818791946347
3 0.1996559125132014 0.597013422818792 0.01695312233843213 0.010318791946308655
2 0.7037653732156851 0.27731543624161076 0.021654515722413316 0.01531879194630875
2 0.5824745341191702 0.27859060402684566 0.021271249957414924 0.015369127516778557
3 0.3205762613702177 0.5963758389261745 0.017668551766429313 0.009697986577181154
2 0.46094096003815627 0.27988255033557047 0.021271249957414924 0.014966442953020192
2 0.8250434367866998 0.27667785234899334 0.02079855551391683 0.015134228187919424
3 0.44162436548223355 0.5957382550335572 0.01793683780192825 0.01060402684563769
3 0.6846915136442614 0.5938087248322149 0.017540796511430007 0.009966442953020191
3 0.9257912308792968 0.20971476510067116 0.01741304125643059 0.01043624161073827
3 0.8069532926787722 0.5931711409395973 0.018013490954927956 0.009479865771812115
3 0.5629152045787484 0.5947651006711411 0.018396756719926348 0.010721476510067116
3 0.9277586618062891 0.5921979865771813 0.017668551766429133 0.010050335570469807
3 0.32228818178721086 0.9756543624161075 0.017208632848431177 0.010234899328858849
3 0.5643843900112425 0.97501677852349 0.01760467413892957 0.01
3 0.20186607842469254 0.97501677852349 0.01754079651142986 0.010050335570469996
3 0.4435790208837257 0.9756543624161075 0.017809082546928836 0.01020134228187923
3 0.6856624535822574 0.9745973154362417 0.017745204919429127 0.009932885906040382
0 0.08399908016216401 0.9075671140939598 0.009313358089462744 0.010050335570469996
3 0.8074387626477703 0.9730872483221479 0.017745204919429127 0.00939597315436231
3 0.9282441317752872 0.9724496644295304 0.01668483630293323 0.009815436241610768