3 0.20164889449119344 0.21731543624161076 0.016735938404933082 0.012432885906040287
2 0.22344394099410625 0.28389261744966443 0.023277007460906874 0.017432885906040287
3 0.44406449085272376 0.21389261744966448 0.017745204919428985 0.010604026845637595
2 0.3433166967601268 0.2808389261744967 0.021002963921916095 0.015671140939597306
2 0.4646075358566416 0.2795637583892618 0.021513984941914047 0.015436241610738269
3 0.32278642728170887 0.21516778523489938 0.01713197969543147 0.010654362416107404
3 0.5658407999182368 0.21276845637583894 0.01760467413892957 0.011208053691275192
3 0.6871316390147516 0.21147651006711415 0.017809082546928836 0.011023489932885914
2 0.7081601539876674 0.2776342281879195 0.021194596804415076 0.01479865771812077
3 0.8084224781112663 0.21067114093959732 0.017745204919429127 0.010201342281879184
2 0.8294509930841822 0.2768288590604027 0.0215139849419139 0.015134228187919424
2 0.5863838449221546 0.2792449664429531 0.02060692263141756 0.014513422818791923
3 0.5673099853507308 0.59251677852349 0.017336388103430737 0.01060402684563769
3 0.20369297857118523 0.5947651006711411 0.017068102067931766 0.010771812080536923
3 0.3242428371887031 0.5938087248322149 0.01760467413892957 0.01040268456375846
2 0.5878530303546486 0.6573993288590605 0.02068357578441727 0.014848993288590578
2 0.22436377883010258 0.6596476510067114 0.020721902360917123 0.014614093959731539
3 0.6895845399107418 0.5915604026845639 0.01815402173542737 0.01043624161073827
2 0.3450286171771199 0.659010067114094 0.020530269478418 0.015134228187919424
3 0.44603192177971596 0.5934899328859061 0.017745204919428985 0.009882550335570386
2 0.46631945627363475 0.659010067114094 0.021731168875413022 0.015134228187919424
3 0.9301987871767793 0.2100335570469799 0.017604674138929424 0.010721476510067116
3 0.8108626034817566 0.5906040268456377 0.017668551766429133 0.010285234899328847
2 0.7101148093891596 0.6567617449664431 0.020376963172418584 0.013842281879194616
2 0.8314056484856744 0.6557885906040269 0.021654515722413316 0.0143959731543625
3 0.9321534425782715 0.5899496644295303 0.017809082546928836 0.010050335570469807
3 0.20596702211017617 0.9752852348993288 0.0177068783429292 0.01208053691275192
3 0.3267851667631929 0.9753523489932886 0.018703369331925176 0.01167785234899346
3 0.44720727012571126 0.9754362416107385 0.0184606343474262 0.010604026845637311
3 0.6905554798487378 0.9730872483221479 0.017885735699928542 0.010234899328858849
3 0.5687791707832249 0.9743791946308726 0.017885735699928396 0.00996644295302038
3 0.8113608489762547 0.9730872483221479 0.017208632848431177 0.010167785234899232
3 0.9331371580417676 0.9718120805369129 0.017604674138929424 0.009815436241610768