2 0.5977215189873417 0.30868965517241376 0.02044085552160633 0.014275862068965446
2 0.4734002618943693 0.3098448275862069 0.021449148843299855 0.014672413793103469
2 0.7225403753819293 0.3075344827586207 0.020323003055434323 0.014344827586206843
2 0.34883020515058927 0.31148275862068964 0.021200349192492432 0.014965517241379303
2 0.846861632474902 0.3065344827586207 0.021278917503273768 0.014396551724137983
2 0.22539938891313838 0.31331034482758624 0.020244434744652987 0.014396551724137983
2 0.7245438673068528 0.7015689655172415 0.020519423832387806 0.013689655172413873
2 0.47566564818856394 0.7035344827586207 0.021567001309471857 0.01484482758620686
2 0.5997250109122655 0.7022241379310347 0.020519423832387522 0.013793103448275777
2 0.35109559144478397 0.7042068965517242 0.020676560453950193 0.013913793103448409
2 0.8488651243998254 0.7002413793103449 0.021776516804888898 0.013965517241379264
2 0.2271540811872545 0.7048620689655173 0.020362287210824993 0.013689655172413873
3 0.45235704932343956 0.2435 0.017429070274989023 0.010637931034482809
3 0.5766652116979485 0.24251724137931036 0.017429070274989023 0.010724137931034553
3 0.5791793976429508 0.6355689655172414 0.016839807944129287 0.01068965517241395
3 0.45411174159755574 0.6365517241379312 0.016839807944129287 0.010206896551723995
2 0.10264949803579224 0.31413793103448273 0.020401571366215624 0.015258620689655231
3 0.32753819292885206 0.24465517241379311 0.016905281536446926 0.01048275862068967
3 0.7029899607158447 0.6345689655172415 0.01723264949803597 0.010862068965517249
3 0.3295416848537756 0.6368793103448276 0.017023134002618928 0.010448275862068878
3 0.7009864687909211 0.24118965517241378 0.017023134002619074 0.010517241379310368
3 0.8273112178088171 0.6332586206896552 0.016263640331732825 0.010362068965517134
2 0.10445656918376256 0.7048620689655173 0.02048013967699696 0.015086206896551744
3 0.9499432562199914 0.23931034482758623 0.016132693147097265 0.010120689655172441
3 0.8256350938454824 0.24020689655172414 0.01609340899170674 0.009896551724137908
3 0.20446093408991708 0.24631034482758626 0.016381492797904827 0.010758620689655156
3 0.2062680052378874 0.6374482758620691 0.017023134002618928 0.010810344827586202
3 0.9521300742034047 0.6325862068965518 0.016381492797904972 0.010327586206896626
0 0.08465735486687039 0.924655172413793 0.008773461370580512 0.010862068965517058