3 0.44949758580190524 0.6227976416232803 0.017095132454652297 0.007706099369030757
2 0.09874722693462089 0.3023307933662035 0.02001826960720344 0.014619177326483511
0 0.08175649223541694 0.9187153053132433 0.008873809213101923 0.010240319966900046
3 0.5735743181521596 0.6210909216287969 0.017108182174083334 0.010395476330034757
3 0.3255383009265301 0.6227286832396648 0.016390447605376463 0.009619694514360632
3 0.697964243768759 0.6200910250663724 0.016847187785462747 0.009585215322552687
3 0.20202270651180998 0.6237285798020894 0.016533994519117867 0.010395476330034757
3 0.8213623907085996 0.6191083680998517 0.015777110792117736 0.009188704616763875
3 0.695967636695811 0.22807985380822673 0.016038105180738473 0.009481777747129608
3 0.5710818217408324 0.23006240733717195 0.0168471877854626 0.010895424611247121
3 0.4476836748009917 0.23104506430369273 0.016077254339031725 0.010395476330034757
2 0.2215059376223411 0.30084818811847047 0.020527208665013723 0.014791573285522195
3 0.32380268824220276 0.2325276695514257 0.016533994519117794 0.010050684411957389
2 0.10056113793553438 0.6903768575664585 0.021049197442254974 0.01610178257421644
3 0.8198616729740309 0.2277523014860532 0.016207751533342092 0.009412819363514098
3 0.20065248597155158 0.23402751439506256 0.016716690591152307 0.010274799158707708
2 0.8413415111575101 0.2952280798538082 0.021166644917134304 0.015257042374926802
2 0.34477358736787156 0.29952073923387235 0.02219757275218577 0.015205323587215073
2 0.46866762364609155 0.2983656863083129 0.021284092392013492 0.015498396717580997
2 0.5930575492626908 0.2972106333827535 0.021075296881117048 0.014791573285522195
2 0.7169515855409108 0.2962279764162328 0.021284092392013492 0.014963969244560877
2 0.22325460002609943 0.6903768575664585 0.02091870024794468 0.015084646415888024
3 0.9452433772673886 0.6184360238596007 0.016468745921962537 0.009447298555321854
2 0.7189481926138587 0.6877391993931662 0.02112749575884134 0.014912250456849244
2 0.34627430510244034 0.6897217529221114 0.021401539866892822 0.015670792676619683
2 0.47028578885553957 0.6890666482777643 0.021975727521858293 0.015791469847946635
2 0.8428422288920787 0.6864117505085681 0.021819130888685853 0.015084646415888024
2 0.5945582669972596 0.6883943040375132 0.02164948453608252 0.015498396717580902
3 0.943755709252251 0.22676964451953244 0.016599243116272904 0.009585215322552876