3 0.18261777371786503 0.20525462883150017 0.01658619339684194 0.009895528048822537
3 0.6778154769672451 0.19937592662827983 0.016273000130497133 0.011154018549805194
3 0.4297794597416155 0.2013929593490328 0.016468745921962683 0.01196427955728717
3 0.5539214406890252 0.20003103127262695 0.01653399451911772 0.011585008447402
3 0.18411849145243375 0.5933696514153707 0.016273000130497203 0.011464331276074807
3 0.3071381965287746 0.5930420990931973 0.01560746443951462 0.011205737337516829
3 0.6798120840401931 0.5907319932420784 0.01665144199399705 0.01094714339895885
3 0.9260863891426333 0.19722097714029582 0.017434425159858966 0.011154018549805194
3 0.4318543651311496 0.5920422025307726 0.016716690591152234 0.011550529255594386
3 0.8027012919222236 0.5900596490018273 0.016273000130497133 0.009998965624245756
3 0.5554221584235939 0.5913870978864255 0.017643220670755553 0.01110229976209375
3 0.9280960459350124 0.5890769920353066 0.016273000130497133 0.01094714339895885
2 0.3266214276393058 0.27064441609488676 0.020566357823306763 0.015377719546253853
2 0.8226804123711339 0.26536909974830186 0.020762103614772313 0.014963969244560877
2 0.20348427508808561 0.27147191669827253 0.020409761190134393 0.015498396717580997
2 0.574905389534125 0.26735165327724714 0.020709904737048167 0.014395062579733192
2 0.6992953151507242 0.2665241526738613 0.021975727521858293 0.014912250456849244
2 0.45101135325590497 0.26981691549150083 0.020996998564530973 0.01456745853877178
2 0.20548088216103352 0.661345378064338 0.020331462873548173 0.015136365203599657
2 0.32837009004306406 0.6606730338240872 0.021401539866892822 0.015498396717580902
2 0.7012919222236721 0.6587077198910456 0.02172778285266874 0.015257042374926802
2 0.08114315542215843 0.27328207426817913 0.019796424376875885 0.015257042374926802
2 0.452264126321284 0.66001792917974 0.020892600809082534 0.015084646415888024
2 0.5769019966070729 0.6596903768575665 0.021401539866892822 0.015205323587215169
3 0.1863630431945713 0.9820708202599728 0.01731697768497978 0.010360997138227001
2 0.8246770194440819 0.6580353756507946 0.021244943233720524 0.015205323587215169
3 0.6808038627169515 0.9815191531910492 0.017917264778807177 0.010602351480881293
3 0.43377267388751134 0.9827431645002239 0.017643220670755553 0.010602351480881293
3 0.5574187654965418 0.9820708202599728 0.017838966462220957 0.010326517946419245
3 0.8046978989951715 0.9807606109712788 0.016912436382617784 0.0100506844119572
3 0.3091348036017225 0.9820708202599728 0.016651441993997124 0.009930007240630244
3 0.9285136369568053 0.9787780574423336 0.016716690591152092 0.010154121987380848
2 0.08127365261646874 0.6620004827086853 0.02017486624037584 0.013912353894424707
3 0.3058723737439645 0.20304796055580454 0.016951585540910894 0.010395476330034757
3 0.8015137674539997 0.19891045753887526 0.017016834138066077 0.008861152294590195