2 0.46115292684762965 0.3112056408898305 0.020656905690763984 0.014041189420021189
2 0.5834269874386991 0.3102323887711864 0.020023921286188975 0.013939808990995744
3 0.44015637098855714 0.24534891419491525 0.01718321078760868 0.010715911347987325
2 0.7069361395508905 0.30909692796610166 0.020224623658371313 0.013726910090042376
3 0.44163848081390344 0.6305945444915253 0.016658296891131876 0.010345872782044505
3 0.8082136442828873 0.2425913665254237 0.015546714522121982 0.009991041280455496
3 0.31911740191860966 0.6309189618644068 0.01685899926331414 0.010421908103813469
3 0.6851985287791448 0.24291578389830504 0.016596542315075593 0.010188733117055052
3 0.1958552681106427 0.2477820444915254 0.01659654231507574 0.010797015691207624
3 0.5651476329260948 0.629296875 0.01659654231507574 0.01091867220603812
3 0.5626774498838509 0.2442134533898305 0.017383913159790876 0.010715911347987325
3 0.9307347231781811 0.24210474046610167 0.015901803334444593 0.009991041280455496
3 0.6876687118213887 0.6286480402542373 0.016858999263314068 0.010837567862817726
3 0.19758439624021337 0.6315677966101695 0.01659654231507574 0.010462460275423762
3 0.9322168330035275 0.6263771186440678 0.0165347877390196 0.010224216267214009
2 0.09760373760539447 0.697748940677966 0.020147430438301212 0.014771128509004257
3 0.8096957541082336 0.6276747881355932 0.01647303316296361 0.010305320610434402
2 0.2183339337950615 0.697748940677966 0.01968427111788051 0.013889118776482974
2 0.3386318479523359 0.31298993644067796 0.02030181687844152 0.014487263307733068
2 0.3403609760819065 0.697748940677966 0.02057971247069392 0.01410201767743653
2 0.8289631818377354 0.30844809322033895 0.020487080606609788 0.013939808990995744
3 0.31763529209326336 0.2463221663135593 0.016025312486556795 0.010031593452065692
2 0.2168518239697152 0.31428760593220334 0.02025550094639938 0.01415270789194911
2 0.5854031338724942 0.6964512711864407 0.020101114506259184 0.013463320974576238
2 0.7084182493762368 0.6951536016949152 0.02033269416646937 0.013564701403601779
2 0.46288205497720036 0.6964512711864407 0.02116638094322672 0.014426435050317725
2 0.8304452916630817 0.6938559322033898 0.021166380943226867 0.013990499205508513
2 0.09525706371526284 0.3150986493644068 0.020101114506259146 0.014771128509004257