2 0.21021008009265296 0.2832277048925973 0.021168836862194968 0.015673890416508605
3 0.31574203967114706 0.9939973882012205 0.01812464572050764 0.010203496425746772
3 0.18885390839096958 0.21541750530117573 0.017781198514778808 0.010682993731251905
3 0.1931001647527078 0.9939973882012205 0.01818709066700378 0.010322081780871935
3 0.4361358965157249 0.2129426804985691 0.017703142331658563 0.010858293821436603
3 0.3124949024533472 0.21409759873978548 0.017500196255546115 0.010239587620784875
3 0.4391332539475401 0.9939973882012205 0.01812464572050764 0.010203496425746772
2 0.457367178324416 0.28058789176981686 0.021449839121427592 0.015498590326324002
2 0.33322662469006914 0.2817428100110333 0.021449839121427592 0.015921372896769315
3 0.5605262299360563 0.21162277393717888 0.01778119851477874 0.0113738823219796
3 0.5640231469398407 0.9939973882012205 0.018405647979740265 0.010641746651208374
3 0.687913920788203 0.9926774816398302 0.018405647979740265 0.010817046741393168
3 0.6849165633563878 0.21030286737578868 0.01818709066700378 0.01089954090148004
2 0.7063976249510635 0.2786080319277316 0.021122003152322866 0.015086119525889547
3 0.8113051350645961 0.99135757507844 0.017921699644395193 0.010523161296083591
3 0.80880733720475 0.20914794913457224 0.017578252438666432 0.010724240811295388
2 0.582007291530732 0.2799279384891218 0.02096589078608252 0.01484894881563979
2 0.8302883987994257 0.2777830903268627 0.02219917847938154 0.015673890416508605
3 0.5625244682239331 0.6026450927490259 0.01784364346127502 0.01098203506156691
3 0.19085214667884637 0.6049549292314588 0.017437751309049974 0.010523161296083591
2 0.5835059702466396 0.669300374099231 0.021122003152322866 0.01496237828575924
3 0.6864152420722954 0.6016551628279833 0.01804658953738747 0.010858293821436603
3 0.4383839145895863 0.6036350226700685 0.01812464572050764 0.010239587620784875
2 0.21208342848753747 0.6719401872220114 0.020965890786082447 0.014673648725455188
2 0.3354746427639306 0.6712802339413163 0.02096589078608252 0.015137678375943842
3 0.9331976706250814 0.20865298417405095 0.017921699644395193 0.011105776301697219
2 0.7078963036669711 0.6686404208185359 0.020762944709970067 0.01445710155522696
2 0.4591156368263082 0.6706202806606213 0.022027454876517017 0.015374849086193599
3 0.8103060159206575 0.6006652329069406 0.01770314233165871 0.010858293821436603
2 0.8317870775153334 0.6679804675378409 0.021699618907412146 0.014673648725455188
3 0.9351959089129582 0.9906976217977449 0.01743775130905012 0.009698219695214873
3 0.9351959089129582 0.6000052796262455 0.01784364346127502 0.01044066713599672
3 0.3139935811692548 0.6046249525911112 0.017843643461274948 0.010007572795540452
0 0.0682727167069033 0.9266821535703201 0.009155990279998047 0.010817046741393168