0 0.06339153208206023 0.9060862068965517 0.009297250109122645 0.010758620689655345
2 0.08131820165866434 0.34077586206896554 0.019406372762985583 0.015379310344827578
2 0.2058227848101266 0.7305172413793104 0.020702749890877375 0.014965517241379303
2 0.08332169358358796 0.7305172413793104 0.02051942383238759 0.015379310344827483
2 0.32963334788302057 0.7298620689655173 0.02104321257092976 0.015258620689655231
2 0.3278786556089044 0.3381379310344828 0.021684853775643716 0.015500000000000019
3 0.9301702313400263 0.26570689655172414 0.016708860759493727 0.010327586206896531
2 0.2040680925360105 0.33946551724137936 0.0209122653862942 0.01501724137931035
2 0.5787734613705806 0.7285344827586208 0.0212396333478831 0.014465517241379379
2 0.4524487123526844 0.33715517241379317 0.02078131820165864 0.01555172413793097
2 0.576769969445657 0.33648275862068966 0.020702749890877305 0.014741379310344863
2 0.703592317765168 0.7278793103448277 0.021278917503273768 0.014120689655172592
3 0.8053513749454387 0.2665344827586207 0.015896988214753542 0.009896551724137908
2 0.45395460497599305 0.7292068965517241 0.021396769969445627 0.015431034482758718
2 0.7015888258402445 0.334844827586207 0.02088607594936709 0.014913793103448257
2 0.8279135748581405 0.7265689655172415 0.021567001309472002 0.014344827586206936
3 0.3085901353120908 0.6632068965517242 0.016591008293321725 0.010327586206896626
3 0.5577171540811874 0.6618793103448276 0.017167175905718045 0.010603448275862017
2 0.8259100829332171 0.3338448275862069 0.02144914884330014 0.01501724137931035
3 0.30683544303797466 0.2708103448275862 0.016591008293321653 0.010396551724137927
3 0.6805325185508512 0.2675172413793103 0.016656481885639503 0.01048275862068967
3 0.18301178524661718 0.27246551724137935 0.016905281536446996 0.01098275862068969
3 0.4328982976865997 0.6625344827586207 0.017167175905718045 0.010327586206896626
3 0.4314054997817547 0.27015517241379317 0.01710170231340012 0.010517241379310368
3 0.18438673068529027 0.6632068965517242 0.017023134002618928 0.010603448275862017
3 0.6820384111741599 0.6605689655172414 0.01723264949803597 0.010603448275862017
3 0.5557136621562636 0.2688448275862069 0.017167175905718045 0.010517241379310368
3 0.9316761239633348 0.659241379310345 0.01697075512876485 0.010327586206896626
3 0.8068572675687472 0.659896551724138 0.016774334351811363 0.010396551724137832
0 0.07391968572675688 0.6100689655172414 0.005905718027062412 0.014224137931034496