3 0.17854717064349668 0.18651567944250874 0.01681735985533453 0.01
3 0.6806465840426941 0.1805749128919861 0.01649980152604436 0.011271777003484307
3 0.4291536188417942 0.18261324041811847 0.016698275481850707 0.012090592334494754
3 0.555025801614255 0.18123693379790942 0.016764433467119488 0.011707317073170742
3 0.18006880430467959 0.5787282229965157 0.016499801526044217 0.01158536585365842
3 0.3048030697305165 0.578397212543554 0.01582499007630229 0.01132404181184673
3 0.6826710183919201 0.5760627177700349 0.016883517840603383 0.011062717770034852
3 0.9323777179905615 0.17839721254355403 0.017677413663829057 0.011271777003484307
3 0.4312574427733428 0.5773867595818816 0.016949675825872167 0.01167247386759584
3 0.8072729678472192 0.575383275261324 0.01649980152604436 0.010104529616724752
3 0.5565474352754378 0.5767247386759582 0.017889119216689363 0.011219512195121979
3 0.9344153839368413 0.574390243902439 0.01649980152604436 0.011062717770034852
2 0.32455784413178673 0.25259581881533105 0.020852996956732626 0.015540069686411187
2 0.8275305429365324 0.24726480836236936 0.021051470912539116 0.015121951219512179
2 0.19970449433246593 0.25343205574912897 0.020694217792087504 0.015662020905923366
2 0.576302209676708 0.24926829268292688 0.020998544524324148 0.014547038327526138
2 0.7024257927931902 0.2484320557491289 0.02228200943853907 0.015069686411149802
2 0.45068142724826893 0.25175958188153313 0.021289639659506907 0.014721254355400693
2 0.2017289286816919 0.6474216027874565 0.02061482820976491 0.015296167247386734
2 0.32633087813699113 0.6467421602787458 0.021699819168173557 0.015662020905923366
2 0.7044502271424161 0.6447560975609756 0.0220306090945179 0.015418118466899007
2 0.0756582719534248 0.2552613240418119 0.020072332730560565 0.015418118466899007
2 0.4519516605654303 0.6460801393728224 0.021183786883076827 0.015243902439024359
2 0.5783266440259339 0.6457491289198607 0.021699819168173557 0.015365853658536632
3 0.18234463899792708 0.9715331010452962 0.017558329290345308 0.010470383275261383
2 0.8295549772857584 0.6440766550522649 0.021541040003528366 0.015365853658536632
3 0.6836766197680061 0.9709756097560976 0.018166982754818595 0.010714285714285931
3 0.4332024875402461 0.9722125435540069 0.017889119216689363 0.010714285714285931
3 0.5585718696246637 0.9715331010452962 0.018087593172495853 0.01043554006968634
3 0.8092974021964452 0.9702090592334495 0.0171481497816788 0.010156794425087127
3 0.3068275040797424 0.9715331010452962 0.016883517840603383 0.010034843205575043
3 0.9348387950425616 0.968205574912892 0.01694967582587202 0.010261324041811879
2 0.07579058792396244 0.6480836236933798 0.020456049045119752 0.014059233449477423
3 0.3035196048163013 0.1842857142857143 0.017187844572839953 0.01050522648083619
3 0.8060688925153268 0.18010452961672474 0.017254002558108737 0.008954703832752577