3 0.5643788007188363 0.9750157298657719 0.017606271079617142 0.010201575772074421
3 0.9282417363642559 0.971804215604027 0.01675041067991351 0.009890460327967882
3 0.19807054964569212 0.21677721266778524 0.01760627107961707 0.010316989565855698
3 0.6856664459339761 0.9743734270134229 0.017606271079617142 0.01004601805002115
3 0.4433356870464689 0.9756580327181209 0.01780495295811973 0.010161431843802499
3 0.3222925733741015 0.9750157298657719 0.01727004020830496 0.010201575772074421
3 0.20198305433005148 0.9743734270134229 0.017331173093998023 0.010316989565855769
3 0.807443154234661 0.973088821308725 0.017942501950929324 0.009549236937657118
1 0.10190852045042245 0.284540163590604 0.013762540891662497 0.014512030070260095
2 0.22056745158075838 0.6615719379194632 0.02119782811408754 0.014853253460570386
2 0.34112150216758086 0.6602873322147652 0.02132009388547374 0.015314908635696345
2 0.46265367892549314 0.6602873322147652 0.020953296571315064 0.015023865155725768
3 0.31886913177528703 0.21581375838926178 0.017468722086807546 0.010527745189282716
2 0.5844303872261779 0.6596450293624162 0.021778590528172197 0.014341418375104808
2 0.7062070955268627 0.6583604236577182 0.021442359656860015 0.014732821675755
3 0.8045087757213913 0.21099648699664433 0.017208907322611967 0.010005874121749159
3 0.44015677699042693 0.214047425545302 0.01794250195092918 0.010899076525796995
3 0.5614444222055668 0.2129233955536913 0.017132491215495364 0.011069688220952188
1 0.10300891239289853 0.6622142407718121 0.014526701962826422 0.01508408104813346
2 0.8270056776564576 0.6577181208053692 0.022023122070944746 0.015134260958473079
2 0.21848893346719248 0.2830949821728188 0.02099914623558495 0.015314908635696345
3 0.6832211305062516 0.2119599412751678 0.017407589201114407 0.009775046534186226
2 0.3396543129109461 0.28148922504194634 0.021442359656860015 0.01591706755977346
3 0.19978227044509933 0.5963781984060403 0.01740758920111448 0.010768608758913653
2 0.703761780099138 0.27795655935402686 0.021518775763976473 0.015134260958473172
2 0.5819850717984534 0.2794017407718121 0.02124367777835743 0.015194476850880866
2 0.8250494253142779 0.2773142565016779 0.020678198585696018 0.015084081048133366
3 0.3205808525746942 0.5957358955536913 0.017270040208304922 0.009815190462458077
3 0.4418684977898341 0.5950935927013423 0.018400998593627635 0.010858932597525192
3 0.6846883197628864 0.5934878355704699 0.017942501950929324 0.01000587412174923
2 0.46094195812608596 0.28084692218959734 0.02099914623558488 0.014682641765415288
3 0.5629116114622015 0.5944512898489933 0.018462131479320628 0.01068832090237
3 0.806465028063571 0.5928455327181209 0.01808005094373877 0.00969977666867654
3 0.9257964209365313 0.21019360843120807 0.01774382007242659 0.010567889117554519
3 0.9282417363642559 0.5918820784395974 0.01774382007242659 0.010161431843802499