2 0.06858505668915309 0.7169682017543859 0.02112602378606733 0.015058550918311464
3 0.8065576576275714 0.6437637061403508 0.01698711292329025 0.010220925849780732
3 0.9333777217472615 0.6434279057017543 0.01658760415275168 0.010105494449013198
3 0.6797375935078813 0.6451069078947368 0.017578385903686808 0.011007958127741139
3 0.29851034430937745 0.6477933114035088 0.017370641343006955 0.01074561403508767
3 0.5529175293881913 0.6461143092105263 0.017306719939720813 0.010913514254385935
2 0.4470636855463532 0.714953399122807 0.02208484483535929 0.014932625753837669
3 0.17232949422254876 0.6481291118421052 0.01764230730697302 0.010624935752467195
2 0.32049930703980767 0.715625 0.021669355713999444 0.014827688116776396
3 0.4253304084290676 0.6467859100877192 0.017450543097114666 0.011091908237390272
2 0.19355140011354527 0.7169682017543859 0.020534750805670608 0.014313493695175528
2 0.7012151850120224 0.713610197368421 0.02109406308442417 0.014156087239583334
2 0.5738837496660433 0.714953399122807 0.02109406308442431 0.014040655838815799
2 0.8280352491317126 0.7122669956140351 0.022372491150147 0.014712256716008862
3 0.677692108602725 0.2468475877192982 0.017242798536434813 0.010913514254385935
2 0.06634780757413838 0.32173108552631574 0.020886318523744316 0.015289413719846531
3 0.8045121727224152 0.24651178728070172 0.016523682749465685 0.010142222621984635
3 0.5503606732567459 0.24835868969298242 0.017913973270939087 0.011091908237390365
3 0.9313322368421053 0.2456722861842105 0.01658760415275168 0.0101841976768092
3 0.29697623063051026 0.25054139254385965 0.01677936836261018 0.010546232524671097
2 0.3181981365215068 0.3190446820175438 0.021205925540175023 0.015058550918311368
2 0.44527388625434144 0.3173656798245614 0.021253866592639593 0.014649294133771964
2 0.19214512924125032 0.3207236842105263 0.021094063084424238 0.014428925095942968
2 0.572349635987176 0.3163582785087719 0.02064661326142132 0.014261024876644702
2 0.6996810713331552 0.3148471765350877 0.020966220277851885 0.013988187020285068
3 0.4235406091370558 0.2497018914473684 0.017913973270939087 0.010871539199561369
3 0.17028400931739246 0.2522203947368421 0.017306719939720813 0.011217833401864065
2 0.8270125066791343 0.3141755756578947 0.021493571854962732 0.014313493695175433
0 0.048641578863879244 0.9406112938596491 0.009340515055186339 0.010955489309210406