3 0.30161838971463856 0.9870699041811848 0.01872548794959862 0.010795779344512084
2 0.44521739789617615 0.26612859320557497 0.022381944176443316 0.01608946265243901
3 0.17296178273717638 0.20110382186411152 0.018234794689719086 0.010712414253048762
3 0.42369020972081334 0.19826940875435542 0.01844056928257185 0.01109797780106708
2 0.3193466623296432 0.2672957044860627 0.021907079731398594 0.01621451028963416
2 0.19436234039386055 0.2687962761324042 0.0216696475088762 0.015901891196646336
3 0.17701395933489175 0.9870699041811848 0.018662172690259354 0.010795779344512084
3 0.42672934216909986 0.987736824912892 0.01844056928257185 0.010431057069359895
3 0.29807273519163763 0.19960325021777006 0.017949876022692168 0.010712414253048762
3 0.5498142063247033 0.19693556729094078 0.018171479430379747 0.011358493711890247
3 0.6789773353768801 0.9864029834494774 0.01891543372761664 0.010712414253048716
3 0.5533598608477044 0.9870699041811848 0.018867947283112117 0.010712414253048716
3 0.6759382029285935 0.1959351861933798 0.01851971335674586 0.011275128620426832
2 0.6977186521413135 0.26412783101045295 0.021701305138545835 0.015120343464176832
3 0.8040882878313413 0.9857360627177701 0.01829810994905828 0.010149699885670695
3 0.8010491553830548 0.194768074912892 0.018029020096866324 0.010509211842606732
2 0.5715946555374234 0.26546167247386765 0.021796278027554735 0.01506824028201218
2 0.8228296045957748 0.26346091027874563 0.02220782721326026 0.015537168921493863
3 0.29984556245313815 0.5929197517421603 0.018171479430379747 0.010550894388338368
3 0.5518402946235611 0.5915859102787456 0.01829810994905828 0.011097977801067032
3 0.17498787103603408 0.5939201328397213 0.01837725402323251 0.010879144435975641
2 0.5726076996868522 0.6586114438153311 0.021954566175903047 0.015297494283536632
2 0.44699022515767656 0.6599452852787456 0.022635205213800528 0.015964415015243958
3 0.425716298019671 0.5925862913763066 0.01866217269025928 0.010389374523628021
3 0.6774577691527368 0.5905855291811848 0.018867947283111974 0.010931247618140294
2 0.32111948959114367 0.6602787456445993 0.021463872916023436 0.015422541920731685
2 0.6992382183654567 0.6579445230836237 0.02133724239734483 0.014661835461128021
2 0.19638842869271822 0.6609456663763066 0.021748791583050354 0.015005716463414653
3 0.9271731519869448 0.19426788436411152 0.01809233535620559 0.01109797780106708
3 0.8030752436819125 0.5895851480836237 0.018234794689719013 0.010592576934070053
3 0.929705762360517 0.9844022212543554 0.01809233535620559 0.01011322765815559
2 0.8248556928946325 0.6569441419860628 0.022255313657764637 0.015245391101371979
3 0.929705762360517 0.5889182273519165 0.01829810994905828 0.010431057069359706
0 0.050510071174965816 0.9183770688153311 0.009536860937982403 0.011358493711890105