0 0.08375634517766499 0.9069295302013423 0.008891765747964428 0.010520134228188075
1 0.9262894763737948 0.20585570469798659 0.010220420399959003 0.010117449664429519
1 0.9292150717132832 0.9677684563758391 0.010309849078458708 0.009110738255033841
3 0.4455336762852179 0.5899496644295303 0.017272510475930886 0.01023489932885904
2 0.10283020474908869 0.27859060402684566 0.020095901611419612 0.01578859060402692
2 0.4665621912581338 0.6554697986577183 0.021117943651415512 0.015134228187919424
2 0.5878530303546486 0.6541778523489934 0.021002963921916095 0.014848993288590578
2 0.3452841276871189 0.6561073825503356 0.02060692263141756 0.01479865771812096
3 0.2019810581541921 0.21196308724832216 0.016876469185432497 0.01043624161073827
3 0.6900700098797397 0.9692281879194631 0.016748713930432937 0.01020134228187923
2 0.7096293394201616 0.6538590604026846 0.020721902360917123 0.0143959731543625
3 0.3242428371887031 0.5906040268456377 0.016748713930433045 0.01020134228187923
3 0.44700286171771203 0.9705201342281878 0.016748713930433083 0.010050335570469996
3 0.5673099853507308 0.5893120805369129 0.01713197969543147 0.010570469798657693
3 0.8108626034817566 0.9685906040268457 0.016748713930432937 0.010083892617449616
3 0.3262102681156952 0.9698825503355706 0.01681259155793279 0.010352348993288843
3 0.20382073382618474 0.5912416107382551 0.017413041256430374 0.010285234899328847
3 0.3225309167717099 0.21035234899328864 0.016608183149933595 0.01040268456375839
2 0.22423602357510308 0.6564261744966444 0.019712635846421148 0.014513422818791923
3 0.5687791707832249 0.9698825503355706 0.016608183149933523 0.01
3 0.20589036895717647 0.9705201342281878 0.0166848363029333 0.01020134228187923
3 0.6886008244472457 0.588020134228188 0.017540796511429715 0.01020134228187923
2 0.8309201785166764 0.6525838926174498 0.02083688209041654 0.014513422818791923
3 0.5653553299492385 0.20761744966442955 0.017272510475930886 0.010771812080536876
3 0.4438217558682247 0.20922818791946313 0.017068102067931766 0.010352348993288558
3 0.8079370081422683 0.2057046979865772 0.016557081047933814 0.009966442953020144
3 0.6866461690457535 0.2066610738255034 0.01695312233843206 0.01023489932885904
3 0.8098916635437606 0.5870637583892618 0.016608183149933523 0.009697986577181154
2 0.5863838449221546 0.27298657718120806 0.02060692263141756 0.014563758389261732
2 0.10447824753858209 0.6570805369127517 0.020402514223418402 0.015436241610738269
2 0.7081601539876674 0.2723322147651007 0.020325861070418876 0.014614093959731539
2 0.3433166967601268 0.2757046979865772 0.02017255476441932 0.01520134228187923
1 0.9282441317752872 0.5864261744966444 0.010348175654958417 0.009848993288590577
2 0.46485027084114067 0.2744295302013423 0.02060692263141756 0.01520134228187923
2 0.8294509930841822 0.272013422818792 0.02079855551391683 0.015083892617449711
2 0.22276683814260895 0.2774832214765101 0.02068357578441727 0.01468120805369125
0 0.09023353660613907 0.9576677852348994 0.006732701938473093 0.021258389261745