3 0.3249382774989088 0.9764547413793104 0.018469115731394613 0.0107666015625
2 0.21891709406372764 0.26429148706896555 0.020912866413411172 0.015376439587823256
3 0.5738248854212135 0.9757947198275863 0.018500445868343537 0.01085941709321105
3 0.1978632420340463 0.1971342941810345 0.01818714449885421 0.010983171134159496
3 0.20212414065910086 0.9757947198275863 0.018500445868343537 0.010818165746228488
3 0.449005619816674 0.9764547413793104 0.018390790389022225 0.010725350215517059
3 0.6986441510257531 0.9751346982758622 0.01839079038902237 0.010818165746228488
2 0.22104754337625493 0.654364224137931 0.0210695170981558 0.014963926117995735
2 0.4688062663683981 0.6530441810344828 0.022025086275098176 0.015675511853448256
3 0.8224608522479268 0.974474676724138 0.018046158882584044 0.01052424989897645
2 0.3424831541903099 0.2623114224137931 0.021649124631711068 0.016170528017241375
3 0.32167994325622007 0.19548424030172415 0.017905173266313808 0.0107666015625
2 0.7186954386730686 0.6517241379310345 0.02139848353611952 0.013798575565732753
2 0.34423764185945005 0.653704202586207 0.02111651230357919 0.015262998383620736
2 0.467051778699258 0.261651400862069 0.021570799289338683 0.015861142914870736
3 0.4457472855739852 0.1943292025862069 0.018187144498854283 0.01081816574622844
3 0.6951351756874727 0.19201912715517244 0.018249804772752135 0.011106925175107751
2 0.5933748908773462 0.6517241379310345 0.021602129426287607 0.015314562567349223
3 0.5708171922741161 0.1933391702586207 0.017701527376145717 0.011550377155172431
2 0.716690309908337 0.25950633081896557 0.021602129426287607 0.014912361934267248
3 0.8194531591008294 0.1910290948275862 0.017701527376145717 0.0107666015625
2 0.5918710443037976 0.2604963631465517 0.020709220523243154 0.01485048491379312
3 0.19949240915539068 0.586712015086207 0.017560541759875627 0.011282243399784496
2 0.8410082933216937 0.2585162984913793 0.021805775316455698 0.015139244342672385
2 0.8430134220864253 0.6500740840517242 0.021931095864251397 0.014510161301185273
3 0.3231837898297687 0.5860519935344828 0.017842512992415956 0.010859417093211239
3 0.9442724247053689 0.19036907327586208 0.018249804772752135 0.011065673828125
3 0.44800305543430824 0.5857219827586208 0.018187144498854283 0.010204551959859979
3 0.6971403044522043 0.5837419181034483 0.018249804772752135 0.010983171134159496
3 0.5723210388476648 0.5847319504310345 0.017983498608686192 0.010983171134159496
3 0.9467788356612833 0.9731546336206898 0.018046158882584044 0.010085954337284497
3 0.821458287865561 0.5827518857758621 0.01776418765004357 0.01056034482758624
3 0.9462775534701006 0.582091864224138 0.018046158882584044 0.010364400929418024