3 0.17686959319367984 0.1972887323943662 0.017038142560949442 0.010105633802816906
3 0.6855606992207048 0.19128521126760561 0.016716415242725362 0.01139084507042251
3 0.4307660684921712 0.19334507042253518 0.016917494816615468 0.012218309859154933
3 0.5582907342532352 0.19195422535211268 0.016984521341245406 0.01183098591549296
3 0.17841120326017015 0.5936443661971831 0.016716415242725435 0.01170774647887318
3 0.3047830127975978 0.5933098591549295 0.016032744691499286 0.011443661971831033
3 0.6876117108743834 0.5909507042253521 0.01710516908557938 0.011179577464788698
3 0.9405966254379066 0.18908450704225352 0.017909487381139507 0.01139084507042251
3 0.4328975119754057 0.5922887323943662 0.017172195610209464 0.011795774647887357
3 0.8138494673625509 0.5902640845070422 0.016716415242725362 0.010211267605633718
3 0.5598323443197254 0.5916197183098592 0.018123972259955656 0.011338028169014176
3 0.942661042396511 0.5892605633802817 0.016716415242725362 0.011179577464788698
2 0.3247971330521198 0.26406690140845074 0.02112676056338023 0.01570422535211274
2 0.8343729892042611 0.25867957746478876 0.02132784013727055 0.015281690140845114
2 0.19830467577035818 0.26491197183098586 0.020965896904268262 0.015827464788732374
2 0.5798464645742475 0.2607042253521127 0.021274218917566368 0.014700704225352107
2 0.7076258311289054 0.25985915492957745 0.02257453349538859 0.01522887323943659
2 0.45257649960677776 0.26322183098591545 0.021569135625938356 0.014876760563380269
2 0.2003556874240366 0.6630633802816901 0.020885465074712208 0.01545774647887318
2 0.3265934439122042 0.6623767605633802 0.021984700078644465 0.015827464788732374
2 0.7096768427825837 0.6603697183098591 0.022319832701794735 0.015580985915492913
2 0.07262994208908272 0.2667605633802817 0.02033584757274611 0.015580985915493006
2 0.4538634088796739 0.6617077464788733 0.021461893186530284 0.01540492957746475
2 0.5818974762279259 0.6613732394366197 0.021984700078644465 0.015528169014084672
3 0.1807169157074426 0.9905985915492956 0.017788839636805606 0.010580985915493103
2 0.8364240008579394 0.6596830985915493 0.021823836419532353 0.015528169014084672
3 0.6886305140487595 0.9900352112676055 0.01840548366340189 0.010827464788732566
3 0.43486809179952807 0.9912852112676056 0.018123972259955656 0.010827464788732566
3 0.5618833559734038 0.9905985915492956 0.018325051833845616 0.010545774647887356
3 0.8159004790162292 0.9892605633802816 0.01737327518409971 0.010264084507042148
3 0.30683402445127617 0.9905985915492956 0.017105169085579453 0.010140845070422604
3 0.943090012154143 0.9872359154929576 0.017172195610209464 0.010369718309859385
2 0.07276399513834274 0.6637323943661971 0.020724601415600202 0.01420774647887337
3 0.30348269821977547 0.19503521126760562 0.01741349109887756 0.010616197183098563
3 0.8126295846142847 0.19080985915492954 0.017480517623507497 0.009049295774647845
0 0.05630228068921141 0.9286971830985916 0.011166619003360282 0.014665492957746362