2 0.717128569577051 0.27830698058873715 0.021753059420497198 0.01504547848229521
3 0.20324161203395685 0.21690019731228669 0.01779936722361427 0.010615534343003408
2 0.5935873169309197 0.27961350789249145 0.021179386435067248 0.01493319879212881
2 0.839677523005141 0.2776537169368601 0.022094162276698914 0.015157758172461608
0 0.08317340665096987 0.9189953071672353 0.009132253741035549 0.010707399544048712
3 0.325914602864302 0.21510372226962454 0.017861385924741863 0.010574705364761124
2 0.4697979894802782 0.28059340337030714 0.021753059420497198 0.015759985601535884
3 0.4487116310969023 0.2137971949658703 0.01820248878094358 0.010952373413502603
3 0.6957941363891649 0.2115107721843003 0.017861385924742006 0.010993202391744887
2 0.34650481163865726 0.28140998293515357 0.021551498641832652 0.016066202938353247
2 0.22407989561282238 0.28336977389078494 0.020977825656402556 0.015106721949658682
3 0.2047300608610187 0.600529276877133 0.018000928002278888 0.01078905750053328
3 0.8188392394262755 0.2106941926194539 0.01738074099100312 0.010217451805140788
3 0.5722528837430336 0.21281729948805458 0.018311021507916775 0.011299419728562252
2 0.7186170184041127 0.6638958511092149 0.02054369474850963 0.01442283656409984
2 0.3482413352702294 0.6661822738907849 0.021303423837322286 0.015157758172461512
3 0.32740305169136386 0.599876013225256 0.017861385924741863 0.01053387638651884
2 0.8416621214412234 0.6629159556313993 0.02162902201824216 0.014647395944432635
3 0.9423804920724067 0.21020424488054607 0.01814047007981606 0.010993202391744887
2 0.5945796161489609 0.6645491147610921 0.021024339682248233 0.015341488574552122
3 0.5742374821791161 0.5985694859215016 0.017721843847204835 0.010911544435260226
2 0.22618853145115994 0.6668355375426621 0.021024339682248233 0.014871955324765432
3 0.6977787348252472 0.597589590443686 0.018528086961863307 0.010748228522290902
3 0.45069622953298477 0.5995493813993173 0.018342030858480605 0.010176622826898551
3 0.8203276882533374 0.5966096949658702 0.017721843847204835 0.010334835117587508
2 0.4715345131118503 0.6655290102389078 0.022218199678954095 0.015759985601535884
3 0.9443650905084892 0.5959564313139931 0.01806294670340655 0.010375664095829696
3 0.2070867715038666 0.9869347269624573 0.01779936722361427 0.010176622826898362
3 0.3288915005184257 0.9862814633105802 0.01820248878094358 0.010375664095829885
3 0.6987710340432886 0.9856281996587029 0.018342030858480605 0.010334835117587317
3 0.451688528751026 0.9869347269624573 0.01792340462586938 0.010258280783383119
3 0.5752297813971573 0.9862814633105802 0.018311021507916775 0.01053387638651884
3 0.8213199874713785 0.9849749360068258 0.01765982514607717 0.010059239514451973
3 0.9443650905084892 0.9843216723549487 0.01752028306854029 0.009941856202005207