3 0.930027379358016 0.9774957337883957 0.01672954462916366 0.01021745180514093
3 0.43834311681859417 0.9807620520477814 0.018311021507916775 0.010416493074072074
3 0.18927601309024925 0.2105642064846416 0.017318722289875597 0.010217451805140788
3 0.5608920702466842 0.9801087883959044 0.01792340462586938 0.010375664095829885
3 0.31529801378148353 0.9807620520477814 0.01779936722361427 0.010493047408276274
3 0.807478425929926 0.9788022610921502 0.017799367223614342 0.009712193199392231
3 0.19336924736466926 0.9807620520477814 0.017582301769667807 0.010375664095829885
3 0.6844333228928154 0.9794555247440273 0.017582301769667665 0.010656363321245787
2 0.21222293250745233 0.6613161262798634 0.021504984615986975 0.015045478482295304
1 0.09153454011318961 0.2789935740187713 0.014566642427339387 0.014871955324765339
2 0.3346478485332873 0.6606628626279862 0.021923610848598056 0.01569874213417241
3 0.31157689171382896 0.20958431100682592 0.017318722289875597 0.010294006139345129
2 0.4579410263749082 0.6606628626279862 0.021551498641832652 0.015515011732081993
2 0.581234204216529 0.6600095989761091 0.02179957344634287 0.014647395944432635
3 0.6809602756296712 0.20517478135665526 0.017318722289875455 0.010018410536209454
3 0.5579151725925605 0.20648130866040953 0.017799367223614342 0.011207554527517042
3 0.43487006955544993 0.2077878359641638 0.01792340462586938 0.010911544435260226
3 0.8045015282758023 0.20435820179180886 0.017799367223614342 0.010018410536209454
2 0.7047754568626603 0.6587030716723549 0.021504984615986832 0.014871955324765432
2 0.8273244102907503 0.6577231761945392 0.02229572305536346 0.015219001639825175
1 0.09283693283686871 0.6626226535836177 0.015024030348155257 0.015157758172461512
2 0.33291132490171516 0.2757272557593856 0.021427461239577467 0.015821229068899358
2 0.2102383340713699 0.2773604148890785 0.021132872409221497 0.015392524797354952
3 0.19101253672182136 0.595336497440273 0.017458264367412626 0.010870715457017847
2 0.7022947088175573 0.27197098976109213 0.021923610848598056 0.015392524797354952
2 0.5792496057804466 0.2734408329778157 0.021504984615986975 0.015280245107188553
2 0.8253398118546679 0.271317726109215 0.021303423837322286 0.015106721949658682
2 0.456204502743336 0.27507399210750855 0.021380947213731794 0.014984235014931737
3 0.43660659318702205 0.5943566019624573 0.018342030858480605 0.01078905750053328
3 0.3135614901499114 0.5946832337883958 0.01806294670340648 0.010176622826898551
3 0.6834410236747741 0.5923968110068258 0.018000928002278888 0.010334835117587508
3 0.8069822763209055 0.5914169155290102 0.018342030858480605 0.009788747533596431
3 0.5594036214196224 0.593050074658703 0.018993227220320062 0.010952373413502603
3 0.927546631312913 0.20354162222696243 0.01792340462586938 0.010656363321245739
3 0.930027379358016 0.5904370200511945 0.0184505635854538 0.010416493074072074
0 0.07373517288957532 0.9128226322525598 0.009132253741035549 0.010452218430034084