2 0.46436480087214266 0.6853355704697986 0.021565087043913755 0.015134228187919424
2 0.10050505910809798 0.30766778523489935 0.019750962422921004 0.014446308724832211
2 0.7076746840186693 0.6840604026845638 0.02076022893741683 0.0143959731543625
3 0.20015415800769937 0.24134228187919465 0.016365448165434546 0.010318791946308655
2 0.34307396177562777 0.6859731543624161 0.021156270227915365 0.014848993288590578
2 0.22239634790311044 0.6866275167785235 0.020453616325418148 0.0143959731543625
2 0.5858983749531566 0.6846979865771813 0.020875208666916535 0.013842281879194616
2 0.8289655231151841 0.682768456375839 0.021041290498415948 0.014681208053691346
3 0.44186710046673255 0.23877516778523492 0.01604606002793572 0.010285234899328847
2 0.34136204135863457 0.30493288590604034 0.02148843389091405 0.015083892617449711
2 0.46265288045514946 0.30348993288590603 0.020926310768916243 0.01531879194630875
2 0.5839437195516642 0.30268456375838926 0.020721902360917123 0.014563758389261732
2 0.7057200286171772 0.30156040268456374 0.020683575784417412 0.014513422818791923
3 0.3208317718802167 0.24038590604026852 0.016186590808435136 0.009932885906040289
2 0.2206844274861173 0.3062248322147651 0.02040251422341844 0.01479865771812077
3 0.3222881817872109 0.6198154362416108 0.016046060027935793 0.009664429530201347
3 0.4435790208837257 0.6194966442953022 0.01700422444043191 0.010285234899328847
3 0.5629152045787484 0.23765100671140937 0.016812591557932646 0.010083892617449616
3 0.5653553299492385 0.6188590604026846 0.017208632848431177 0.010285234899328847
2 0.827010867713692 0.3006040268456376 0.02076022893741683 0.015016778523489904
2 0.10228085715259089 0.6872651006711411 0.02055582052941778 0.015620805369127501
3 0.6866461690457535 0.6179026845637584 0.016812591557932934 0.009815436241610768
3 0.6846915136442614 0.23604026845637585 0.01612271318093528 0.009395973154362499
3 0.2016105679146936 0.6211073825503357 0.01655708104793374 0.010050335570469807
3 0.8079370081422683 0.6166107382550337 0.01570112083943704 0.009295302013422694
3 0.8064678227097742 0.2354026845637584 0.01586720267093674 0.008942953020134231
3 0.9292150717132832 0.6159731543624162 0.01642932579293411 0.009546979865771922
3 0.9277586618062891 0.23476510067114095 0.016186590808435278 0.009395973154362499
0 0.08375634517766499 0.9075671140939598 0.008725683916465114 0.010117449664429614