3 0.6905570767894254 0.973088821308725 0.01788136906523604 0.010316989565855769
3 0.32571601497291597 0.9743734270134229 0.01766740396531017 0.01004601805002115
3 0.5687803684887406 0.9737311241610739 0.01794250195092918 0.010086161978292693
3 0.4467591286452833 0.9737311241610739 0.017407589201114407 0.010086161978292693
3 0.2058955590144108 0.9743734270134229 0.01754513819392393 0.01004601805002115
2 0.22252370392293805 0.2806863464765101 0.020204418721574458 0.014963649263317981
3 0.8113556589190203 0.972446518456376 0.01727004020830496 0.010086161978292693
2 0.22435769049373153 0.6596450293624162 0.0204795167071935 0.014341418375104808
2 0.4663216520670801 0.6583604236577182 0.021151978449817796 0.01519447685088096
2 0.3430777545097605 0.27892001363255037 0.02055593281430989 0.015615988097734904
2 0.34478947530916776 0.6590027265100672 0.02017385227872789 0.014622425873007501
3 0.3227816364596464 0.21436857697147654 0.016872676451299713 0.010316989565855698
2 0.46460993126767286 0.27795655935402686 0.021121412006971155 0.015375124528104038
3 0.6871336351906109 0.21083591128355705 0.017545138193923858 0.010648176974098172
2 0.7081633478690423 0.2760296507969799 0.020754614692812475 0.014732821675755
2 0.5878538288249924 0.6573969693791947 0.020754614692812475 0.014903433370910192
3 0.44406928167478626 0.21308397126677855 0.01780495295811973 0.010357133494127525
3 0.20186078855866524 0.21565318267617453 0.01740758920111448 0.011109832149224013
2 0.5863866395683577 0.27747483221476515 0.02032668449296066 0.014120626769609904
3 0.8084212804057508 0.21003303271812082 0.017208907322611967 0.010005874121749159
3 0.5658459899754711 0.21179936556208057 0.01707135832980237 0.010858932597525144
2 0.7096305371256773 0.6570758179530202 0.020280834828690843 0.013960051056522692
3 0.20369477512945866 0.5947724412751679 0.017132491215495437 0.010648176974098079
2 0.8299400561697272 0.2750661965184564 0.02104499589985484 0.014451814177852308
2 0.8309181823408169 0.6557912122483223 0.02087688046419875 0.014401634267512502
3 0.9301979887064356 0.20923015415268462 0.017071358329802225 0.010357133494127525
3 0.32449335725905365 0.5941301384228188 0.017208907322611856 0.01020157577207423
3 0.9326433041341602 0.9711619127516778 0.01694909255841595 0.009438841134909807
3 0.5673131792321058 0.5928455327181209 0.017331173093998096 0.010477565278942886
3 0.6890898875327907 0.5915609270134229 0.01801891805804549 0.010276845637583847
3 0.44578100247419344 0.5934878355704699 0.017331173093998096 0.009930604256239425
3 0.8103775327479305 0.5905974727348994 0.01727004020830496 0.010161431843802499
3 0.9321542410486152 0.5902763213087249 0.01727004020830496 0.00985031639969596
1 0.10311347031990978 0.2810380262354546 0.020356275492605436 0.014073696860007298
1 0.1037425070212159 0.6583604236577182 0.021610475092516106 0.016930701748636732