3 0.3216112644187151 0.9828684940273037 0.018202488780943507 0.01057470536476103
3 0.19968249800190088 0.9828684940273037 0.017923404625869454 0.01057470536476103
2 0.21655158470860153 0.2791402250426621 0.020977825656402556 0.014698432167235466
2 0.21853618314468395 0.6653823592150171 0.020853788254147375 0.014759675634599035
3 0.6909946483345574 0.9822152303754266 0.01814047007981606 0.010656363321245787
3 0.4441602178468052 0.9828684940273037 0.017799367223614342 0.01053387638651884
3 0.5679495452974467 0.9828684940273037 0.01820248878094358 0.01053387638651884
3 0.195713301129736 0.21332391211604096 0.017861385924741863 0.010217451805140741
2 0.5872993800492504 0.6634225682593856 0.020822778903583687 0.014871955324765432
3 0.8135436017626473 0.9809087030716722 0.017582301769667665 0.01021745180514093
2 0.4640062022076295 0.6640758319112627 0.02187709682275238 0.015515011732081993
2 0.33897650073443636 0.27750706591296925 0.021179386435067248 0.015698742134172317
2 0.7113367823044021 0.6621160409556314 0.021504984615986832 0.014198277183767042
2 0.3407130243660085 0.6640758319112627 0.02110186305865774 0.015219001639825175
3 0.3181382171555709 0.2116907529863481 0.01779936722361427 0.010258280783383119
3 0.4411833201926815 0.21005759385665526 0.018140470079815917 0.010656363321245692
2 0.46226967857605733 0.276200538609215 0.02162902201824216 0.015759985601535884
3 0.6880177506804337 0.20793448698805458 0.017799367223614342 0.010911544435260226
2 0.7093521838683198 0.2742407476535836 0.02158250799239634 0.015157758172461608
3 0.5644764980343024 0.20940433020477814 0.017721843847204835 0.011125896571032428
2 0.5858109312221885 0.2758739067832764 0.021179386435067248 0.014586152477069068
3 0.8110628537175444 0.20711790742320818 0.017318722289875455 0.010258280783383119
3 0.19732578735905298 0.5980962030716723 0.017582301769667807 0.011166725549274665
2 0.8343818853415128 0.6608095136518771 0.02162902201824216 0.014871955324765432
2 0.8323972869054305 0.27342416808873715 0.021923610848598056 0.015219001639825081
3 0.31987474078714295 0.5971163075938566 0.017582301769667807 0.010748228522290902
3 0.9346041063636755 0.2067912755972696 0.017582301769667665 0.010748228522290949
3 0.690002349116516 0.5948298848122866 0.018419554234890112 0.010911544435260226
3 0.4431679186287639 0.5964630439419795 0.017861385924741863 0.010258280783383119
3 0.5664610964703849 0.5954831484641638 0.017799367223614342 0.010952373413502603
3 0.8130474521536267 0.5935233575085324 0.01806294670340655 0.01053387638651884
3 0.9370848544087786 0.979602175767918 0.017721843847204835 0.009640742487467832
3 0.9360925551907374 0.5928700938566552 0.017799367223614342 0.010615534343003408