3 0.19323300291095136 0.20360477460801396 0.018440569282571775 0.01067073170731708
3 0.31834395536541266 0.20243766332752614 0.01809233535620559 0.01067073170731708
3 0.44548099611873154 0.5972547364982579 0.01851971335674586 0.011014612709603662
3 0.5695789044237639 0.19926978985191637 0.018029020096866324 0.01109797780106708
3 0.5710984706479072 0.5962543554006969 0.01858302861608527 0.011358493711890294
2 0.34139070976491864 0.6656141114982579 0.022461088250617472 0.01646460556402436
3 0.44370816885723113 0.20077036149825786 0.018377254023232436 0.011275128620426832
3 0.8213203755568298 0.19726902765679444 0.0178865607633529 0.010227854658917674
3 0.6972224672517973 0.595253974303136 0.018171479430379747 0.010670731707317032
3 0.19462593861641603 0.5985885779616725 0.01782324550401356 0.011014612709603662
3 0.3201167826269131 0.5982551175958188 0.018171479430379747 0.010634259479801737
2 0.46726144533145153 0.6656141114982579 0.0216696475088762 0.01646460556402436
3 0.6951963789529397 0.19810267857142858 0.017348381058968698 0.010431057069359753
2 0.5928789198606272 0.6649471907665506 0.022255313657764782 0.015422541920731685
2 0.21627975731045737 0.6662810322299653 0.022081196694581653 0.016214510289634065
3 0.8238529859304018 0.5945870535714286 0.018234794689719013 0.01019138243140238
3 0.447253823380232 0.9904045078397213 0.01858302861608527 0.010670731707317221
2 0.8451269130684074 0.6629464285714286 0.022002052620407567 0.015537168921493958
3 0.3218896098884136 0.9904045078397213 0.017554155651821533 0.010712414253048716
2 0.7190029164645173 0.663613349303136 0.02182793565722437 0.01559969274009139
3 0.6982355114012261 0.9890706663763067 0.01809233535620559 0.010509211842606874
3 0.1969052879526309 0.9897375871080141 0.018171479430379747 0.010670731707317221
2 0.09313157789551449 0.27313126088850176 0.015164004611762903 0.015360018102134158
3 0.9469378500860055 0.19660210692508712 0.017949876022692168 0.010879144435975594
3 0.8243595080051163 0.9884037456445994 0.018171479430379747 0.009878763338414653
2 0.33987114354077536 0.26996338741289205 0.022160340768755737 0.01640208174542683
3 0.5726180368720505 0.9897375871080141 0.018298109949058425 0.010634259479801737
3 0.9494704604595775 0.9870699041811848 0.017411696318308252 0.01047273961509139
3 0.9494704604595775 0.5935866724738676 0.018171479430379747 0.010879144435975641
2 0.21463356056763552 0.27129722887630664 0.022081196694581653 0.01615198647103663
2 0.7169768281656597 0.26629532338850176 0.022255313657764637 0.01583936737804881
2 0.8425943026948354 0.26546167247386765 0.0215746746198673 0.015714319740853664
2 0.09477777463833635 0.6676148736933798 0.015393522426867853 0.015901891196646336
2 0.591359353636484 0.26746243466898956 0.021907079731398525 0.015714319740853664
2 0.46548861806995107 0.2692964666811847 0.021416386471518986 0.015005716463414653
0 0.07508672898381336 0.9197109102787457 0.009465631271225692 0.010389374523628021