3 0.1950327367961589 0.20355172413793107 0.016643387167175876 0.009896551724137954
3 0.6919380183326059 0.19767241379310346 0.01632911392405075 0.011155172413793081
3 0.4430467044958533 0.1996896551724138 0.016525534701003944 0.011965517241379332
3 0.5676167612396334 0.19832758620689658 0.01659100829332158 0.011586206896551706
3 0.19653862941946748 0.5917068965517241 0.016329113924050676 0.011465517241379265
3 0.319982540375382 0.5913793103448276 0.015661283282409462 0.011206896551724223
3 0.6939415102575295 0.5890689655172414 0.016708860759493727 0.010948275862068991
3 0.9410650371017023 0.19551724137931037 0.0174945438673068 0.011155172413793081
3 0.4451287647315583 0.5903793103448277 0.016774334351811363 0.011551724137931197
3 0.8172544740288085 0.588396551724138 0.01632911392405075 0.01
3 0.569122653862942 0.5897241379310345 0.017704059362723696 0.01110344827586213
3 0.9430816237450896 0.5874137931034482 0.01632911392405075 0.010948275862068991
2 0.3395329550414667 0.268948275862069 0.020637276298559524 0.015379310344827578
2 0.8373024879965081 0.26367241379310347 0.020833697075512865 0.014965517241379303
2 0.21597119161938022 0.26977586206896553 0.020480139676996925 0.015500000000000019
2 0.5886730685290267 0.26565517241379316 0.02078131820165864 0.014396551724137983
2 0.7134919249236142 0.26482758620689656 0.02205150589262314 0.014913793103448257
2 0.46435181143605414 0.26812068965517244 0.021069402007856872 0.014568965517241376
2 0.21797468354430383 0.6596896551724138 0.02040157136621559 0.01513793103448279
2 0.34128764731558275 0.6590172413793104 0.021475338280226967 0.015499999999999924
2 0.7154954168485378 0.657051724137931 0.02180270624181601 0.015258620689655231
2 0.09320820602357051 0.2715862068965518 0.019864687909209935 0.015258620689655231
2 0.46560890440855524 0.6583620689655173 0.020964644260148425 0.015086206896551744
2 0.5906765604539502 0.6580344827586209 0.021475338280226967 0.015206896551724185
3 0.19879092099519863 0.9804482758620691 0.017376691401134868 0.010362068965517134
2 0.8393059799214319 0.6563793103448277 0.02131820165866429 0.015206896551724185
3 0.6949367088607596 0.9798965517241381 0.01797904845045823 0.010603448275862395
3 0.44705368834570053 0.9811206896551725 0.017704059362723696 0.010603448275862395
3 0.5711261457878656 0.9804482758620691 0.017900480139676895 0.010327586206896437
3 0.819257965953732 0.9791379310344828 0.01697075512876485 0.010051724137930857
3 0.32198603230030554 0.9804482758620691 0.016708860759493658 0.009931034482758606
3 0.9435006547359233 0.9771551724137932 0.016774334351811363 0.010155172413793328
2 0.09333915320820604 0.6603448275862069 0.020244434744652987 0.013913793103448409
3 0.3187123526844173 0.20134482758620692 0.017010039284155374 0.010396551724137879
3 0.8160628546486252 0.19720689655172413 0.01707551287647301 0.008862068965517219