2 0.10068586273656016 0.3397782088926175 0.019409691207563966 0.014682641765415288
3 0.19990453621648555 0.27297871224832215 0.016612861687103988 0.010808752687185385
3 0.32082538411746675 0.2720152579697987 0.016612861687103988 0.010437421350671154
3 0.4423575608753791 0.2710518036912752 0.01687267645129964 0.010527745189282693
3 0.5638897376332913 0.2694460465604027 0.016307197258638374 0.010608033045826346
3 0.6851773828484312 0.2681614408557047 0.016368330144331512 0.010161431843802405
3 0.322048041831329 0.6519373951342282 0.016368330144331512 0.010046018050020962
3 0.20149399124450654 0.6522585465604028 0.016612861687103988 0.010046018050020962
3 0.806954091149116 0.2675191380033557 0.015565961019609428 0.009850316399695866
2 0.10245871642166049 0.7180945889261746 0.019791771743145926 0.015375124528104038
3 0.8079322173202059 0.6487258808724833 0.01655172880141078 0.010241719700345963
3 0.686644572105066 0.6496893351510067 0.016689277794220227 0.010527745189282693
3 0.4438247501320138 0.6512950922818792 0.016811543565606647 0.00985031639969596
3 0.9282417363642559 0.26687683515100674 0.015986249608749514 0.010121287915530578
2 0.22056745158075838 0.338814754614094 0.020097436171611506 0.014341418375104904
2 0.8274947407420026 0.33335518036912754 0.020372534157230476 0.014622425873007595
3 0.5653569268899261 0.6506527894295303 0.01655172880141078 0.010316989565855769
2 0.34136603371035334 0.3372089974832215 0.020953296571315064 0.014963649263317981
2 0.4628982104682656 0.336245543204698 0.02020441872157453 0.014853253460570481
2 0.7057180324413179 0.33431863464765105 0.020173852278728033 0.014682641765415288
2 0.5844303872261779 0.3359243917785235 0.020128002614458074 0.014180842662017596
3 0.9301979887064356 0.6484047294463088 0.01661286168710406 0.009965730193477308
2 0.2224014381515518 0.7180945889261746 0.020097436171611506 0.014622425873007501
2 0.8289619299986373 0.7142407718120806 0.020999146235585023 0.014120626769609809
2 0.7076742847834976 0.7155253775167786 0.020372534157230476 0.013799475343435385
2 0.5858975764828127 0.7161676803691276 0.020800464357082292 0.014070446859270192
2 0.3430777545097605 0.7174522860738256 0.020601782478579706 0.014903433370910192
2 0.46460993126767286 0.7168099832214765 0.020800464357082292 0.014963649263317886