2 0.46612782339113557 0.7058892617449665 0.021437331788914195 0.015671140939597306
3 0.3223520594147106 0.2606208053691276 0.01625046843593506 0.010083892617449616
3 0.20288812046468846 0.6413422818791947 0.017208632848431177 0.010939597315436155
2 0.34484975982012067 0.7058892617449665 0.021002963921916095 0.015083892617449616
3 0.4438856334957245 0.2593288590604027 0.017208632848431177 0.010855704697986635
2 0.7094377065376622 0.7039597315436242 0.020875208666916535 0.014228187919463077
2 0.5876613974721494 0.7046140939597316 0.021322352059414778 0.014966442953020001
2 0.22404439069260387 0.706526845637584 0.019904268728920343 0.014446308724832307
3 0.2015466902871938 0.26189597315436247 0.017068102067931766 0.010771812080536923
2 0.10428661465608287 0.706526845637584 0.021002963921915987 0.015671140939597306
3 0.9309908697577762 0.6368456375838927 0.017068102067931475 0.010167785234899232
3 0.5671183524682316 0.6397315436241611 0.01700422444043191 0.010906040268456346
3 0.6884091915647464 0.6387751677852349 0.01713197969543147 0.010520134228187886
2 0.8307285456341771 0.7026845637583893 0.021692842298913315 0.014731543624160964
3 0.5646782270977414 0.25837248322147655 0.01700422444043191 0.010771812080536923
2 0.8292593602016831 0.32211409395973156 0.021437331788914195 0.015251677852348943
3 0.6864545361632544 0.2570805369127517 0.016748713930432937 0.010234899328859133
2 0.7074830511361702 0.32291946308724834 0.021002963921915953 0.014848993288590672
3 0.8082308452287672 0.25644295302013426 0.016812591557932934 0.00988255033557048
3 0.3238084693217048 0.6407046979865773 0.01655708104793374 0.010352348993288463
2 0.4646586379586414 0.325 0.021002963921916095 0.014966442953020192
3 0.8097000306612612 0.63748322147651 0.017004224440432057 0.009664429530201347
2 0.5861922120396552 0.32436241610738253 0.02079855551391683 0.014731543624161058
3 0.929521684325282 0.2556375838926175 0.01695312233843206 0.010402684563758365
2 0.2227029605151092 0.3275671140939598 0.019789288999420857 0.014614093959731539
3 0.44534204340271866 0.6403691275167787 0.016748713930433083 0.01020134228187923
2 0.3431378394031275 0.3262919463087249 0.021731168875413022 0.014899328859060385
2 0.10196146901509216 0.3291778523489933 0.020402514223418402 0.014848993288590672
0 0.08514887745715943 0.9069295302013423 0.009096174155963612 0.010687919463086927