3 0.6891250427642833 0.9642567567567569 0.01667807047553876 0.009611486486486456
3 0.5673238111529251 0.9648986486486488 0.016626753335614197 0.009729729729729873
3 0.20290797126240168 0.9655405405405406 0.01667807047553883 0.009881756756756583
3 0.3234775915155662 0.9655405405405406 0.017024461170030716 0.010067567567567721
3 0.4452788231269244 0.9655405405405406 0.016819192610331886 0.01003378378378405
2 0.4646767020184742 0.6483614864864865 0.02145056448853916 0.015
3 0.8104259322613754 0.9635979729729731 0.016254704071159812 0.009915540540540254
2 0.7092541908997606 0.6470777027027028 0.02077061238453639 0.014493243243243227
2 0.34288829969209716 0.6490033783783784 0.020565343824837413 0.014831081081081075
2 0.09996578857338352 0.2704054054054054 0.02061666096476223 0.015304054054054082
2 0.5869654464591173 0.6477195945945946 0.020616660964762265 0.015236486486486456
3 0.19935425932261375 0.20331081081081084 0.01702446117003079 0.010844594594594572
2 0.22181833732466646 0.6496621621621622 0.020141977420458396 0.014949324324324303
3 0.3202959288402326 0.20153716216216216 0.01667807047553883 0.010540540540540539
0 0.080375470407116 0.9086317567567568 0.00939103660622648 0.010388513513513544
2 0.8310554225111189 0.6457770270270271 0.020719295244611826 0.014949324324324303
1 0.9292764283270614 0.9623141891891894 0.010430208689702547 0.009949324324324682
3 0.4420843311666096 0.2002364864864865 0.016947485460143727 0.010675675675675648
3 0.5643730756072529 0.1989527027027027 0.016947485460143727 0.011013513513513545
3 0.2008296270954499 0.585 0.016498460485802283 0.009949324324324304
2 0.3411691755046186 0.26750000000000007 0.02096305165925422 0.015304054054054082
2 0.46320133424563814 0.2660304054054054 0.021489052343482726 0.015608108108108164
3 0.6861743072186112 0.1981418918918919 0.016947485460143727 0.010591216216216235
3 0.6881371878207322 0.5820777027027026 0.016113581936366545 0.009763513513513544
2 0.21998374957235717 0.2689527027027027 0.019872562435853572 0.014493243243243227
2 0.7072913102976394 0.26393581081081086 0.020488368114950424 0.014543918918918925
2 0.5850025658569963 0.2647466216216216 0.020488368114950424 0.015
3 0.8094509066028055 0.580793918918919 0.015767191241874732 0.009104729729729684
2 0.10162076633595621 0.6499831081081081 0.02088607594936709 0.015472972972972912
3 0.8079755388299693 0.19716216216216217 0.0158056790968183 0.009662162162162152
3 0.5663487854943552 0.5827364864864866 0.01649846048580221 0.009881756756756772
3 0.3220150530277113 0.5840202702702704 0.016254704071159743 0.01003378378378386
2 0.8290925419089976 0.26329391891891896 0.02084758809442352 0.014898648648648607
3 0.44406004105371194 0.5833783783783785 0.01649846048580221 0.009729729729729684
1 0.9283014026684915 0.5798141891891893 0.009647622305850216 0.00849662162162152
1 0.925838179952104 0.19750000000000004 0.009429524461169812 0.00979729729729731
0 0.08676445432774547 0.8847128378378378 0.005542251111871338 0.009391891891891647