3 0.5550982103884767 0.1825689655172414 0.017560017459624582 0.011017241379310339
3 0.1825272806634657 0.18701724137931036 0.01763858577040599 0.010948275862068944
3 0.6794194674814492 0.18156896551724142 0.017429070274988877 0.010568965517241367
3 0.4305412483631602 0.18387931034482763 0.01804452204277601 0.010862068965517249
3 0.9280619816673942 0.17993103448275863 0.016839807944129002 0.010120689655172441
3 0.8037407245744216 0.18058620689655175 0.016708860759493727 0.009775862068965514
2 0.8257922304670451 0.2475689655172414 0.02088607594936709 0.013913793103448218
2 0.45158446093409 0.2497241379310345 0.02131820165866429 0.014672413793103469
2 0.7009733740724574 0.24806896551724136 0.019969445656918456 0.013586206896551687
2 0.32727629855958096 0.2517068965517241 0.0209122653862942 0.014844827586206956
3 0.3059711916193802 0.18536206896551724 0.017429070274989092 0.010603448275862064
2 0.20370144041903102 0.25301724137931036 0.0210694020078568 0.014620689655172422
2 0.57615451767787 0.24889655172413797 0.020480139676996995 0.014344827586206843
2 0.08032300305543431 0.2543448275862069 0.020781318201658676 0.016413793103448218