2 0.4628982104682656 0.3235600618708054 0.0206323489214262 0.014903433370910192
2 0.5844303872261779 0.3229177590184564 0.020128002614458074 0.014853253460570481
2 0.10264211507873983 0.7058908347315437 0.020525366371463318 0.015375124528104038
2 0.34136603371035334 0.32532639471476515 0.021274244221203924 0.014622425873007595
2 0.2224014381515518 0.7058908347315437 0.020097436171611506 0.014281202482697116
2 0.22068971735214463 0.3262898489932886 0.020097436171611506 0.013960051056522692
2 0.7062070955268627 0.32147257760067116 0.020999146235585023 0.014682641765415288
2 0.3430777545097605 0.7052485318791947 0.020953296571315064 0.014512030070260001
3 0.1996600046737131 0.26109610947986583 0.016612861687103988 0.010728464830641826
2 0.7076742847834976 0.7033216233221476 0.020555932814309744 0.013899835164114999
3 0.20137172547312032 0.6400547923657719 0.016872676451299713 0.01114997607749577
3 0.3208253841174668 0.25932977663590606 0.01598624960874955 0.010768608758913558
2 0.8274947407420026 0.32066969903523496 0.020999146235585023 0.014622425873007595
3 0.686644572105066 0.6374855809563759 0.016872676451299785 0.010437421350671154
2 0.46460993126767286 0.7046062290268457 0.02087688046419875 0.014963649263317886
3 0.6851773828484312 0.2559576866610738 0.016429463030024506 0.010276845637583847
2 0.5863866395683577 0.7039639261744968 0.020479516707193432 0.014562209980599808
2 0.10031906542240146 0.3274138789848994 0.019822338185992494 0.014793037568162788
3 0.5658459899754711 0.6387701866610739 0.01586398383736324 0.011109832149224038
3 0.5634006745477464 0.2570817166526846 0.016429463030024648 0.01164173919882548
2 0.8289619299986373 0.7020370176174497 0.02156462542824629 0.014451814177852308
3 0.8079322173202059 0.6365221266778524 0.01655172880141078 0.009815190462458077
3 0.4421130293326066 0.2585268980704698 0.015925116723056375 0.011240299916107404
3 0.806465028063571 0.2554759595218121 0.01630719725863852 0.010316989565855673
3 0.9282417363642559 0.2538702023909396 0.016429463030024506 0.011240299916107404
3 0.3222925733741015 0.6397336409395974 0.015986249608749514 0.010316989565855769
3 0.4438247501320138 0.6390913380872484 0.01604738249444265 0.010858932597525192
0 0.0831407245426362 0.9069316275167787 0.008963609364752965 0.010276845637583847
3 0.9297089256208906 0.6358798238255035 0.01694909255841595 0.011370767682990768