3 0.566335053061016 0.6699218750000001 0.01687267645129964 0.010316989565855769
3 0.3210699156602392 0.29112376782718125 0.016689277794220372 0.010086161978292789
2 0.5849194503117229 0.3551934773489933 0.02032668449296066 0.013749295433095672
2 0.22301276700848296 0.7373636744966443 0.02017385227872789 0.014281202482697116
3 0.6876226982761559 0.6686372692953021 0.016872676451299785 0.010567889117554614
3 0.32302616800241885 0.6712064807046981 0.016551728801410814 0.01020157577207423
2 0.4631427420110381 0.3558357802013423 0.020678198585696164 0.014793037568162788
3 0.20271664895836883 0.671848783557047 0.01604738249444265 0.010316989565855769
2 0.7066961586124076 0.35390887164429535 0.020173852278728033 0.014401634267512595
2 0.3418550967958982 0.35679923447986583 0.0213965099925902 0.014562209980599808
3 0.5643788007188363 0.2887151321308725 0.016811543565606647 0.010477565278942981
3 0.2005158650734167 0.29289010067114096 0.01655172880141085 0.010808752687185385
3 0.4448028763031036 0.670564177852349 0.017010225444109236 0.009664650731438846
3 0.44309115550369643 0.290320889261745 0.01727004020830496 0.010437421350671154
2 0.22117878043768954 0.35840499161073824 0.020280834828690843 0.014231022572357404
3 0.6856664459339761 0.2874305264261745 0.01630719725863852 0.010121287915530578
2 0.4650989943532178 0.7367213716442954 0.02132009388547374 0.014903433370910192
2 0.34356681759530544 0.7373636744966443 0.020754614692812475 0.014682641765415193
3 0.9292198625353457 0.28582476929530204 0.01630719725863852 0.009890460327967693
2 0.10355910836413657 0.7380059773489933 0.01974592207887611 0.01543534042051173
3 0.9311761148775254 0.6673526635906041 0.016368330144331512 0.010121287915530578
2 0.7081633478690423 0.7347944630872484 0.02052536637146339 0.014180842662017691
3 0.8079322173202059 0.2869487992869128 0.01569586840170715 0.009478985063181634
2 0.8299400561697272 0.7341521602348994 0.02104499589985484 0.014070446859270192
2 0.5868757026539025 0.7360790687919464 0.020448950264346934 0.014451814177852308
2 0.8279838038275475 0.35294541736577184 0.021197828114087467 0.014341418375104904
3 0.8089103434912956 0.6679949664429531 0.016689277794220227 0.01000587412174923
2 0.1012360587077982 0.3596895973154363 0.018752512686362993 0.014562209980599808