2 0.5851211820106277 0.3038225255972696 0.02023156348554891 0.014129692832764438
2 0.46207283881280503 0.3049658703071672 0.021229532984836014 0.014522184300341318
2 0.7086620296366699 0.302679180887372 0.020114917699917977 0.014197952218430033
2 0.33877824340087265 0.30658703071672355 0.020983280770726247 0.014812286689419807
2 0.8317103728344926 0.3016894197952218 0.02106104462781349 0.014249146757679227
2 0.21661122391670623 0.30839590443686 0.020037153842830592 0.014249146757679227
2 0.7106450079923964 0.692679180887372 0.020309327342636296 0.01354948805460765
2 0.46431503002548924 0.6946245733788395 0.02134617877046709 0.014692832764505207
2 0.5871041603663542 0.6933276450511945 0.02030932734263615 0.01365187713310585
2 0.34102043461355686 0.6952901023890784 0.02046485505681078 0.01377133105802064
2 0.8336933511902189 0.6913651877133105 0.021553549056033308 0.013822525597269646
2 0.2183479500583229 0.695938566552901 0.0201537996284616 0.01354948805460765
3 0.4412450857562535 0.2393003412969283 0.01725061563053521 0.010529010238907878
3 0.5642804683112282 0.23832764505119453 0.01725061563053521 0.010614334470989775
3 0.5667689117380221 0.6273549488054607 0.0166673867023804 0.010580204778157166
3 0.4429818118978701 0.6283276450511944 0.0166673867023804 0.0101023890784982
2 0.09511815786062988 0.3092150170648464 0.020192681557005255 0.015102389078498295
3 0.3177042381302112 0.24044368600682595 0.016732189916619813 0.010375426621160387
3 0.6893117898647773 0.6263651877133105 0.017056205987817038 0.010750853242320772
3 0.3196872164859376 0.6286518771331058 0.01684883570225082 0.01034129692832759
3 0.6873288115090508 0.23701365187713308 0.016848835702250965 0.010409556313993183
3 0.8123601330625998 0.6250682593856655 0.016097118417073484 0.010255972696245787
2 0.09690672657363802 0.695938566552901 0.020270445414092567 0.014931740614334407
3 0.9337365533330453 0.23515358361774744 0.01596751198859451 0.010017064846416398
3 0.8107011707780705 0.23604095563139932 0.01592863006005096 0.009795221843003408
3 0.1958871560029377 0.24208191126279863 0.016213764202704418 0.010648464163822572
3 0.19767572471594588 0.6292150170648464 0.01684883570225082 0.010699658703071577
3 0.935900980688642 0.6244027303754265 0.016213764202704418 0.01022184300341299
0 0.07731023458763554 0.9134812286689419 0.008683630708083109 0.010750853242320772