3 0.5643551578766239 0.30830508474576274 0.017383635894347476 0.011050847457627052
2 0.3395680977372451 0.3761016949152542 0.020184117697668372 0.013881355932203404
3 0.686866557687344 0.3073220338983051 0.016919039834810294 0.010677966101694948
2 0.4623376064699303 0.37545762711864406 0.021010066247956635 0.014661016949152478
2 0.5851071152026155 0.3741525423728813 0.019951819667899853 0.014033898305084733
3 0.31857093693538674 0.31040677966101693 0.016919039834810294 0.01054237288135596
2 0.2177794029080272 0.37772881355932203 0.019758237976426087 0.013406779661016988
3 0.4430697754452379 0.8202372881355932 0.016725458143336598 0.010423728813559213
2 0.7081218274111675 0.37318644067796614 0.0199518196679 0.013457627118644098
3 0.3207906736642863 0.8208813559322033 0.017125526972382357 0.010762711864406735
2 0.22012819409790932 0.8870677966101694 0.0199131033296051 0.01516949152542376
3 0.5658392841779231 0.8195762711864407 0.01744816312483861 0.010423728813559213
3 0.44134044566807196 0.309593220338983 0.01698356706530157 0.010508474576271187
3 0.19704035102813386 0.3120338983050847 0.017241675987266617 0.010711864406779625
3 0.8089004559924288 0.305864406779661 0.016531876451862614 0.010152542372881329
3 0.688853996386475 0.8189322033898305 0.017241675987266548 0.010423728813559213
3 0.19950529123290028 0.8208813559322033 0.017125526972382288 0.010220338983050775
2 0.09668760216811494 0.3790338983050847 0.020816484556482835 0.013983050847457624
2 0.8306332272218875 0.37222033898305085 0.020300266712552705 0.014271186440678036
2 0.3422782414178784 0.8864067796610169 0.021010066247956635 0.015237288135593113
3 0.8113653961971953 0.8182881355932203 0.016919039834810294 0.010423728813559213
2 0.5870816484556483 0.8857627118644067 0.020584186526714277 0.015050847457627393
2 0.46455734319882996 0.8864067796610169 0.02170696033726234 0.015237288135593113
2 0.7100963606642003 0.8851186440677966 0.02066161920330364 0.014542372881355731
2 0.09890733889701453 0.8864067796610169 0.02137141873870775 0.015949152542372835
2 0.8326077604749204 0.8838135593220339 0.020145401359373403 0.01437288135593235
3 0.9314247612492471 0.30554237288135594 0.01596403682353947 0.010389830508474536
0 0.07711004043706443 0.9117118644067795 0.009704895465886617 0.010677966101694665
3 0.9329088875505462 0.8163389830508474 0.015073561042760072 0.010576271186440635
1 0.0968682784134905 0.4990677966101694 0.02148756775359201 0.007016949152542414
1 0.21828271530585905 0.4977627118644068 0.02093263357136713 0.006372881355932236