3 0.3279848549212768 0.9842823093220339 0.01806321349640795 0.010305320610434213
3 0.20669886754710487 0.9842823093220339 0.01806321349640795 0.010031593452065788
3 0.6962891465198314 0.983633474576271 0.01812496807246409 0.010107628773834752
3 0.45025891551234615 0.9842823093220339 0.01806321349640795 0.010345872782044505
3 0.5732740310160888 0.9842823093220339 0.018510934172814696 0.010188733117054956
2 0.2233726030822507 0.2856494968220339 0.020610589758721917 0.014325054621292375
3 0.20274657467951476 0.22027939618644066 0.017584615531973213 0.010031593452065692
3 0.8183161888066763 0.9829846398305085 0.01738391315979102 0.0102647684388243
2 0.5925414587455906 0.6676509533898305 0.020687782978791983 0.014831956766419505
2 0.4697733615460724 0.6676509533898305 0.021737610771745738 0.015409825211864358
3 0.3245265986621354 0.21849510063559321 0.01784707248021169 0.010188733117055052
2 0.34527613621698355 0.28370299258474574 0.021212696875268933 0.015592309984110196
2 0.7160506108577819 0.6663532838983051 0.021490592467521333 0.014426435050317725
2 0.3472522826507786 0.6682997881355932 0.021135503655198725 0.015531481726694855
3 0.4472946958616536 0.21719743114406778 0.018202161292534155 0.01054356461864406
2 0.4680442334165017 0.28240532309322036 0.022000067719984067 0.01577479475635594
2 0.22510173121182137 0.6689486228813559 0.020332694166469517 0.01534899695444911
2 0.7140744644239869 0.28045881885593216 0.021490592467521333 0.01517665022510594
3 0.69283089026069 0.21492650953389833 0.017646370108029205 0.010715911347987325
2 0.838077653144627 0.6650556144067796 0.021259012807311 0.014598781779660992
3 0.5703098113653962 0.21606197033898303 0.017306719939720813 0.011091018935381385
3 0.20435219365697324 0.6027674788135593 0.017584615531973213 0.010543564618644155
3 0.8153519691559837 0.2139532574152542 0.016982508415426343 0.009915005958686435
2 0.8365955433192807 0.27980998411016944 0.022000067719984067 0.015237478482521188
2 0.5910593489202443 0.28175648834745765 0.020811292130904255 0.015004303495762676
3 0.32650274509593047 0.6021186440677966 0.017445667735847013 0.010675359176377129
3 0.9383670846597263 0.21330442266949154 0.017306719939720813 0.01054356461864406
3 0.6948070366944851 0.5995233050847457 0.01784707248021169 0.010797015691207624
3 0.5717919211907424 0.6001721398305084 0.017584615531973213 0.010878120034428018
3 0.44902382399122426 0.6014698093220339 0.01750742231190315 0.010345872782044505
3 0.9408372677019703 0.981686970338983 0.01784707248021169 0.00991500595868653
3 0.8173281155897789 0.5985500529661016 0.017507422311903005 0.010381355932203367
3 0.9403432310935215 0.5979012182203389 0.017723563328099413 0.010305320610434402