3 0.5688608404976886 0.6289062499999999 0.017582301769667807 0.01057470536476103
3 0.5668762420616061 0.24054100895904434 0.01699312410895587 0.010452218430034084
3 0.44556766265606773 0.6295595136518771 0.01672954462916366 0.010416493074072074
3 0.8139587473538688 0.23858121800341295 0.015496922944252898 0.010258280783383119
3 0.6899213450987168 0.23939779756825938 0.01672954462916366 0.010574705364761124
3 0.3222744848144468 0.6298861454778156 0.016667525928035998 0.010656363321245787
3 0.20046975579988766 0.6308660409556314 0.016279909045988677 0.010615534343003408
3 0.9360115511729381 0.2382545861774744 0.016155871643733423 0.010100068492694068
3 0.8149510465719099 0.6266198272184299 0.016791563330291324 0.010375664095829696
3 0.19848515736380523 0.2451138545221843 0.01679156333029118 0.011044238614547813
3 0.6919059435347992 0.6275997226962456 0.01711716151121091 0.010656363321245787
2 0.22130803937875318 0.6974989334470989 0.020233601242871675 0.014586152477069163
3 0.9379961496090206 0.6256399317406143 0.0168535820314187 0.010018410536209407
3 0.4440792138290059 0.24184753626279862 0.01679156333029118 0.010574705364761124
2 0.5877145256404717 0.30782716510238906 0.020776264877737868 0.014524909009705595
2 0.4646694226033611 0.30880706058020474 0.020543694748509488 0.014984235014931737
2 0.34162431956625045 0.30995027197098973 0.0214584705901413 0.01504547848229521
2 0.711255778286603 0.30668395371160406 0.020388647995690616 0.01431055687393344
2 0.10024753477772495 0.6974989334470989 0.02003204046420702 0.015576255199445464
2 0.3436089180023329 0.6968456697952218 0.020667732150764673 0.014647395944432635
2 0.5896991240765541 0.6955391424914675 0.020667732150764673 0.013871645357828583
3 0.3207860359873849 0.24348069539249143 0.016729544629163588 0.010217451805140741
2 0.7132403767226854 0.6948858788395904 0.020574704099073318 0.01339190486348116
2 0.21957151574718106 0.3115834311006826 0.02074525552717418 0.014871955324765339
2 0.46665402103944353 0.6955391424914675 0.02122590046091292 0.015157758172461512
2 0.8343008813237135 0.3053774264078498 0.02049718072266381 0.014810711857401865
2 0.8362854797597961 0.692926087883959 0.021970124874443876 0.01431055687393344
2 0.09789082413487708 0.31288995840443684 0.020342133969844908 0.015157758172461608