3 0.17317514223966832 0.21945993031358887 0.01603669562916245 0.009285714285714258
3 0.5497331627927492 0.21491289198606273 0.016883517840603383 0.011498257839721285
3 0.42386098002028844 0.21608013937282233 0.016499801526044217 0.012090592334494754
3 0.6778811802584572 0.6112369337979096 0.016883517840603383 0.010923344947735246
3 0.29951043090901075 0.6135714285714287 0.015997000838001225 0.01132404181184673
2 0.19441185551096019 0.2867770034843206 0.020998544524324075 0.015121951219512179
2 0.44463458739469863 0.28360627177700354 0.02073391258324873 0.014494773519163763
2 0.31926520531028096 0.284616724738676 0.020892691747893925 0.014947735191637624
2 0.8222379041150266 0.2807665505226481 0.020852996956732626 0.015069686411149802
2 0.5710095708552022 0.28261324041811847 0.021580734794689662 0.014895470383275248
2 0.6966171216865877 0.2817770034843206 0.022427557006130593 0.015296167247386734
2 0.19630397388964851 0.6812543554006969 0.020998544524324075 0.015121951219512084
2 0.5730340052044282 0.6795993031358886 0.021792440347549968 0.014947735191637624
2 0.32103823931548536 0.6809233449477352 0.021832135138711267 0.015365853658536632
2 0.4466590217439245 0.6802613240418119 0.021130860494861712 0.014721254355400788
2 0.6991575883209104 0.678588850174216 0.0220306090945179 0.015
2 0.8242623384642527 0.6779268292682927 0.021699819168173845 0.015470383275261384
2 0.07049794910245667 0.2887804878048781 0.020098795924668105 0.015296167247386734
3 0.9278481012658227 0.9966666666666667 0.017721518987341773 0.006666666666666667
2 0.07049794910245667 0.6822648083623694 0.020575133418603647 0.013310104529616638
3 0.29830635557711815 0.21782229965156796 0.01683059145238834 0.00973867595818812
3 0.6755656507740486 0.2139547038327526 0.017280465752216364 0.009181184668989602
3 0.8009482644555199 0.21325783972125437 0.01743924491686156 0.009250871080139405
3 0.9266748996603891 0.21266550522648084 0.01717461297578614 0.009912891986062676
3 0.4255016980549552 0.6133797909407666 0.016618885899527966 0.011567944250871088
3 0.5510430909010718 0.6128571428571429 0.01708199179640973 0.010052264808362375
3 0.8028536144312619 0.6107491289198607 0.01634102236139888 0.01
3 0.9287390288007763 0.6097735191637631 0.015904379658624887 0.008728222996515645
3 0.17519957658889426 0.6143031358885018 0.01643364354077536 0.010487804878048715