2 0.22694362810579746 0.2838070175438597 0.02166711194229229 0.015701754385964932
3 0.20520972481966337 0.21596491228070172 0.01875500935078818 0.011140350877193061
2 0.48020304568527916 0.28094736842105256 0.022495324605931077 0.016333333333333352
2 0.35312583489179805 0.28212280701754383 0.022081218274111646 0.01626315789473684
3 0.33189954581886194 0.21412280701754388 0.018407694362810482 0.010789473684210502
3 0.458469142399145 0.2129473684210526 0.018835158963398373 0.01126315789473684
3 0.5858001602992251 0.21194736842105263 0.01862142666310457 0.011526315789473641
3 0.7131311781993054 0.21043859649122804 0.018340903018968752 0.011403508771929865
0 0.08191290408763023 0.9377719298245613 0.009417579481699186 0.010631578947368325
2 0.7351188885920383 0.27892982456140347 0.022214800961795542 0.015350877192982466
3 0.8394469676729894 0.20959649122807017 0.018060379374833072 0.010666666666666628
2 0.6077878706919584 0.28028070175438596 0.02204114346780655 0.015052631578947361
2 0.8614346780657226 0.2782631578947369 0.02272241517499334 0.015894736842105222
3 0.5878439754207854 0.609017543859649 0.018340903018968752 0.011526315789473832
3 0.4605129575207053 0.6100350877192983 0.018474485706652503 0.010789473684210406
3 0.20738712262890727 0.6110350877192983 0.018260753406358556 0.01175438596491233
3 0.33343574672722415 0.6103684210526317 0.018407694362810482 0.011403508771929865
2 0.3551696500133582 0.6798771929824561 0.022001068661501453 0.01594736842105268
3 0.7146673791076676 0.6080175438596491 0.01904889126369232 0.011298245614035144
2 0.22898744322735773 0.6805438596491229 0.021667111942292216 0.01577192982456135
2 0.4819930537002404 0.6792105263157894 0.022241517499332033 0.016070175438596457
2 0.6093240716003205 0.6785438596491228 0.021466737910766878 0.015526315789473794
3 0.8414907827945498 0.6070175438596491 0.018407694362810482 0.011052631578947208
2 0.7366550895004007 0.6778596491228069 0.022415174993320738 0.014771929824561311
3 0.9667779855730697 0.20908771929824563 0.01791343841838115 0.010824561403508804
2 0.8634784931872828 0.6758421052631579 0.022214800961795542 0.015578947368420965
3 0.96882180069463 0.6063333333333334 0.018407694362810482 0.010912280701754373