2 0.45265829548490516 0.698157894736842 0.022241517499332033 0.016017543859649094
2 0.5797355062783863 0.698157894736842 0.022855997862676947 0.015052631578947361
2 0.1995324605931071 0.6994912280701754 0.02174726155490241 0.015175438596491139
2 0.32532727758482505 0.6988245614035087 0.022415174993320883 0.01564912280701738
2 0.7070665241784664 0.6968070175438595 0.021627037135987265 0.015
0 0.05418113812449907 0.9097017543859649 0.009551162169382848 0.010631578947368325
2 0.8338899278653485 0.6954561403508772 0.02260219075607805 0.015228070175438499
2 0.07373764360138926 0.6994912280701754 0.022214800961795327 0.016456140350877224
2 0.07169382847982901 0.30324561403508765 0.021199572535399426 0.01557894736842106
3 0.1776783328880577 0.6306491228070176 0.017512690355329964 0.01126315789473684
3 0.6850788137857334 0.628298245614035 0.017993588030991343 0.011000000000000038
2 0.3237910766764627 0.3010701754385965 0.022415174993320883 0.015649122807017572
2 0.4506144803633449 0.2992105263157895 0.022642265562383145 0.01626315789473684
2 0.578199305370024 0.29871929824561405 0.021573604060913704 0.015473684210526339
3 0.17562115949772908 0.2339122807017544 0.017646273043013572 0.011719298245614027
3 0.43067058509217204 0.6296491228070175 0.017045150948437046 0.010754385964912292
3 0.3035933742986908 0.6303157894736842 0.0171787336361208 0.010421052631579074
2 0.19748864547154688 0.3020701754385965 0.020932407160032085 0.015175438596491233
3 0.9366818060379376 0.22701754385964915 0.018060379374833072 0.01063157894736842
3 0.555703980764093 0.2295438596491228 0.017993588030991197 0.012070175438596493
2 0.7050227090569061 0.29703508771929826 0.0220812182741115 0.015350877192982466
3 0.8119022174726155 0.6266315789473683 0.01772642265562384 0.010578947368420966
3 0.4288805770772108 0.23087719298245613 0.017365749398877965 0.01126315789473684
3 0.5577477958856532 0.6293157894736842 0.0171787336361208 0.010947368421052678
2 0.8318461127437884 0.29603508771929826 0.021880844242586305 0.015228070175438594
3 0.6830349986641732 0.22836842105263155 0.01791343841838115 0.010947368421052678
3 0.8103660165642531 0.22770175438596488 0.01784664707453913 0.010912280701754469
3 0.3023243387656959 0.2323859649122807 0.017512690355329964 0.011052631578947399
3 0.9387256211594976 0.626280701754386 0.017779855730697108 0.01038596491228058