2 0.05739015260263995 0.3494855853873239 0.020366506971317117 0.015406433965118822
3 0.16149988745129404 0.27939315580985913 0.017431805573087985 0.011341578523877634
3 0.2883816222206334 0.278382207306338 0.017431805573087985 0.010951942121478831
3 0.415904821776471 0.2773712588028169 0.017704428107349613 0.011046718543683956
3 0.5434280213323085 0.27568634463028163 0.01711107317983889 0.011130964252310775
3 0.6706946349735469 0.2743384132922535 0.01717521965848861 0.010662347498074402
3 0.28966455179362977 0.677032900528169 0.017175219658488682 0.010541244291923324
3 0.16316769589618932 0.677369883362676 0.017431805573087985 0.010541244291923324
3 0.7984744204439836 0.27366444762323944 0.01633329712620992 0.010335895377145713
2 0.059250400483484664 0.7464513644366196 0.02076742246287847 0.01613305320202471
3 0.7995007641023807 0.6736630721830985 0.017367659094438197 0.010746593206701125
3 0.6722341504611424 0.6746740206866196 0.017511988671400313 0.011046718543684051
3 0.4174443372640666 0.6763589348591549 0.017640281628699895 0.010335895377145713
3 0.9257410340852219 0.2729904819542253 0.01677430416692733 0.010620224643760992
2 0.18318139723493243 0.34847463688380276 0.021088154856127545 0.015048389703455125
2 0.8200276372703224 0.34274592869718307 0.021376814010051853 0.015343249683648802
3 0.5449675368199042 0.6756849691901408 0.017367659094438197 0.010825573558538698
2 0.30993483904697217 0.34678972271126757 0.021986205557225042 0.0157012939453125
2 0.43745803860280974 0.34577877420774644 0.021200411193764805 0.01558545609595067
2 0.6922478517998855 0.3437568772007042 0.021168337954439873 0.015406433965118822
2 0.5649812381586473 0.34544179137323944 0.021120228095452404 0.01487989828620158
3 0.9277937214020162 0.6733260893485915 0.017431805573088058 0.010456998583296694
2 0.18510579159442697 0.7464513644366196 0.021088154856127545 0.015343249683648802
2 0.821567152757918 0.7424075704225351 0.022034315416212296 0.014816714004731467
2 0.6943005391166798 0.7437555017605633 0.021376814010051853 0.014479731170224379
2 0.5665207536462429 0.7444294674295774 0.02182583936060046 0.01476406043683975
2 0.31173094044916705 0.7457773987676055 0.02161736330498855 0.01563810966384248
2 0.4392541400050046 0.7451034330985915 0.02182583936060046 0.0157012939453125