2 0.10264211507873983 0.7046062290268457 0.020754614692812475 0.015375124528104038
3 0.20161625701589275 0.6387701866610739 0.01655172880141085 0.010899076525796924
3 0.44406928167478626 0.6384490352348994 0.016246064372945238 0.010397277422399421
3 0.5653569268899261 0.6378067323825504 0.01586398383736324 0.01068832090237
2 0.10068586273656016 0.3254869704278524 0.02005158650734169 0.014401634267512595
3 0.322048041831329 0.6384490352348994 0.016429463030024648 0.009965730193477308
3 0.8079322173202059 0.635558672399329 0.016490595915717787 0.009815190462458077
2 0.22215690660877938 0.7046062290268457 0.020601782478579706 0.014120626769609809
3 0.686644572105066 0.6365221266778524 0.01661286168710406 0.010316989565855769
3 0.200149067759258 0.2594903523489933 0.016429463030024648 0.01093922045406875
2 0.46460993126767286 0.7039639261744968 0.021151978449817796 0.014903433370910192
2 0.3430777545097605 0.7039639261744968 0.02104499589985484 0.014401634267512502
2 0.8289619299986373 0.7013947147651007 0.021365943549743558 0.014070446859270192
3 0.5638897376332913 0.2556365352348994 0.01675041067991351 0.01128044384437923
3 0.9297089256208906 0.6345952181208054 0.016490595915717787 0.010397277422399421
3 0.3205808525746942 0.2577240195050336 0.016047382494442614 0.010437421350671154
3 0.44260209241815146 0.25692114093959734 0.0161849314872521 0.011200155987835577
2 0.5863866395683577 0.7033216233221476 0.02055593281430989 0.014341418375104808
2 0.7076742847834976 0.7026793204697988 0.020372534157230476 0.013899835164114999
2 0.7062070955268627 0.3195456690436242 0.020922730128468566 0.014401634267512595
2 0.46265367892549314 0.3219543047399329 0.020403100600077117 0.014963649263317981
2 0.5844303872261779 0.32066969903523496 0.020250268385844348 0.014401634267512595
3 0.806465028063571 0.25403077810402686 0.016047382494442507 0.009624506803166923
2 0.34136603371035334 0.3229177590184564 0.02124367777835743 0.014903433370910192
2 0.8274947407420026 0.31906394190436244 0.021274244221203924 0.014622425873007595
2 0.22068971735214463 0.32404178901006714 0.020250268385844275 0.014401634267512595
3 0.9282417363642559 0.25322789953859065 0.015802850951670246 0.010527745189282693
3 0.6851773828484312 0.25435192953020136 0.016368330144331512 0.009815190462458077
0 0.0954895674526454 0.6092242554530202 0.0078250093687187 0.011370767682990768
0 0.08326299031402243 0.9062893246644296 0.008894834868348203 0.010939220454068845