3 0.32348340478532334 0.9796637457770271 0.018156131897077 0.010679708944784731
3 0.44208914214847767 0.21468538851351354 0.017818486164417988 0.010639293773754256
3 0.19898421463393776 0.21775694151182434 0.017618968231483057 0.010548359638935854
3 0.20315874369226822 0.9796637457770271 0.018018004097352915 0.010679708944784731
2 0.21985685992559015 0.2830678578969595 0.020565694625598693 0.014892990524704431
3 0.4450358685425933 0.9803103885135136 0.018018004097352845 0.010800954457875682
2 0.46271622690728703 0.28015796558277034 0.0216553694900894 0.015479010504645316
2 0.3409182026171742 0.2811279296875 0.021333071290732992 0.015600256017736456
3 0.3202911178583647 0.21614033467060811 0.017342712632034674 0.010467529296875
3 0.5643782875042765 0.21387708509290543 0.017342712632034674 0.011053549276815886
3 0.8109210624786178 0.9783704603040542 0.017741748497904535 0.010346283783783671
3 0.6896141592541909 0.9790171030405407 0.01795661396414214 0.010720124115814921
3 0.6861763117943894 0.21258379961993243 0.017480840431758973 0.010679708944784636
3 0.5673250138983921 0.9796637457770271 0.018447735029828057 0.010507944467905568
2 0.5850053722630859 0.2793496621621622 0.0201052686265182 0.014498942607157896
2 0.7077856386845707 0.2780563766891892 0.020964730491468627 0.014660603291279604
3 0.8079743360845022 0.21177549619932434 0.017020414432678266 0.010230090167071352
2 0.8290925419089976 0.27740973395270274 0.021532589223667995 0.015004132245038023
3 0.3220100415882655 0.5991144953547298 0.017618968231483127 0.01084136962890625
3 0.20070313836383855 0.5997611380912162 0.01768035836469383 0.011053549276815792
3 0.5658516507013343 0.5974978885135136 0.017741748497904535 0.010972718934755031
3 0.6881407960571332 0.5965279244087839 0.01812543683047179 0.01076053928684549
2 0.342391565814232 0.6647487331081081 0.021010773091376583 0.014892990524704336
3 0.44405362641122137 0.5981445312500001 0.017741748497904535 0.01042711412584462
2 0.22182134418833394 0.6660420185810811 0.02113355335779806 0.014892990524704336
2 0.4644351506371878 0.6641020903716217 0.021363766357338342 0.015357764991553988
2 0.5864787354601437 0.6634554476351352 0.021133553357798134 0.014892990524704336
0 0.08037847727078344 0.914352829391892 0.008970633215419733 0.009957287762615957
3 0.9327190867687309 0.977077174831081 0.01768035836469383 0.009841094145903829
2 0.7092590018816286 0.6628088048986487 0.021240986090916937 0.014104894689611456
3 0.9302634814403011 0.21096719277871623 0.017281322498824116 0.010548359638935854
3 0.8099388203472461 0.5955579603040541 0.017741748497904535 0.01050794446790538
2 0.8310570261717415 0.6615155194256757 0.021578631823575948 0.014216036409945142
3 0.9322279657030448 0.5952346389358109 0.017618968231483127 0.010310920509132113