3 0.1996600046737131 0.24632314387583895 0.01675041067991344 0.010608033045826346
2 0.10050246407948081 0.31248033766778527 0.019409691207563966 0.014231022572357404
3 0.3203363210319218 0.2447173867449665 0.016490595915717714 0.009815190462458077
3 0.806465028063571 0.24118472105704702 0.01551246974462788 0.009815190462458077
3 0.5634006745477464 0.24262990247483227 0.01713249121549551 0.010316989565855673
3 0.4421130293326066 0.24407508389261745 0.016811543565606647 0.0103571334941275
3 0.6846883197628864 0.2415058724832215 0.016047382494442507 0.009815190462458077
3 0.20124945970173408 0.6272087353187921 0.016949092558416097 0.010121287915530578
2 0.10245871642166049 0.6924024748322148 0.019791771743145926 0.014622425873007501
3 0.9282417363642559 0.23973953963926178 0.01569586840170715 0.010161431843802405
0 0.0831407245426362 0.9062893246644296 0.009001817418311157 0.010608033045826156
3 0.322048041831329 0.626566432466443 0.016551728801410814 0.010086161978292693
3 0.4435802185892414 0.6262452810402686 0.016689277794220372 0.01000587412174923
2 0.22056745158075838 0.3113563076761745 0.0199751704002253 0.013960051056522692
3 0.686644572105066 0.6243183724832215 0.016872676451299785 0.01020157577207423
3 0.8079322173202059 0.6233549182046981 0.016246064372945238 0.00958938086592904
2 0.8270056776564576 0.3055755820050336 0.020754614692812475 0.014281202482697116
3 0.5653569268899261 0.6256029781879195 0.015986249608749514 0.010276845637583847
2 0.34136603371035334 0.30942939911912754 0.020601782478579706 0.014281202482697116
2 0.7057180324413179 0.30653903628355705 0.020173852278728033 0.013849655253775192
3 0.9301979887064356 0.622712615352349 0.016123798601558964 0.009775046534186154
2 0.583941324140633 0.3076630662751678 0.01963893952891312 0.013689079540687885
2 0.46265367892549314 0.3083053691275168 0.020250268385844348 0.014070446859270096
2 0.22215690660877938 0.6917601719798658 0.01963893952891312 0.013849655253775192
2 0.8289619299986373 0.6879063548657719 0.021243677778357284 0.013799475343435385
2 0.3430777545097605 0.6917601719798658 0.020754614692812475 0.014180842662017691
2 0.5858975764828127 0.6898332634228188 0.02055593281430989 0.013538539809668654
2 0.7071852216979526 0.6891909605704699 0.020128002614457928 0.013377964096581346
2 0.46436539972490043 0.6904755662751679 0.02072404824996598 0.014281202482697116