3 0.4438217558682247 0.2134060402684564 0.01754079651142986 0.010687919463087236
3 0.44700286171771203 0.9743791946308726 0.01766855176642942 0.010167785234899232
3 0.2019810581541921 0.21629194630872486 0.01760467413892957 0.010352348993288582
3 0.32278642728170887 0.2148489932885906 0.01700422444043202 0.010469798657718148
2 0.4646075358566416 0.27859060402684566 0.02136067863591463 0.015553691275167788
3 0.20614587946717547 0.9737248322147652 0.01760467413892957 0.009882550335570764
2 0.22276683814260895 0.28117449664429534 0.02068357578441727 0.014966442953020192
2 0.34307396177562777 0.2795637583892618 0.02083688209041654 0.01578859060402692
3 0.5658407999182368 0.21244966442953023 0.017208632848431177 0.011107382550335576
3 0.6871316390147516 0.21098993288590606 0.017464143358430297 0.010654362416107404
3 0.5692646407522229 0.9737248322147652 0.017745204919428985 0.01020134228187923
3 0.6905554798487378 0.9730872483221479 0.017885735699928542 0.010167785234899232
2 0.7081601539876674 0.27667785234899334 0.021002963921915953 0.01468120805369125
3 0.8113608489762547 0.9724496644295304 0.017272510475930886 0.009932885906040382
3 0.8084224781112663 0.21020134228187917 0.01713197969543147 0.010117449664429496
2 0.8294509930841822 0.2757046979865772 0.021654515722413316 0.015083892617449711
2 0.5863838449221546 0.2776342281879195 0.020453616325418148 0.014228187919463077
3 0.5673099853507308 0.5944463087248323 0.01754079651142986 0.010906040268456346
3 0.324498347698702 0.5957382550335572 0.017068102067931728 0.010570469798657693
3 0.20357799884168573 0.5966946308724833 0.017068102067931766 0.010469798657718077
3 0.6890862944162437 0.5934899328859061 0.017885735699928542 0.01060402684563769
2 0.3450286171771199 0.6615771812080538 0.021271249957414924 0.01520134228187904
2 0.5878530303546486 0.6609228187919465 0.020555820529417852 0.014513422818791923
2 0.4665621912581338 0.6609228187919465 0.021807822028412874 0.015134228187919424
3 0.44603192177971596 0.5954194630872484 0.017336388103430737 0.010117449664429425
2 0.2246065138146016 0.6622147651006712 0.020632473682417416 0.014513422818791923
3 0.8103771335127586 0.59251677852349 0.017272510475930886 0.01040268456375846
2 0.7101148093891596 0.6596476510067114 0.02136067863591449 0.014127516778523462
3 0.9301987871767793 0.20954697986577184 0.01741304125643059 0.010687919463087236
2 0.8314056484856744 0.6583557046979867 0.02083688209041654 0.014127516778523462
3 0.9326389125472695 0.9711577181208054 0.017809082546928836 0.009664429530201156
3 0.9321534425782715 0.5918791946308725 0.017668551766429133 0.01020134228187923
3 0.32652965625319397 0.9750000000000002 0.019163288249923416 0.011275167785234998