2 0.08166058052927877 0.6367811604272546 0.020510208290360946 0.014997679715887481
3 0.1865126211431962 0.9570176866319445 0.017887550064280063 0.01063368055555543
1 0.7050307390559073 0.23691813151041666 0.02134202401849288 0.01455900404188365
1 0.2058198180379747 0.634752979827369 0.021468214847870492 0.015067842271592819
1 0.8302120417985233 0.23575507269965282 0.021420893286853808 0.015015920003255209
1 0.3302439758043249 0.6340196397569445 0.021831013482331175 0.015420913696289062
1 0.453658606935654 0.23874579535590282 0.021925656604364404 0.014901691012912294
3 0.3105582064214135 0.9576822916666666 0.018234574845068588 0.010799831814236237
1 0.57883990967827 0.23741658528645834 0.02126315475013181 0.014725155300564268
3 0.4354871275052743 0.9570176866319445 0.017824454649591294 0.010514259338378906
3 0.5606684302478904 0.9570176866319445 0.018518504211168203 0.01059733496771931
1 0.455425278546941 0.6333550347222223 0.022178038263119773 0.015420913696289062
3 0.6863544963080169 0.9556884765625 0.017761359234902522 0.01063368055555543
1 0.706545029008439 0.6316935221354166 0.02183101348233132 0.014725155300564173
3 0.8110310357331224 0.9550238715277779 0.017761359234902522 0.010114457872178946
1 0.2040531464266878 0.24173651801215282 0.021594405677248178 0.01449669731987844
1 0.328477304193038 0.24024115668402782 0.02149976255521488 0.015015920003255209
1 0.5803541996308017 0.6330227322048612 0.02149976255521488 0.015244377983941036
2 0.0797551794897152 0.24339803059895834 0.021673274945609177 0.015659756130642393
1 0.8317263317510549 0.6310289171006945 0.021499762555215022 0.014610926310221354
3 0.9362123384757385 0.9543592664930556 0.01676760645355363 0.00980811648898642