2 0.5844303872261779 0.3224360318791947 0.020097436171611575 0.014562209980599808
2 0.10264211507873983 0.7071754404362417 0.0204489502643469 0.015134260958473079
2 0.46265367892549314 0.3230783347315436 0.0206323489214262 0.015023865155725673
2 0.34136603371035334 0.3245235161493289 0.02099914623558488 0.014732821675755
2 0.7057180324413179 0.3209908504614094 0.020800464357082292 0.014512030070260095
2 0.22203464083739313 0.7071754404362417 0.020128002614458074 0.014120626769609809
3 0.9282417363642559 0.25467308095637586 0.015741718065976965 0.010608033045826346
2 0.2203229200379859 0.32580812185402686 0.020403100600077044 0.014401634267512595
3 0.686644572105066 0.6387701866610739 0.0168115435656065 0.0103571334941275
3 0.5634006745477464 0.25724229236577184 0.017010225444109236 0.011330623754718943
3 0.4421130293326066 0.2585268980704698 0.016307197258638374 0.01093922045406875
3 0.5653569268899261 0.6397336409395974 0.016490595915717787 0.010979364382340578
3 0.9297089256208906 0.6371644295302015 0.016184931487252245 0.009775046534186154
2 0.3425886914242156 0.7065331375838927 0.021151978449817796 0.014341418375104808
3 0.4433356870464689 0.6403759437919464 0.016429463030024648 0.01072846483064173
3 0.32058085257469426 0.25965092806208057 0.01655172880141085 0.0103571334941275
3 0.20137172547312032 0.6413393980704699 0.01727004020830496 0.011330623754719037
3 0.3218035102885565 0.6410182466442954 0.016689277794220338 0.010527745189282693
3 0.19990453621648555 0.26109610947986583 0.01675041067991344 0.01114997607749577
3 0.6851773828484312 0.2564394138003356 0.01661286168710406 0.010121287915530578
2 0.8274947407420026 0.3201879718959732 0.02107556234270148 0.014793037568162788
2 0.5858975764828127 0.7052485318791947 0.020831030799928933 0.014010230966862498
2 0.7076742847834976 0.7046062290268457 0.020754614692812475 0.014180842662017691
3 0.806465028063571 0.2554759595218121 0.017010225444109236 0.010241719700346057
2 0.46436539972490043 0.7058908347315437 0.020800464357082292 0.015134260958473079
2 0.10050246407948081 0.3269321518456376 0.020280834828690843 0.014622425873007595
3 0.8079322173202059 0.6374855809563759 0.016689277794220227 0.009775046534186154
2 0.8289619299986373 0.7033216233221476 0.021274244221203924 0.014341418375104808
0 0.0831407245426362 0.9062893246644296 0.009070591914715919 0.010161431843802499