3 0.686552691785229 0.9805633802816902 0.0193036390934439 0.010704225352112644
3 0.5587733252305712 0.9819190140845071 0.01894169586044183 0.010704225352112644
3 0.1738936155001072 0.18561619718309857 0.018821048116107852 0.011302816901408476
3 0.30423339529563165 0.9819190140845071 0.01896850647029385 0.01091549295774674
2 0.1955699935654536 0.25470070422535207 0.021488703796382302 0.015880281690140805
3 0.43099395867591334 0.9819190140845071 0.018539536712661765 0.01086267605633831
3 0.1782503396010581 0.9819190140845071 0.01868699506684776 0.010457746478873181
2 0.19762100521913203 0.6516725352112676 0.02164956745549434 0.015105633802817047
2 0.45177218131121755 0.6503169014084507 0.022721991849574654 0.016003521126760536
3 0.8132998498605848 0.9798943661971832 0.018271430614141722 0.01061619718309847
2 0.3221965038964753 0.25285211267605634 0.02215896904268248 0.016637323943661974
2 0.3239928147565596 0.6510035211267604 0.02140827196682639 0.01540492957746475
3 0.30064077357546287 0.18394366197183099 0.018405483663401744 0.011179577464788698
2 0.4494664688639451 0.2518309859154929 0.02254772288553664 0.01639084507042251
2 0.5787874454850933 0.6489788732394366 0.02154232501608641 0.01522887323943659
3 0.42791073854293266 0.18276408450704223 0.018767426896403816 0.011443661971830986
2 0.7055346035604488 0.24948943661971829 0.02195788946879252 0.015633802816901438
3 0.6834694716522485 0.18056338028169014 0.01847251018803168 0.01156690140845067
3 0.5556901050975905 0.18174295774647886 0.01861996854221775 0.011707746478873227
2 0.577755237005791 0.2511619718309859 0.021864052334310345 0.01540492957746475
3 0.1755558733109316 0.5832570422535212 0.018405483663401744 0.010985915492957854
3 0.8102300350325301 0.17955985915492956 0.01819099878458574 0.010616197183098612
2 0.7070762136269393 0.648644366197183 0.021408271966826244 0.014982394366197128
2 0.834346178594409 0.6472887323943662 0.02245388575105461 0.015334507042253639
2 0.8322951669407307 0.24880281690140843 0.022721991849574654 0.015950704225352108
3 0.3024370844355473 0.5825880281690141 0.018271430614141722 0.010950704225352107
3 0.9385188031743761 0.17889084507042252 0.018767426896403816 0.011302816901408429
3 0.5577411167512689 0.5812323943661971 0.018325051833845616 0.011478873239436591
3 0.6850110817187388 0.5802288732394366 0.018901479945663692 0.011126760563380458
3 0.9405698148280546 0.9785387323943661 0.018539536712661765 0.01010563380281686
3 0.4299617501966111 0.5822535211267605 0.018767426896403816 0.010704225352112833
3 0.8122810466862086 0.579225352112676 0.018271430614141722 0.01061619718309847
3 0.9405698148280546 0.5785387323943662 0.018325051833845904 0.01061619718309847