2 0.2221536129186114 0.706526845637584 0.020198105815419243 0.014345637583892502
2 0.34258849180662976 0.7058892617449665 0.021041290498415806 0.014614093959731539
2 0.5854129049841584 0.7046140939597316 0.020632473682417416 0.01374161073825519
3 0.9277586618062891 0.2546812080536913 0.015803325043436744 0.009966442953020098
2 0.7071892140496713 0.7033221476510069 0.020325861070418876 0.013640939597315386
2 0.46436480087214266 0.705251677852349 0.021156270227915365 0.015134228187919424
2 0.8289655231151841 0.7026845637583893 0.02079855551391683 0.0143959731543625
2 0.10245971450959017 0.706526845637584 0.02060692263141756 0.015318791946308655
2 0.22056944775661774 0.3262919463087249 0.020325861070418734 0.013842281879194616
2 0.34136204135863457 0.325 0.0209518618199161 0.014228187919463077
2 0.5839437195516642 0.32291946308724834 0.01990426872892049 0.014345637583892597
2 0.7057200286171772 0.3216275167785235 0.02055582052941771 0.014345637583892597
2 0.4628956154396484 0.3238758389261745 0.020325861070418588 0.01468120805369125
2 0.10050505910809798 0.3275671140939598 0.02019810581541921 0.01468120805369125
2 0.8274963376826902 0.32067114093959737 0.02083688209041654 0.014899328859060385
3 0.9292150717132832 0.6362080536912753 0.01612271318093528 0.009731543624160963
3 0.8064678227097742 0.25546979865771813 0.01668483630293323 0.010117449664429519
3 0.6866461690457535 0.6381208053691276 0.016812591557932934 0.01043624161073827
3 0.5653553299492385 0.6390939597315437 0.015867202670936453 0.010520134228187886
3 0.3208317718802167 0.25964765100671144 0.016301570537934802 0.010520134228187886
3 0.6846915136442614 0.25627516778523496 0.01642932579293411 0.010352348993288654
0 0.08295148707116821 0.9062919463087248 0.008968418900964125 0.010654362416107309
3 0.4435790208837257 0.6400503355704699 0.016365448165434403 0.010654362416107498
3 0.19978366776820086 0.2609395973154363 0.01674871393043301 0.010906040268456346
3 0.20149558818519403 0.6407046979865773 0.01713197969543147 0.011325503355704617
3 0.5629152045787484 0.25724832214765103 0.0174130412564303 0.011023489932885867
3 0.8074387626477703 0.6371644295302015 0.016748713930432937 0.009630872483221538
3 0.32204544680271185 0.6407046979865773 0.016876469185432497 0.010167785234899232
3 0.44186710046673255 0.258523489932886 0.016186590808435136 0.01093959731543625
0 0.09517766497461931 0.6066610738255034 0.008891765747964454 0.011107382550335576