3 0.2063612640308858 0.1779225352112676 0.017038142560949442 0.010105633802816906
3 0.7150523700579108 0.17191901408450705 0.016716415242725362 0.01139084507042251
3 0.46025773932937725 0.1739788732394366 0.016917494816615468 0.012218309859154933
3 0.5877824050904411 0.17258802816901408 0.016984521341245406 0.01183098591549296
3 0.20790287409737612 0.5742781690140845 0.016716415242725435 0.01170774647887318
3 0.3342746836348037 0.5739436619718309 0.016032744691499356 0.011443661971831033
3 0.7171033817115894 0.5715845070422535 0.01710516908557938 0.011179577464788698
3 0.9700882962751125 0.16971830985915493 0.017909487381139507 0.01139084507042251
3 0.46238918281261165 0.5729225352112676 0.017172195610209464 0.011795774647887357
3 0.8433411381997569 0.5708978873239435 0.016716415242725362 0.010211267605633718
3 0.5893240151569314 0.5722535211267605 0.018123972259955656 0.011338028169014176
3 0.972152713233717 0.569894366197183 0.016716415242725362 0.011179577464788698
2 0.3542888038893258 0.24470070422535212 0.021126760563380302 0.01570422535211274
2 0.863864660041467 0.23931338028169014 0.02132784013727055 0.015281690140845114
2 0.22779634660756415 0.24554577464788732 0.020965896904268262 0.015827464788732374
2 0.6093381354114534 0.2413380281690141 0.021274218917566368 0.014700704225352107
2 0.7371175019661114 0.24049295774647883 0.02257453349538859 0.01522887323943659
2 0.4820681704439837 0.24385563380281686 0.021569135625938356 0.014876760563380269
2 0.22984735826124256 0.6436971830985915 0.020885465074712208 0.01545774647887318
2 0.3560851147494101 0.6430105633802817 0.021984700078644465 0.015827464788732374
2 0.7391685136197896 0.6410035211267604 0.022319832701794735 0.015580985915492913
2 0.10212161292628869 0.2473943661971831 0.02033584757274611 0.015580985915493006
2 0.4833550797168799 0.6423415492957746 0.021461893186530284 0.01540492957746475
2 0.6113891470651318 0.6420070422535211 0.021984700078644465 0.015528169014084672
3 0.2102085865446486 0.9712323943661971 0.017788839636805606 0.010580985915493103
2 0.8659156716951454 0.6403169014084507 0.021823836419532353 0.015528169014084672
3 0.7181221848859655 0.9706690140845071 0.01840548366340189 0.010827464788732566
3 0.46435976263673406 0.9719190140845069 0.018123972259955656 0.010827464788732566
3 0.5913750268106098 0.9712323943661971 0.018325051833845616 0.010545774647887356
3 0.8453921498534352 0.9698943661971829 0.01737327518409971 0.010264084507042148
3 0.3363256952884821 0.9712323943661971 0.01710516908557938 0.010140845070422604
3 0.972581682991349 0.967869718309859 0.017172195610209464 0.010369718309859385
2 0.1022556659755487 0.6443661971830985 0.020724601415600202 0.01420774647887337
3 0.33297436905698147 0.17566901408450705 0.01741349109887756 0.010616197183098563
3 0.8421212554514906 0.17144366197183097 0.017480517623507497 0.009049295774647845