2 0.5867696434084595 0.32956772648083626 0.02081489150779566 0.015120343464176832
2 0.08778208455541835 0.7290532447735192 0.02117895424899659 0.015714319740853664
2 0.4606456468045693 0.3302346472125436 0.021368900027014467 0.015599692740091485
2 0.33502817227539367 0.3317352188588851 0.021748791583050354 0.015297494283536632
2 0.7123871179376351 0.3280671548344948 0.021543016990197523 0.01506824028201218
2 0.21143678604507568 0.7290532447735192 0.020846549137465295 0.014661835461128021
3 0.9428546619326954 0.2592075892857143 0.016303679279870358 0.011014612709603662
2 0.2096639587835752 0.33306906032229966 0.02113146780449214 0.01495361328125
3 0.6926327570237728 0.6580261868466899 0.017411696318308252 0.0107540967987804
3 0.5649891941957395 0.2618752722125436 0.0176174709111608 0.011764898532774359
3 0.4393717196665638 0.26320911367595823 0.016889345428758938 0.0113584937118902
3 0.5670152824945972 0.6590265679442509 0.01707929120677674 0.011400176257621979
3 0.9443742281568387 0.6563588850174217 0.016762714910080405 0.010149699885670695
2 0.3362944774621797 0.7283863240418119 0.021907079731398525 0.01489108946265238
3 0.44063802485334985 0.6596934886759582 0.017015975947437475 0.011139660346798716
3 0.31350098410003086 0.26437622495644597 0.01714260646611608 0.010754096798780494
3 0.19003622838839151 0.6606938697735192 0.0178865607633529 0.011764898532774359
3 0.31476728928681696 0.6603604094076655 0.017285065799629504 0.010931247618140294
3 0.18851666216424823 0.26587679660278746 0.017348381058968843 0.011577327076981685
3 0.6911131907996296 0.2610416212979094 0.017205921725455275 0.010509211842606685
2 0.8385111145415253 0.32723350391986067 0.02182793565722437 0.015360018102134158
2 0.5882892096326028 0.7270524825783973 0.0215746746198673 0.014547208460365937
2 0.7144132062364928 0.7263855618466899 0.021495530545693142 0.014724359279725641
3 0.8167306653288052 0.26004124020034847 0.017617470911160945 0.010634259479801832
2 0.46241847406606984 0.7277194033101045 0.021543016990197523 0.015714319740853664
2 0.08556605047854278 0.33423617160278746 0.021004837285813534 0.015182867282774359
3 0.8182502315529485 0.6566923453832754 0.01728506579962943 0.010149699885670695
2 0.8400306807656686 0.7250517203832754 0.022033710250077058 0.01489108946265238
0 0.06758451682618093 0.9357986716027875 0.00939440160446898 0.010550894388338368