3 0.20182151034691317 0.20624466723549487 0.017659825146077245 0.010707399544048618
2 0.7153363556832418 0.26781476642491464 0.021024339682248233 0.01493319879212881
2 0.5917951030371106 0.2691212937286689 0.02110186305865774 0.01475967563459894
3 0.3243704637750032 0.2047748240187713 0.017458264367412626 0.010656363321245739
2 0.8388776083293731 0.2671615027730375 0.02238875110705481 0.015453768264718424
2 0.46825385039097933 0.26977455738054607 0.02170654539465152 0.015637498666808844
2 0.34520874735386875 0.27075445285836175 0.0214584705901413 0.016066202938353247
2 0.22303190613254414 0.2727142438139931 0.021132872409221497 0.015392524797354952
3 0.4476636416166242 0.20330498080204776 0.01806294670340655 0.010829886478775612
3 0.2035580339784853 0.591996853668942 0.01779936722361427 0.010870715457017847
3 0.6940019224953556 0.20118187393344708 0.017799367223614342 0.010748228522290949
3 0.5709568194582451 0.20248840123720135 0.017721843847204835 0.011340248706804583
3 0.817543175141487 0.2002019784556314 0.017458264367412626 0.01037566409582979
2 0.7173209541193243 0.656016691552901 0.020900302279993194 0.014647395944432635
2 0.8403660571564349 0.6547101642491466 0.02167553604408769 0.014933198792128906
3 0.32610698740657534 0.5913435900170647 0.017861385924741863 0.010707399544048712
2 0.34694527098544087 0.658303114334471 0.021132872409221428 0.01545376826471852
2 0.593779701473193 0.6566699552047781 0.02090030227999305 0.015045478482295304
3 0.9410844277876182 0.19954871480375427 0.018000928002278888 0.010829886478775612
3 0.4494001652481963 0.5906903263651877 0.01855909631242714 0.01053387638651884
2 0.22476842976411626 0.658956377986348 0.021303423837322356 0.01498423501493183
3 0.6959865209314382 0.5890571672354948 0.018419554234890112 0.010952373413502603
3 0.5729414178943275 0.5900370627133106 0.017799367223614342 0.010829886478775658
2 0.4702384488270618 0.658303114334471 0.021504984615986975 0.015515011732081993
3 0.8190316239685487 0.5880772717576791 0.017799367223614342 0.01057470536476103
3 0.9430690262237006 0.587424008105802 0.018202488780943434 0.010452218430034084
0 0.08187734236618135 0.9098096203071672 0.009310557506777329 0.010493047408276274
3 0.3275954362336372 0.9770957764505118 0.018000928002278888 0.010615534343003597
3 0.20579070721907805 0.9770957764505118 0.017923404625869454 0.01053387638651884
3 0.4503924644662375 0.9770957764505118 0.017721843847204835 0.01057470536476103
3 0.5744298667213893 0.9770957764505118 0.018342030858480605 0.010615534343003597
3 0.6974749697585 0.9764425127986347 0.0184505635854538 0.010452218430034084
3 0.82002392318659 0.9751359854948806 0.017799367223614342 0.010334835117587317
3 0.9430690262237006 0.9744827218430034 0.017861385924742006 0.00986530186780063