2 0.2224014381515518 0.2806863464765101 0.020724048249965907 0.015254692743288558
3 0.32571601497291597 0.972446518456376 0.01774382007242659 0.009930604256239425
3 0.20149399124450654 0.21468972839765102 0.01740758920111448 0.010397277422399327
3 0.20565102747163833 0.972446518456376 0.01780495295811973 0.01004601805002115
3 0.4435802185892414 0.2122810927013423 0.017331173093998096 0.010567889117554519
3 0.32253710491687393 0.21340512269295303 0.017132491215495437 0.009965730193477332
3 0.4465145971025109 0.972446518456376 0.01774382007242659 0.009930604256239425
2 0.46436539972490043 0.2781171350671141 0.020999146235585023 0.015084081048133366
2 0.34283322296698804 0.27924116505872487 0.02099914623558488 0.015495556312919424
3 0.5653569268899261 0.21099648699664433 0.017407589201114407 0.011069688220952188
3 0.5687803684887406 0.972446518456376 0.018018918058045636 0.01035713349412769
3 0.6900680137038804 0.9711619127516778 0.01801891805804549 0.010527745189282693
3 0.6871336351906109 0.2097118812919463 0.017804952958119583 0.010608033045826323
2 0.7081633478690423 0.27619022651006714 0.020678198585696018 0.014682641765415288
3 0.8108665958334753 0.96987730704698 0.017545138193923858 0.010241719700345963
3 0.8084212804057508 0.20858785130033558 0.017208907322611967 0.01043742135067113
2 0.5863866395683577 0.27747483221476515 0.02052536637146325 0.014451814177852308
2 0.8294509930841822 0.27538734794463093 0.02173274086390238 0.015254692743288558
3 0.5673131792321058 0.5915609270134229 0.017468722086807546 0.01068832090237
3 0.20345024358668623 0.5938089869966443 0.0170713583298023 0.010241719700346152
2 0.5878538288249924 0.6564335151006713 0.020678198585696164 0.014562209980599808
3 0.6886008244472457 0.5905974727348994 0.017667403965310132 0.010567889117554614
3 0.44578100247419344 0.5925243812919464 0.01774382007242659 0.009965730193477308
2 0.22423542472234528 0.6590027265100672 0.020525366371463318 0.014281202482697116
2 0.3450340068519402 0.6583604236577182 0.02052536637146325 0.014732821675755
3 0.9301979887064356 0.20810612416107385 0.017545138193923858 0.010808752687185385
2 0.7096305371256773 0.6557912122483223 0.02032668449296066 0.014070446859270192
2 0.4660771205243076 0.6577181208053692 0.02156462542824629 0.014963649263317886
3 0.8098884696623856 0.5896340184563759 0.01733117309399795 0.010567889117554614
2 0.8309181823408169 0.6551489093959733 0.021243677778357284 0.014281202482697116
3 0.9321542410486152 0.9692350041946309 0.017071358329802225 0.009438841134909807
3 0.9321542410486152 0.588991715604027 0.017468722086807692 0.010161431843802499
3 0.3240042941735087 0.5934878355704699 0.017468722086807546 0.00973992059694846
0 0.08344638897110178 0.9069316275167787 0.008963609364752965 0.010527745189282693