2 0.5877914479910522 0.3107118644067796 0.01991310332960503 0.013559322033898317
2 0.4652671427342338 0.31169491525423726 0.020842295448679254 0.014220338983050832
3 0.19972468381657058 0.2487627118644068 0.016596403682353968 0.01054237288135596
3 0.5670394906650607 0.24501694915254238 0.016919039834810294 0.01045762711864408
3 0.3234879118988213 0.6322203389830509 0.01698356706530157 0.01045762711864408
3 0.812578508130431 0.24323728813559317 0.015899509593048047 0.00964406779661014
3 0.44426998193237544 0.2463220338983051 0.01659640368235404 0.01010169491525422
2 0.7108061601996042 0.30910169491525424 0.02045513206573172 0.013932203389830514
3 0.8140626344317301 0.6286440677966101 0.016415727436978573 0.009796610169491562
3 0.5690140239180934 0.6309152542372881 0.016660930912845175 0.010220338983050775
3 0.6895637959218791 0.24388135593220336 0.016596403682353753 0.01027118644067798
3 0.20158306805471907 0.6325423728813558 0.016854512604319014 0.010423728813559213
3 0.6915383291749119 0.6299491525423729 0.01730620321775797 0.010305084745762845
3 0.4457541082336745 0.6315762711864407 0.016919039834810294 0.009983050847457662
2 0.10184978060741633 0.6996949152542372 0.019990536006194645 0.014711864406779492
3 0.9351028133872495 0.24194915254237287 0.016144713068914938 0.009983050847457568
3 0.32200378559752213 0.24728813559322035 0.016144713068915083 0.00972881355932202
3 0.9370773466402821 0.628322033898305 0.016596403682353753 0.009881355932203443
2 0.22269637787146176 0.699050847457627 0.018983911210530804 0.013355932203389785
2 0.3427557429235137 0.3133220338983051 0.021010066247956635 0.014711864406779683
2 0.3447302761765465 0.6983898305084746 0.020300266712552705 0.014491525423728717
2 0.8338208724081563 0.3081186440677966 0.02073905187989329 0.013983050847457624
2 0.22072184461842898 0.31477966101694915 0.020106685021078867 0.014271186440678036
2 0.7127806934526368 0.6957966101694915 0.020067968682784043 0.013677966101694968
2 0.4672416759872666 0.6971016949152542 0.02125526972382353 0.014423728813559364
2 0.5902692936419168 0.6964576271186441 0.020403510281338667 0.013610169491525426
2 0.8353049987094554 0.6945084745762712 0.02148756775359219 0.01393220338983061
2 0.09912673148068485 0.3159152542372881 0.020222834035963165 0.014542372881355922
0 0.08214316441538329 0.9157627118644067 0.008840230577303602 0.01062711864406765