3 0.3210745068647157 0.26382550335570476 0.01695312233843213 0.010469798657718172
2 0.46485027084114067 0.7078187919463088 0.021271249957414924 0.01501677852349
3 0.4423525704357306 0.2628691275167785 0.01754079651142986 0.010906040268456346
2 0.7076746840186693 0.706526845637584 0.020530269478417712 0.014513422818791923
2 0.8274963376826902 0.3248489932885907 0.021437331788914195 0.01479865771812077
2 0.3435722072701258 0.7084563758389263 0.021156270227915365 0.014966442953020001
3 0.20039689299219846 0.26526845637583896 0.017004224440431984 0.010805369127516732
2 0.5863838449221546 0.7071812080536913 0.02068357578441727 0.014899328859060385
3 0.2023515483936906 0.6439093959731544 0.017068102067931766 0.010721476510067116
3 0.6846915136442614 0.2601342281879195 0.017068102067931475 0.01043624161073827
3 0.8064678227097742 0.259496644295302 0.01713197969543147 0.010083892617449616
2 0.3418602868531326 0.3291778523489933 0.02107961707491566 0.015251677852348943
2 0.223009573127108 0.7091107382550337 0.020198105815419243 0.014513422818791923
3 0.32278642728170887 0.6435906040268456 0.01674871393043301 0.01060402684563769
2 0.8289655231151841 0.7046140939597316 0.02185892413041244 0.01479865771812096
2 0.7062054985861753 0.32580536912751684 0.020926310768916535 0.01479865771812077
3 0.4443200013627228 0.6426174496644296 0.01668483630293323 0.01043624161073827
3 0.9277586618062891 0.258523489932886 0.016748713930432937 0.010570469798657693
2 0.5844291895206623 0.3269295302013423 0.020198105815419174 0.014848993288590672
2 0.10263857186658945 0.709748322147651 0.021002963921915987 0.015134228187919424
2 0.10050505910809798 0.33174496644295304 0.02068357578441727 0.015553691275167788
3 0.5653553299492385 0.6419798657718121 0.016365448165434403 0.011543624161073846
2 0.46338108540864653 0.32790268456375843 0.02136067863591463 0.01520134228187923
3 0.8084224781112663 0.6400503355704699 0.016748713930432937 0.01
2 0.22154038769461387 0.3307885906040269 0.020951861819916172 0.014731543624161058
3 0.6866461690457535 0.6410234899328859 0.01713197969543147 0.010939597315436155
3 0.5634006745477464 0.26140939597315443 0.01713197969543147 0.011375838926174425
3 0.9292150717132832 0.6394127516778524 0.01713197969543147 0.01
0 0.08344973256566621 0.9082214765100671 0.008623479712465517 0.010352348993288843