0 0.07799214316892186 0.9129827586206896 0.00966390222610214 0.010862068965517058
2 0.09772588389349629 0.706396551724138 0.021121780881711023 0.01622413793103438
2 0.09572239196857267 0.31763793103448273 0.020440855521606294 0.015793103448275947
2 0.3425447402880838 0.315 0.022156263640331735 0.015500000000000019
2 0.21885202968136186 0.31632758620689655 0.020755128764731602 0.015137931034482695
3 0.32299432562199915 0.6390689655172415 0.016774334351811436 0.010448275862068878
3 0.6964426014840681 0.6367586206896552 0.017769532955041335 0.01098275862068969
2 0.46710170231340026 0.31351724137931036 0.021724137931034528 0.015793103448275947
2 0.7164906154517678 0.3118620689655172 0.021278917503273768 0.015379310344827578
3 0.447302487996508 0.6384137931034483 0.016774334351811363 0.010482758620689765
2 0.5916717590571803 0.31301724137931036 0.021396769969445627 0.015379310344827578
3 0.8207638585770406 0.635448275862069 0.01710170231340012 0.010241379310344882
3 0.5716237450894806 0.6374310344827586 0.016839807944129287 0.011068965517241243
2 0.8408118725447403 0.3105517241379311 0.021684853775643862 0.014965517241379303
3 0.6944391095591447 0.24405172413793105 0.01723264949803597 0.010603448275862017
3 0.19930161501527716 0.6387413793103449 0.017023134002618928 0.01098275862068969
2 0.22047577477084243 0.706396551724138 0.0209122653862942 0.014672413793103373
3 0.321239633347883 0.24751724137931036 0.01659100829332158 0.010362068965517229
3 0.819257965953732 0.24339655172413793 0.01710170231340012 0.010948275862068991
3 0.570117852466172 0.24520689655172415 0.016708860759493727 0.011413793103448313
3 0.44554779572239195 0.24668965517241384 0.017023134002618928 0.010948275862068991
2 0.842317765168049 0.7024310344827587 0.0221955477957224 0.01513793103448279
2 0.34403753819292887 0.7057413793103448 0.021684853775643716 0.015310344827586277
3 0.9450851156700131 0.6351206896551724 0.01710170231340012 0.01015517241379314
2 0.7179965080750763 0.7037586206896552 0.02152771715408119 0.01474137931034477
3 0.1974159755565255 0.249 0.016970755128764704 0.011155172413793176
2 0.5931776516804889 0.7050862068965518 0.02152771715408119 0.015499999999999924
2 0.4686075949367089 0.7050862068965518 0.021776516804888752 0.015931034482758642
3 0.9435792230467046 0.24274137931034484 0.01737669140113494 0.010862068965517249
0 0.09196420776953296 0.607396551724138 0.010161501527717127 0.011724137931034495
0 0.026045395024006986 0.9921896551724139 0.007031863814927977 0.009517241379310235