3 0.5658459899754711 0.6300990981543625 0.017331173093998096 0.010397277422399421
3 0.5638897376332913 0.24825005243288592 0.01675041067991351 0.010276845637583942
3 0.44431381321755875 0.6307414010067114 0.016490595915717787 0.010241719700346152
3 0.807443154234661 0.24632314387583895 0.015275579812567063 0.010086161978292789
3 0.6851773828484312 0.24712602244127518 0.016490595915717787 0.010397277422399327
3 0.32278163645964636 0.631062552432886 0.016429463030024613 0.010477565278942886
3 0.20271664895836883 0.6320260067114094 0.01604738249444265 0.010437421350671154
3 0.9277526732787109 0.24600199244966447 0.01592511672305652 0.009930604256239518
3 0.8084212804057508 0.627851038171141 0.01655172880141078 0.01020157577207423
3 0.20076039661618916 0.2527461723993289 0.01655172880141085 0.010858932597525192
3 0.6871336351906109 0.6288144924496645 0.016872676451299785 0.010477565278942886
2 0.22325729855125545 0.6975408976510068 0.019944603957378734 0.014341418375104808
3 0.9297089256208906 0.6268875838926175 0.01661286168710406 0.00985031639969596
3 0.44284662396092395 0.24953465813758388 0.01655172880141078 0.010397277422399327
2 0.5844303872261779 0.31440724622483224 0.020479516707193432 0.014281202482697116
2 0.4631427420110381 0.3153707005033557 0.020250268385844348 0.014732821675755
2 0.3418550967958982 0.3164947304949665 0.021151978449817796 0.014793037568162788
2 0.7062070955268627 0.3132832162332215 0.020097436171611575 0.014070446859270096
2 0.10392590567829524 0.6975408976510068 0.01974592207887611 0.015314908635696345
2 0.3438113491380779 0.6968985947986578 0.020372534157230476 0.014401634267512502
2 0.5863866395683577 0.6956139890939598 0.020372534157230476 0.013638899630348079
3 0.32131444720301167 0.2511404152684564 0.01649059591571775 0.010046018050020962
2 0.7081633478690423 0.6949716862416108 0.020280834828690843 0.013167208473154422
2 0.22154557775184822 0.3181004876258389 0.020448950264346934 0.014622425873007595
2 0.4650989943532178 0.6956139890939598 0.020922730128468566 0.014903433370910192
2 0.8274947407420026 0.3119986105285235 0.020204418721574385 0.014562209980599808
2 0.8294509930841822 0.6930447776845639 0.021656324756785923 0.014070446859270192
2 0.10160285602195687 0.31938509333053694 0.02005158650734169 0.014903433370910192