3 0.17460797947999826 0.6830357142857143 0.016256192835365835 0.010592576934070053
2 0.19550201506196802 0.7510616289198607 0.020292540618246348 0.014432581459603662
3 0.2990857793410665 0.6830357142857143 0.017285065799629504 0.010972930163871979
3 0.42470325387024216 0.682368793554007 0.016952660688098208 0.010509211842606685
3 0.5508272504741323 0.6810349520905924 0.01707929120677674 0.011441858803353662
2 0.32061296751642926 0.7503947081881533 0.021574674619867226 0.01495361328125
3 0.9256535857628017 0.28288327526132406 0.01606624705734789 0.010712414253048811
2 0.6977186521413135 0.7483939459930314 0.021004837285813607 0.014213748094512273
2 0.4462304420456049 0.7497277874564461 0.0216696475088762 0.014724359279725641
3 0.6764447250033079 0.6797011106271778 0.01747501157764752 0.011441858803353662
2 0.5721011776121379 0.7490608667247387 0.020894035581969672 0.01416164491234762
2 0.8228296045957748 0.7470601045296167 0.02220782721326026 0.014661835461128021
3 0.8015556774577692 0.6790341898954704 0.017015975947437475 0.01047273961509139
3 0.800036111233626 0.28371692617595823 0.015757585168068855 0.010149699885670695
2 0.07191062883164998 0.7510616289198607 0.021701305138545835 0.015776843559451283
3 0.17232863014378338 0.2892190222125436 0.01714260646611608 0.01122302543826218
3 0.5488011621752746 0.2853842280052265 0.017348381058968843 0.011097977801067032
2 0.3188401402549288 0.3559110953832753 0.021574674619867226 0.015005716463414653
3 0.4229304266087417 0.28671806946864115 0.0178865607633529 0.010592576934070147
2 0.4444576147841045 0.354243793554007 0.021701305138545835 0.0147764624618902
2 0.0695046489767565 0.35857877831010454 0.021337242397344868 0.015245391101371979
2 0.1938558183191461 0.3572449368466899 0.020735747433621506 0.014495105278201189
2 0.5700750893132802 0.35357687282229966 0.020260882988576714 0.014328375095274359
3 0.2970596910422088 0.2875517203832753 0.01720592172545542 0.010712414253048811
2 0.6961990859171702 0.3519095709930314 0.02097317965614383 0.014380478277439011
3 0.6744186367044502 0.2842171167247387 0.016762714910080405 0.01079577934451218
2 0.8213100383716315 0.35124265026132406 0.021495530545693142 0.014495105278201189
3 0.9271731519869448 0.6783672691637631 0.01649362505788816 0.01019138243140238
0 0.051016593249680234 0.9377994337979095 0.009141140567111768 0.011097977801067221
0 0.0640595366735765 0.625680531358885 0.007051737008914783 0.011275128620426737