1 0.06463497486975688 0.2887472587719298 0.014957608368955376 0.015226451137609634
3 0.1656947134651349 0.2195723684210526 0.017850051867652945 0.010262900904605299
2 0.18883426145471546 0.6849917763157894 0.022244648343574647 0.01607644599780694
2 0.3150151115415442 0.6843201754385965 0.02272405886822071 0.016391258908991138
2 0.5696779822335025 0.6829769736842105 0.02267611781575614 0.0155832391036184
2 0.44234654688752334 0.6836485745614035 0.02208484483535929 0.01645422149122813
2 0.6964980463531926 0.6816337719298246 0.02234053044850386 0.015404845120614064
3 0.2917477207453914 0.21822916666666667 0.018265540989012792 0.010745614035087765
3 0.7997950340635853 0.21319216008771932 0.018409364146406502 0.010299629077576734
3 0.4185677848650815 0.2165501644736842 0.018984656775981778 0.011354252330043835
2 0.8233181104728827 0.6809621710526315 0.02246837325507614 0.015646201685855204
3 0.545643534597916 0.2150390625 0.01805779642833294 0.011091908237390365
2 0.1870444621627037 0.2872361567982456 0.02195700202878708 0.015950520833333332
3 0.16710098433742987 0.6168242872807017 0.017913973270939087 0.010829564144736802
1 0.06591340293547955 0.6863349780701754 0.015540891173941364 0.015467807702850868
2 0.31348099786267697 0.28589295504385964 0.02250033395671921 0.01632829632675443
2 0.6944525614480362 0.2821991502192982 0.02246837325507614 0.015887558251096532
2 0.5676324973283462 0.2832065515350877 0.022596216061648425 0.01620237116228073
3 0.2937932056505477 0.6161526864035087 0.018345442743120506 0.010420307360197398
2 0.44055674759551156 0.28471765350877193 0.022500333956719142 0.0155832391036184
2 0.8212726255677264 0.2811917489035088 0.021781218169750156 0.015887558251096532
3 0.6729749699438953 0.21436746162280698 0.017642307306973092 0.0103416041324013
3 0.6745090836227624 0.6134662828947368 0.017913973270939087 0.010787589089912331
3 0.8018405189687416 0.6124588815789473 0.018265540989012792 0.010220925849780732
3 0.42035758415709323 0.6151452850877193 0.01847328554969279 0.011091908237390272
3 0.5471776482767833 0.6141378837719298 0.019096519231732636 0.011616596422697398
3 0.9266150981832755 0.21218475877192983 0.018265540989012792 0.010829564144736802
3 0.9286605830884317 0.6117872807017544 0.018409364146406502 0.010504257469846531
0 0.04628953212663638 0.9402001096491227 0.009740023825724689 0.011175858347039594