3 0.322048041831329 0.9737311241610739 0.017071358329802337 0.010477565278943075
3 0.4433356870464689 0.9743734270134229 0.01780495295811973 0.010161431843802499
3 0.19794828387430588 0.21581375838926178 0.017468722086807546 0.010241719700346057
3 0.9282417363642559 0.9711619127516778 0.016689277794220227 0.010316989565855769
2 0.2202006542665997 0.6615719379194632 0.02099914623558495 0.01519447685088096
3 0.5643788007188363 0.973088821308725 0.017606271079617142 0.010161431843802499
3 0.807443154234661 0.971804215604027 0.017407589201114407 0.01000587412174923
3 0.20198305433005148 0.973088821308725 0.01740758920111448 0.010648176974098079
3 0.6856664459339761 0.972446518456376 0.01727004020830496 0.010567889117554614
1 0.1012360587077982 0.28261325503355705 0.014809441559157055 0.015134260958473172
2 0.34112150216758086 0.6609296350671141 0.021121412006971155 0.015375124528104038
2 0.5844303872261779 0.6596450293624162 0.021518775763976473 0.014401634267512502
2 0.46265367892549314 0.6602873322147652 0.020831030799928933 0.015375124528104038
3 0.3186246002325146 0.21436857697147654 0.01740758920111448 0.010316989565855698
2 0.7057180324413179 0.6590027265100672 0.0213965099925902 0.014853253460570386
3 0.8045087757213913 0.21003303271812082 0.017545138193923858 0.009965730193477332
3 0.6832211305062516 0.21051475985738258 0.017071358329802225 0.010005874121749182
3 0.5614444222055668 0.21163878984899331 0.017545138193924004 0.010728464830641802
2 0.8270056776564576 0.6583604236577182 0.0213965099925902 0.015375124528104038
3 0.44015677699042693 0.21308397126677855 0.01788136906523604 0.010808752687185409
2 0.3394097813681736 0.2798834679110738 0.021151978449817796 0.015736419882550385
1 0.10300891239289853 0.6622142407718121 0.014473210687844946 0.01543534042051173
3 0.19941547313094063 0.5960570469798658 0.017132491215495437 0.01068832090237
2 0.21848893346719248 0.28116807361577184 0.02087688046419875 0.01591706755977346
2 0.703761780099138 0.2763508022231544 0.021656324756785923 0.015375124528104038
2 0.5819850717984534 0.27763540792785235 0.02124367777835743 0.015194476850880866
2 0.8250494253142779 0.27554792365771813 0.02107556234270148 0.015134260958473172
3 0.32033632103192183 0.5950935927013423 0.01746872208680758 0.009930604256239425
2 0.46094195812608596 0.27924116505872487 0.021274244221203924 0.015084081048133366
3 0.4418684977898341 0.5947724412751679 0.018018918058045636 0.010608033045826346
3 0.806954091149116 0.5922032298657718 0.01804948450089213 0.00973992059694846
3 0.6846883197628864 0.5931666841442954 0.017606271079617142 0.010121287915530578
3 0.5629116114622015 0.5938089869966443 0.018370432150780994 0.010899076525796924
3 0.9257964209365313 0.20874842701342283 0.017545138193923858 0.0103571334941275
3 0.9282417363642559 0.5912397755872484 0.017804952958119583 0.010276845637583847