2 0.7049050632911392 0.28159011314655175 0.021602129426287607 0.015139244342672385
3 0.1862033159646443 0.22004310344827588 0.018108819156481895 0.010941919787176744
0 0.0650183462461807 0.9315463362068968 0.008842931153835663 0.010818165746228488
2 0.8292230467044959 0.2809300915948276 0.022322722576113042 0.015438316608297385
3 0.3098946966390223 0.2182280441810345 0.01776418765004364 0.010642847521551743
2 0.45526653208206025 0.28357017780172417 0.022025086275098176 0.01604677397629312
2 0.5800857976865998 0.28324016702586213 0.020834541071038857 0.01485048491379312
3 0.43421268005237895 0.2172380118534483 0.018187144498854283 0.010900668440193991
2 0.33069790757311224 0.2848902209051724 0.021038186961206948 0.016108650996767247
3 0.6833499290702751 0.2149279364224138 0.017983498608686192 0.010900668440193991
3 0.8076679124836316 0.2142679148706897 0.017905173266313808 0.01036440092941812
2 0.7069101920558709 0.6754579741379311 0.0213514883306962 0.014510161301185273
3 0.18783248308598866 0.6104458512931035 0.01770152737614579 0.011323494746767249
3 0.5590319456569184 0.21641298491379313 0.017638867102247865 0.011282243399784496
2 0.20738248854212135 0.2867052801724138 0.020834541071038857 0.0155517578125
2 0.8307268932780446 0.6738079202586207 0.021570799289338825 0.014912361934267248
2 0.5815896442601485 0.6761179956896552 0.021194837645951575 0.015139244342672479
3 0.31139854321257093 0.6097858297413794 0.01818714449885421 0.011024422481142248
2 0.33270303633784376 0.6774380387931035 0.021570799289338683 0.015376439587823256
2 0.20901165566346575 0.6780980603448277 0.02127316298832389 0.01502580313846977
3 0.435967167721519 0.6091258081896552 0.018046158882584044 0.010441747205010756
2 0.45677037865560893 0.6767780172413793 0.021852770521879155 0.015675511853448256
3 0.5605357922304671 0.608465786637931 0.018046158882584044 0.011065673828125
3 0.9324871780881712 0.2134428879310345 0.01776418765004357 0.0107666015625
3 0.6853550578350066 0.6074757543103448 0.018046158882584044 0.010900668440193991
3 0.8096730412483633 0.6064857219827586 0.017701527376145717 0.010642847521551743
3 0.9344923068529027 0.6058257004310345 0.01776418765004357 0.01060159617456899
3 0.436054124836316 0.996551724137931 0.018332605848974243 0.006896551724137983
3 0.31296377127891756 0.996551724137931 0.018332605848974243 0.006896551724137983
3 0.189873417721519 0.9974137931034482 0.018332605848974243 0.005172413793103487
3 0.686163247490179 0.996551724137931 0.018332605848974386 0.006896551724137983
3 0.5617634220864252 0.996551724137931 0.018332605848974243 0.006896551724137983
3 0.8088607594936709 0.995 0.017721518987341773 0.01
3 0.9329113924050633 0.995 0.017721518987341773 0.01