2 0.22276823546571053 0.7033216233221476 0.02005158650734169 0.014562209980599808
2 0.343322286052533 0.7020370176174497 0.02055593281430989 0.014853253460570386
2 0.7081633478690423 0.7007524119127517 0.020204418721574385 0.014120626769609809
2 0.46460993126767286 0.7020370176174497 0.020999146235585023 0.01519447685088096
2 0.5863866395683577 0.7013947147651007 0.02032668449296066 0.014512030070260001
2 0.8289619299986373 0.6988255033557048 0.02115197844981765 0.014562209980599808
0 0.09530616879556604 0.6133992239932886 0.007561373799167146 0.011461091521602308
2 0.22081198312353081 0.32211488045302017 0.020097436171611506 0.014562209980599808
2 0.3416105652531258 0.32066969903523496 0.02124367777835743 0.014903433370910192
2 0.7062070955268627 0.3176187604865772 0.02052536637146339 0.015023865155725673
2 0.5844303872261779 0.3189033661912752 0.020280834828690843 0.014562209980599808
2 0.4631427420110381 0.3195456690436242 0.02052536637146325 0.015084081048133366
2 0.10282551373581916 0.7033216233221476 0.01966950597175969 0.01591706755977346
2 0.8274947407420026 0.3166553062080537 0.02115197844981765 0.014903433370910192
2 0.10160285602195687 0.3238812132969799 0.019409691207563966 0.014903433370910192
3 0.20234985164421015 0.6384490352348994 0.01604738249444265 0.010316989565855769
3 0.3222925733741015 0.6378067323825504 0.015695868401707256 0.010477565278942886
3 0.566335053061016 0.6365221266778524 0.015451336858934742 0.0103571334941275
3 0.6876226982761559 0.635558672399329 0.01562709390530242 0.010567889117554614
3 0.44431381321755875 0.6374855809563759 0.01497755699481311 0.009890460327967693
3 0.8089103434912956 0.6342740666946309 0.016123798601558964 0.010527745189282693
3 0.2003935993020305 0.2577240195050336 0.016872676451299713 0.011200155987835577
3 0.9301979887064356 0.6333106124161074 0.015741718065976965 0.009775046534186154
3 0.5643788007188363 0.25370962667785235 0.016246064372945238 0.010397277422399327
3 0.44260209241815146 0.2551548080956376 0.015214446926873926 0.010005874121749135
3 0.807443154234661 0.2521038695469799 0.014526701962826532 0.009890460327967693
3 0.6856664459339761 0.2527461723993289 0.015802850951670246 0.010276845637583942
3 0.9282417363642559 0.25162214240771813 0.014924065719831705 0.010161431843802405
3 0.3210699156602392 0.2567605652265101 0.015565961019609394 0.010397277422399327