3 0.5794248665813965 0.18621951219512195 0.017743571649097983 0.011132404181184654
3 0.20295946720769195 0.19071428571428573 0.017822961231420652 0.011062717770034852
3 0.7050456490098356 0.1852090592334495 0.01761125567856042 0.010679442508710793
3 0.45356591540598956 0.18754355400696865 0.018233140740087233 0.010975609756097574
3 0.9562872138667138 0.18355400696864113 0.017015833811140947 0.01022648083623693
3 0.8306664314382747 0.18421602787456445 0.016883517840603383 0.009878048780487774
2 0.8529484408768139 0.2518989547038328 0.021104397300754373 0.014059233449477328
2 0.47482909187138894 0.25407665505226484 0.021541040003528366 0.014825783972125445
2 0.7268248577603317 0.252404181184669 0.020178185506990555 0.013728222996515644
2 0.3492215410400036 0.2560801393728223 0.021130860494861712 0.015
3 0.32769373263352886 0.18904181184668992 0.01761125567856042 0.010714285714285742
2 0.224354959643629 0.257404181184669 0.021289639659506834 0.01477351916376307
2 0.6007012746438496 0.2532404181184669 0.02069421779208743 0.014494773519163763
2 0.09968685220306092 0.25874564459930316 0.020998544524324075 0.016585365853658517