2 0.21681859420227242 0.6537713310580204 0.02325139326910616 0.01721843003412971
2 0.5857044109387826 0.6514846416382252 0.02268112498379924 0.017150170648464115
2 0.5837214325830561 0.2655631399317406 0.02316066876917102 0.017030716723549517
2 0.21482265520369806 0.2693174061433447 0.02226638441266688 0.017030716723549517
2 0.3368859895450814 0.2676962457337884 0.022214541841275363 0.016894197952218425
2 0.4606730893852335 0.26687713310580197 0.02384758284010887 0.01728668941979521
2 0.7087397934937573 0.6508361774744027 0.020931438199334802 0.01645051194539254
2 0.09450900764677928 0.6544197952218429 0.021747958698751447 0.016245733788395948
2 0.09301853371927246 0.2708020477815699 0.021022162699269868 0.016313993174061448
1 0.19771460664448956 0.9732081911262797 0.017924569058625307 0.01052901023890816
3 0.9310148183349894 0.19648464163822524 0.016848835702250965 0.010750853242320819
1 0.811452888063248 0.9712627986348121 0.01725061563053507 0.010017064846416209
1 0.19497991100358575 0.5884470989761091 0.01699140277357762 0.010955631399317364
1 0.4428133235408476 0.9732081911262797 0.01814489998703942 0.010290102389078584
1 0.6888970492936448 0.9719112627986347 0.017522789130340773 0.010255972696245787
1 0.5653562016676026 0.9725597269624571 0.017794962630146478 0.010409556313993183
3 0.19373568929018875 0.20252559726962457 0.017198773059143694 0.011211604095563104
1 0.31976498034302503 0.9732081911262797 0.01814489998703942 0.01078498293515357
3 0.8079794357800145 0.19697952218430034 0.0166673867023804 0.010750853242320819
1 0.933995766190003 0.9699488054607508 0.0166673867023804 0.009795221843003597
0 0.9563269538169092 0.2234300341296928 0.008165204994167676 0.014249146757679227
3 0.3155398107746144 0.20155290102389076 0.017056205987817038 0.010989761092150161
1 0.3175357497731887 0.5868088737201365 0.017587592344580332 0.011211604095563151
3 0.6849310925821921 0.19812286689419792 0.017056205987817038 0.0112627986348123
3 0.5623752538125891 0.19909556313993174 0.017121009202056524 0.011433447098976094
3 0.43858815397243694 0.2000853242320819 0.017380222059014044 0.011348122866894196
2 0.8298051583358534 0.2636006825938566 0.021553549056033308 0.015767918088737173
1 0.5643711928111633 0.5855119453924915 0.01785976584438582 0.010955631399317364
2 0.3388689679008078 0.6534470989761092 0.02146282455609788 0.015938566552901157
2 0.8317881366915798 0.6498464163822525 0.02102216269926994 0.014812286689419618
1 0.4405711323281635 0.5868088737201365 0.017121009202056524 0.010870307167235561
2 0.7067568151380307 0.264419795221843 0.021177690413444424 0.015887372013651865
1 0.687406575366138 0.5850341296928327 0.017587592344580117 0.010750853242320772
2 0.46190435045578254 0.6524573378839589 0.021968289627165596 0.016058020477815564
1 0.9330107573335636 0.5828839590443686 0.01819674255843087 0.010836177474402764
1 0.8104549185639607 0.5835494880546075 0.01785976584438582 0.010750853242320772