3 0.32047781569965866 0.6360238907849829 0.01712100920205638 0.01022184300341299
3 0.4420356849699745 0.2474914675767918 0.01699140277357755 0.010836177474402764
2 0.46312265088348376 0.3137883959044368 0.021579470341728958 0.015887372013651865
3 0.31900030241499977 0.24846416382252556 0.01699140277357762 0.010529010238907878
2 0.8325139326910614 0.31069965870307165 0.021631312913120693 0.015341296928327685
2 0.34007430768566116 0.31493174061433443 0.021877565127230315 0.015511945392491384
3 0.6901153497213462 0.6334129692832764 0.01745798591610143 0.010409556313993183
3 0.6881323713656198 0.24470989761092152 0.01712100920205638 0.010614334470989775
2 0.09820279085842656 0.7029863481228668 0.021061044627813524 0.01588737201365177
3 0.19631485721691794 0.2501023890784983 0.016926599559338132 0.01095563139931746
2 0.46485937702510044 0.7016723549488054 0.021579470341728958 0.01546075085324219
2 0.34156478161316806 0.7023208191126279 0.021229532984836014 0.014982935153583602
3 0.19831079621549225 0.6363481228668941 0.016602583488140983 0.010529010238907783
3 0.9337235926901973 0.24356655290102386 0.016848835702250965 0.01078498293515357
2 0.7094655894932388 0.3115017064846416 0.0213072968419234 0.014692832764505113
2 0.5864172462954161 0.31281569965870304 0.02102216269926994 0.014863481228668908
2 0.7114485678489652 0.700358361774744 0.021346178770466948 0.014590443686006817
2 0.09566250486024105 0.31771331058020474 0.02067222534237696 0.015341296928327685
2 0.2175314295589061 0.3164163822525597 0.020542618913898164 0.014692832764505113
3 0.44377241111159105 0.6356996587030715 0.017198773059143767 0.010614334470989775
2 0.5884002246511426 0.7016723549488054 0.021423942627554333 0.01431740614334463
2 0.21964401434311137 0.7029863481228668 0.02138506069901064 0.014522184300341223
3 0.8116732189916619 0.24438566552901023 0.01712100920205638 0.010375426621160387
2 0.8344969110467879 0.6990614334470988 0.02200717155570929 0.014982935153583602
3 0.8131636929191687 0.6327474402730375 0.016485937702510122 0.0101023890784982
3 0.9357065710459239 0.6311262798634811 0.016991402773577406 0.010290102389078393
3 0.5670670065235235 0.6343856655290102 0.015617574631701705 0.012150170648464116
3 0.5650840281677971 0.24585324232081907 0.016485937702510122 0.012252559726962507
0 0.0784896530867931 0.9094027303754264 0.008994686136432362 0.010836177474402575