3 0.2048990956460061 0.2570379849137931 0.01710625477411613 0.011199740705818991
2 0.1030134902880838 0.3253502155172414 0.020160943126636847 0.014510161301185367
3 0.32884111741597555 0.25604795258620694 0.016651967788356637 0.011024422481142248
3 0.7017950676560455 0.251592807112069 0.016777288336152198 0.010441747205010756
3 0.5774770842426888 0.2524178340517242 0.016902608883948043 0.011106925175107751
3 0.4534097419249236 0.2545629040948276 0.01683994861005019 0.010941919787176744
3 0.826614333260585 0.2510977909482759 0.016448321898188692 0.010482998551993509
3 0.20665358331514624 0.6477707435344828 0.01683994861005019 0.011375058930495735
3 0.32984368179834134 0.6471107219827587 0.017294235595809684 0.010482998551993509
2 0.10520659987450896 0.715422952586207 0.020834541071038857 0.01579926589439651
3 0.9514335988651245 0.25043776939655177 0.0163230013503927 0.010204551959859885
3 0.703800196420777 0.6448006465517242 0.017106254774115988 0.010684098868534496
3 0.8281181798341336 0.643810614224138 0.016965269157846036 0.010364400929418024
3 0.4546629474028808 0.6467807112068966 0.017560541759875627 0.010642847521551743
3 0.5799834951986033 0.6461206896551724 0.017027929431743746 0.010725350215517248
2 0.22607826822348323 0.3238651670258621 0.02052123970154953 0.014675166689116377
2 0.34989496944565696 0.3223801185344828 0.021602129426287607 0.014912361934267248
2 0.8481694674814492 0.31825498383620693 0.021116512303579332 0.01508768015894399
3 0.9529374454386731 0.6428205818965518 0.01716891504801384 0.010044702990301744
2 0.7233502018769097 0.31924501616379314 0.020787545865615542 0.014510161301185367
2 0.47421295285901355 0.32122508081896556 0.02111651230357919 0.014912361934267248
2 0.5985309362723702 0.32040005387931036 0.021038186961206948 0.014231714709051744
2 0.2277074353448276 0.715422952586207 0.020881536276462245 0.014510161301185273
2 0.8496733140549979 0.7114628232758621 0.0213514883306962 0.014510161301185273
2 0.35139881601920564 0.7147629310344829 0.021194837645951575 0.01508768015894399
2 0.7253553306416413 0.7127828663793103 0.020881536276462175 0.014231714709051744
2 0.6005360650371017 0.7141029094827587 0.0213514883306962 0.01396358095366376
2 0.47596744052815365 0.7141029094827587 0.021805775316455698 0.015314562567349223