3 0.557540037177379 0.6322359154929578 0.01784246085650957 0.01283450704225345
3 0.30223600486165725 0.6339260563380281 0.01730624865946956 0.010422535211267625
2 0.0720803245871166 0.7040140845070423 0.021274218917566316 0.016443661971831034
3 0.42976067062272105 0.6332570422535211 0.017788839636805533 0.01061619718309847
3 0.1758776006291556 0.6345950704225352 0.01764138128261961 0.01061619718309847
2 0.3243145420747837 0.7026760563380282 0.021957889468792447 0.015704225352112643
3 0.9388271251876743 0.6292077464788732 0.017788839636805533 0.010704225352112833
3 0.8115705655251304 0.6302112676056337 0.01723922213483926 0.010492957746478926
2 0.4515711017373275 0.7026760563380282 0.022199184957460472 0.015580985915492913
2 0.5790957674983913 0.7019894366197182 0.021743404589976513 0.015158450704225288
2 0.19780867948809608 0.7033450704225351 0.021622756845642393 0.01545774647887318
3 0.6843006005576607 0.6315669014084506 0.017788839636805533 0.010792253521126819
2 0.7068751340530491 0.7006514084507042 0.021864052334310345 0.014929577464788698
2 0.19626706942160577 0.30470070422535206 0.021488703796382375 0.015580985915493006
2 0.3225182312146993 0.3038556338028169 0.021864052334310345 0.01397887323943659
2 0.8336356974333309 0.6999823943661971 0.02288285550868662 0.01612676056338027
2 0.07023039250732824 0.30588028169014086 0.02009455208407809 0.01639084507042251
1 0.44977479087724315 0.3038556338028169 0.02088546507471235 0.011214788732394348
0 0.05169085579466648 0.92237676056338 0.009222849789089868 0.01091549295774674