0 0.05418113812449907 0.913877192982456 0.008976756612343033 0.010631578947368325
2 0.07188084424258614 0.30322807017543857 0.02037135987176062 0.015771929824561444
2 0.32353726956986373 0.30003508771929827 0.021880844242586163 0.015228070175438594
2 0.4506144803633449 0.298859649122807 0.02149345444830351 0.015280701754385954
3 0.3035933742986909 0.6291228070175439 0.017111942292278925 0.010228070175438688
2 0.19723483836494787 0.3015438596491228 0.02111942292278918 0.014649122807017629
2 0.5776916911568261 0.2980350877192982 0.02138658829815654 0.014929824561403487
2 0.7045150948437082 0.296859649122807 0.021573604060913704 0.015280701754385954
3 0.8113946032594175 0.625438596491228 0.017111942292278925 0.010263157894736802
3 0.6845711995725354 0.626438596491228 0.01744589901148816 0.010298245614035105
3 0.430416777985573 0.6284561403508772 0.017646273043013645 0.01038596491228058
3 0.6825273844509753 0.22801754385964912 0.017365749398877965 0.010105263157894721
2 0.07412503339567192 0.6976315789473683 0.02085225754742182 0.017701754385965007
2 0.8313384985305904 0.29584210526315785 0.021627037135987265 0.015175438596491233
3 0.17729094309377505 0.6297894736842106 0.01744589901148809 0.010578947368420966
3 0.5577477958856532 0.6281228070175437 0.01711194229227878 0.011298245614035144
3 0.8098584023510552 0.22768421052631577 0.016524178466470644 0.009912280701754336
3 0.4293080416777985 0.23057894736842105 0.01731231632380455 0.010912280701754469
3 0.302070531659097 0.23203508771929823 0.016858135185679954 0.010508771929824547
3 0.17550093507881376 0.23356140350877191 0.016991717873363635 0.010789473684210502
3 0.9382046486775314 0.6249824561403509 0.017365749398877965 0.01054385964912285
3 0.9356532193427731 0.22666666666666663 0.016337162703713624 0.010228070175438593
3 0.555703980764093 0.22968421052631574 0.01597648944696775 0.011403508771929865
1 0.5797355062783863 0.6962807017543859 0.021546887523376926 0.015
1 0.1995324605931071 0.6976315789473683 0.02174726155490241 0.015228070175438499
1 0.32532727758482505 0.6969649122807017 0.021907560780122796 0.015526315789473794
1 0.7070665241784664 0.6949473684210526 0.022335025380710832 0.014824561403508862
1 0.45215068127170716 0.6962807017543859 0.022294950574405593 0.015578947368420965
1 0.8333823136521507 0.6935964912280701 0.022415174993320738 0.015052631578947361