2 0.46680636332535075 0.7061317567567568 0.02104002736914121 0.015118243243243417
2 0.34476137529935 0.7067736486486487 0.020539685254875133 0.014611486486486455
2 0.2238325350667123 0.7074324324324325 0.020411392405063292 0.014493243243243227
2 0.5893516934656176 0.7054898648648649 0.020360075265138583 0.014543918918918925
2 0.7111400957919944 0.704847972972973 0.020462709544988144 0.014324324324324305
2 0.22198511802942184 0.32559121621621623 0.019757098871022873 0.014712837837837849
2 0.7091772151898734 0.3210641891891892 0.020218953130345458 0.014662162162162151
2 0.5868884707492303 0.3218581081081081 0.020218953130345458 0.014222972972973006
2 0.46508723913787203 0.32283783783783787 0.02104002736914121 0.01542229729729731
2 0.3435425932261375 0.3238006756756757 0.021527540198426294 0.015118243243243228
2 0.10147964420116319 0.327043918918919 0.019795586725966475 0.014611486486486455
2 0.8314659596305167 0.3200844594594595 0.020924563804310656 0.015067567567567627
2 0.8329413274033528 0.7035472972972973 0.021040027369141356 0.014662162162162151
2 0.10381457406773863 0.7074324324324325 0.019718611016079378 0.015962837837837848
3 0.20111187136503594 0.2593074324324324 0.016819192610331886 0.01104729729729731
3 0.32364437222032166 0.6417905405405406 0.01562606910708175 0.010422297297297215
3 0.32218183373246667 0.2581756756756757 0.016254704071159743 0.010472972972972911
3 0.5662589804994869 0.2554222972972973 0.01604943551146084 0.010506756756756773
3 0.568221861101608 0.640168918918919 0.015459288402326342 0.01059121621621614
3 0.20357509408142324 0.6421114864864865 0.0158056790968183 0.01059121621621614
3 0.8123118371536093 0.6382432432432432 0.016113581936366545 0.010067567567567721
3 0.44447057817310986 0.2570439189189189 0.015395141977420493 0.010472972972972911
3 0.9321501881628466 0.25300675675675677 0.015690215531987597 0.010236486486486457
3 0.6910109476565173 0.6395270270270271 0.015574751967157185 0.010540540540540632
3 0.6885477249401302 0.25445945945945947 0.015690215531987597 0.010033783783783766
3 0.9346005815942525 0.6375844594594594 0.015574751967157185 0.009763513513513544
3 0.44618970236058847 0.6411486486486487 0.015690215531987742 0.010844594594594621
3 0.8108364693807733 0.25300675675675677 0.015100068422853101 0.009510135135135158
0 0.08391635306192269 0.9136993243243243 0.008967670201847444 0.01084459459459481