2 0.10245971450959017 0.6904697986577182 0.020019248458419906 0.014614093959731539
3 0.8079370081422683 0.6211073825503357 0.016557081047933814 0.009328859060402503
3 0.9297133172077814 0.6204697986577181 0.01668483630293323 0.009261744966442886
3 0.5658407999182368 0.6233557046979866 0.015982182400436012 0.010520134228187886
2 0.46436480087214266 0.6891946308724832 0.021156270227915365 0.0143959731543625
3 0.4435790208837257 0.6243120805369128 0.016493203420433963 0.010352348993288463
3 0.3220454468027119 0.6246476510067115 0.016608183149933595 0.01
3 0.20149558818519403 0.625285234899329 0.01681259155793279 0.01
3 0.6871316390147516 0.6223993288590605 0.01668483630293323 0.010771812080536923
2 0.3428312267911287 0.6898322147651007 0.020760228937416976 0.01395973154362423
2 0.5858983749531566 0.6885570469798659 0.020632473682417416 0.01395973154362423
2 0.7076746840186693 0.6879026845637585 0.020530269478417712 0.014077181208053654
2 0.22203863318911188 0.6904697986577182 0.019865942152420563 0.013791946308724807
2 0.8289655231151841 0.6866275167785235 0.021399005212414484 0.014228187919463077
3 0.9282441317752872 0.24021812080536914 0.015560590058937913 0.010352348993288654
3 0.8064678227097742 0.24085570469798664 0.01586720267093674 0.010083892617449616
3 0.3205762613702177 0.24520134228187918 0.01598218240043605 0.00988255033557048
3 0.19989864749770042 0.24647651006711413 0.016365448165434546 0.010570469798657693
2 0.2206844274861173 0.3123154362416108 0.019904268728920343 0.014010067114094037
2 0.10050505910809798 0.3134395973154363 0.02017255476441932 0.014731543624161058
2 0.7057200286171772 0.30718120805369137 0.02027475896841888 0.013842281879194616
2 0.34160477634313363 0.31087248322147654 0.020555820529417852 0.014228187919463077
2 0.5839437195516642 0.3083053691275168 0.01967430926992122 0.013791946308724903
2 0.4628956154396484 0.309261744966443 0.020134228187919465 0.01417785234899327
3 0.6846915136442614 0.2418288590604027 0.016493203420434106 0.010318791946308655
3 0.4423525704357306 0.2440771812080537 0.01700422444043191 0.010604026845637595
3 0.5634006745477464 0.24278523489932885 0.017208632848431177 0.010570469798657693
2 0.8274963376826902 0.30654362416107384 0.02095186181991624 0.013892617449664423
0 0.08325809968316697 0.9062919463087248 0.009351684665962588 0.010117449664429614