3 0.19827743703510373 0.20697858842188738 0.01658619339684194 0.009895528048822537
3 0.6934751402844839 0.201099886218667 0.016273000130497133 0.011154018549805194
3 0.4454391230588542 0.20311691893942002 0.016468745921962683 0.01196427955728717
3 0.5695811040062638 0.20175499086301416 0.01653399451911772 0.011585008447402
3 0.19977815476967245 0.595093611005758 0.016273000130497203 0.011464331276074807
3 0.3227978598460133 0.5947660586835843 0.01560746443951462 0.011205737337516829
3 0.6954717473574319 0.5924559528324655 0.01665144199399705 0.01094714339895885
3 0.941746052459872 0.198944936730683 0.017434425159858966 0.011154018549805194
3 0.4475140284483883 0.5937661621211598 0.016716690591152234 0.011550529255594386
3 0.8183609552394623 0.5917836085922146 0.016273000130497133 0.009998965624245756
3 0.5710818217408324 0.5931110574768127 0.017643220670755553 0.01110229976209375
3 0.943755709252251 0.5908009516256938 0.016273000130497133 0.01094714339895885
2 0.3422810909565444 0.2723683756852739 0.020566357823306763 0.015377719546253853
2 0.8383400756883725 0.2670930593386891 0.020762103614772313 0.014963969244560877
2 0.21914393840532426 0.27319587628865977 0.020409761190134393 0.015498396717580997
2 0.5905650528513636 0.2690756128676344 0.020709904737048167 0.014395062579733192
2 0.7149549784679629 0.2682481122642485 0.021975727521858293 0.014912250456849244
2 0.4666710165731437 0.271540875081888 0.020996998564530973 0.014567458538771876
2 0.2211405454782722 0.6630693376547253 0.020331462873548173 0.015136365203599657
2 0.3440297533603027 0.6623969934144743 0.021401539866892822 0.015498396717580902
2 0.7169515855409108 0.6604316794814328 0.02172778285266874 0.015257042374926802
2 0.09680281873939711 0.2750060338585663 0.019796424376875885 0.015257042374926802
2 0.4679237896385227 0.6617418887701272 0.020892600809082534 0.015084646415888024
2 0.5925616599243115 0.6614143364479537 0.021401539866892822 0.015205323587215169
3 0.20202270651180998 0.9837947798503601 0.01731697768497978 0.010360997138227001
2 0.8403366827613206 0.6597593352411819 0.021244943233720524 0.015205323587215169
3 0.6964635260341903 0.9832431127814364 0.017917264778807177 0.010602351480881293
3 0.44943233720475007 0.9844671240906111 0.017643220670755553 0.010602351480881293
3 0.5730784288137803 0.9837947798503601 0.017838966462220957 0.010326517946419245
3 0.8203575623124102 0.9824845705616659 0.016912436382617784 0.0100506844119572
3 0.3247944669189612 0.9837947798503601 0.01665144199399705 0.009930007240630244
3 0.9441733002740439 0.9805020170327206 0.016716690591152092 0.010154121987380848
2 0.09693331593370742 0.6637244422990725 0.02017486624037584 0.013912353894424707
3 0.3215320370612031 0.20477192014619175 0.016951585540910894 0.010395476330034757
3 0.8171734307712384 0.20063441712926244 0.017016834138066077 0.008861152294590195