0 0.08399908016216401 0.9075671140939598 0.009287807038462844 0.009848993288590388
3 0.19794399209620822 0.21805369127516783 0.017272510475930886 0.00996644295302012
3 0.31862160596872563 0.2169295302013423 0.01727251047593096 0.009815436241610768
3 0.5614460191462544 0.21389261744966448 0.017336388103430737 0.010721476510067116
3 0.6846915136442614 0.5941275167785236 0.017604674138929424 0.010318791946308655
3 0.44186710046673255 0.5957382550335572 0.018051817531427813 0.010654362416107498
3 0.5629152045787484 0.5947651006711411 0.01856283855142576 0.011275167785234998
3 0.4399124450652404 0.2154865771812081 0.018013490954927956 0.010654362416107404
3 0.8045131673082822 0.2122818791946309 0.017272510475930886 0.009781879194630912
3 0.1996559125132014 0.5973489932885907 0.017208632848431177 0.01060402684563769
3 0.6827368582427691 0.21308724832214765 0.016557081047933814 0.009932885906040264
2 0.3411193063741355 0.6622147651006712 0.021399005212414342 0.015922818791946347
2 0.5844291895206623 0.6615771812080538 0.021616189145913463 0.01479865771812096
3 0.3205762613702177 0.5966946308724833 0.017464143358430155 0.01023489932885904
2 0.46265288045514946 0.6615771812080538 0.02136067863591463 0.015922818791946347
2 0.7057200286171772 0.6602852348993289 0.02136067863591449 0.014731543624160964
3 0.8064678227097742 0.5934899328859061 0.017668551766429133 0.009781879194630961
2 0.22032671277211874 0.6628523489932886 0.021041290498415806 0.015553691275167694
3 0.6856624535822574 0.9743791946308726 0.017604674138929424 0.00996644295302038
2 0.827010867713692 0.659010067114094 0.021399005212414484 0.015083892617449616
3 0.3222881817872109 0.97501677852349 0.01713197969543151 0.010117449664429614
3 0.4433362858992267 0.9756543624161075 0.017745204919428985 0.010050335570469996
3 0.5643843900112425 0.9743791946308726 0.017745204919428985 0.010234899328858849
3 0.20186607842469254 0.97501677852349 0.017272510475930886 0.010285234899329225
3 0.9257912308792968 0.2111577181208054 0.017604674138929424 0.010117449664429519
3 0.8074387626477703 0.9730872483221479 0.017464143358430297 0.00978187919463077
3 0.9282441317752872 0.59251677852349 0.017745204919429127 0.010117449664429425
2 0.10173150955609307 0.2845469798657718 0.013976424896944102 0.01479865771812077
2 0.33965012094164143 0.2814932885906041 0.02148843389091405 0.015922818791946347
2 0.2187297720846251 0.2827684563758389 0.021002963921915953 0.015436241610738269
3 0.9282441317752872 0.9724496644295304 0.016748713930432937 0.009848993288590388
2 0.7037653732156851 0.27812080536912753 0.021565087043913897 0.01520134228187923
2 0.8250434367866998 0.27731543624161076 0.020479167376418 0.015083892617449711
2 0.10318791946308725 0.6641442953020135 0.013976424896944102 0.01501677852349
2 0.46094096003815627 0.28068791946308724 0.021002963921916095 0.014899328859060385
2 0.5824745341191702 0.27939597315436243 0.02148843389091405 0.015251677852348943