2 0.10337955234558649 0.7219463087248322 0.020134228187919465 0.015369127516778462
2 0.4650930058256397 0.72001677852349 0.02083688209041654 0.014563758389261732
2 0.3438149422546248 0.7213087248322148 0.020926310768916243 0.014563758389261732
2 0.7081601539876674 0.718741610738255 0.020172554764419173 0.014127516778523462
2 0.223009573127108 0.7219463087248322 0.02040251422341844 0.01395973154362423
2 0.5868820904166525 0.72001677852349 0.020249207917419024 0.014563758389261732
3 0.2023515483936906 0.6557885906040269 0.0166848363029333 0.010083892617449616
2 0.8299364630531804 0.7174496644295303 0.02079855551391683 0.014177852348993459
2 0.1014248969440943 0.34171140939597316 0.01963598269342148 0.015134228187919424
2 0.7066909685551732 0.3352852348993289 0.020325861070418876 0.014563758389261732
2 0.46338108540864653 0.33721476510067117 0.020721902360917123 0.01479865771812077
2 0.3418602868531326 0.3384899328859061 0.021156270227915365 0.014513422818791923
2 0.22118267298061528 0.3404194630872483 0.020134228187919465 0.014228187919463077
2 0.5849146594896604 0.3368959731543624 0.019827615575920637 0.014228187919463077
3 0.3225309167717099 0.6551510067114095 0.016608183149933595 0.010117449664429425
3 0.44456273634722177 0.6548322147651007 0.016250468435934987 0.01043624161073827
3 0.5658407999182368 0.6541778523489934 0.016557081047933814 0.010687919463087307
3 0.6876171089837496 0.6532214765100672 0.016557081047933814 0.01040268456375846
3 0.9306842571457774 0.6509731543624162 0.016301570537934695 0.01
2 0.8279818076516883 0.3343120805369128 0.02083688209041654 0.014513422818791923
3 0.20051187272169796 0.27489932885906043 0.016493203420434033 0.011023489932885867
3 0.8089079480802644 0.6519295302013424 0.016301570537934695 0.009781879194630961
3 0.5643843900112425 0.27073825503355714 0.01700422444043191 0.010520134228187886
3 0.3210745068647157 0.2734563758389262 0.016812591557932716 0.009932885906040289
3 0.44285081593022857 0.2721812080536913 0.017208632848431177 0.010520134228187886
3 0.6856624535822574 0.2694463087248323 0.016493203420434106 0.010201342281879135
3 0.9292150717132832 0.26800335570469797 0.01562446768643762 0.010117449664429519
3 0.8079370081422683 0.2686409395973155 0.016046060027935863 0.009932885906040289
0 0.08375634517766499 0.9088590604026846 0.008866214696964528 0.010906040268456535