2 0.2069391583479302 0.7080628301056338 0.021040044997140222 0.015280065402178782
2 0.33343601424537067 0.7067148987676055 0.021569253446001153 0.015585456095950766
2 0.7162621988274827 0.7053669674295774 0.02120041119376466 0.014816714004731467
2 0.460702627886609 0.7067148987676055 0.02203431541621244 0.01594350035761446
2 0.5884824133570458 0.7060409330985915 0.021328704151064384 0.015227411834286879
2 0.8430156406395223 0.7033450704225351 0.022194681612836806 0.015280065402178782
0 0.07319375036306033 0.613707636443662 0.007934117577999318 0.01202607490647002
2 0.20488647103113605 0.3080642055457746 0.021088154856127545 0.015280065402178689
2 0.3316399128431758 0.30654778279049294 0.0222909013308116 0.015638109663842385
2 0.7142095115106885 0.30334644586267606 0.021537180206676367 0.015764478226782615
2 0.5864297260402516 0.3046943772007042 0.02128059429207706 0.015280065402178689
2 0.45916311239901336 0.3053683428697183 0.02153718020667622 0.015827662508252634
2 0.08108376723698792 0.7080628301056338 0.020639129505578835 0.016701711735255267
2 0.8414761251519267 0.3023354973591549 0.022194681612836806 0.015638109663842385
2 0.07980083766399156 0.3099176111355634 0.0203665069713171 0.015638109663842385
3 0.1855142344788911 0.6399922975352113 0.01683845064557712 0.010825573558538698
3 0.3113696255898334 0.6393183318661971 0.0164696083933407 0.010994064975792335
3 0.5674423683599056 0.637970400528169 0.016213022478741394 0.010867696412852108
3 0.6947089820011438 0.6369594520246478 0.016397443604859785 0.011088841397997271
3 0.43940599697486954 0.6389813490316901 0.015715887269205323 0.010378018231459124
3 0.8219755956423821 0.6356115206866196 0.01691863374388945 0.011046718543684051
3 0.18346154716209692 0.24049914722711263 0.017704428107349686 0.011752276353433141
3 0.9492422092836204 0.6346005721830985 0.01651771825232817 0.010256915025308141
3 0.5653896810431114 0.23628686179577463 0.017046926701189027 0.010909819267165517
3 0.4376098955726746 0.23780328455105632 0.01596445487397343 0.01049912143761001
3 0.8204360801547866 0.2346019476232394 0.015242806989162838 0.010378018231459028
3 0.6926562946843497 0.2352759132922535 0.016581864730977742 0.010783450704225383
3 0.9471895219668263 0.23409647337147887 0.0156597591003868 0.010662347498074402
3 0.310086696016837 0.23948819872359153 0.01633329712620985 0.010909819267165517