3 0.18447839371453514 0.20684482758620693 0.015870798777826288 0.009189655172413751
3 0.557140986468791 0.20234482758620692 0.016708860759493727 0.011379310344827568
3 0.43257092972501093 0.20350000000000001 0.016329113924050603 0.011965517241379332
3 0.6839633347883022 0.5945689655172415 0.016708860759493727 0.010810344827586202
3 0.30950676560453955 0.5968793103448277 0.01583151462243569 0.011206896551724223
2 0.20549541684853778 0.27346551724137935 0.02078131820165864 0.014965517241379303
2 0.45312963771278925 0.27032758620689656 0.020519423832387522 0.014344827586206843
2 0.32905718027062425 0.27132758620689656 0.020676560453950193 0.014793103448275814
2 0.8268267132256657 0.2675172413793103 0.02063727629855967 0.014913793103448257
2 0.5781972937581843 0.26934482758620687 0.02135748581405496 0.014741379310344863
2 0.7025054561326933 0.2685172413793104 0.0221955477957224 0.015137931034482695
2 0.20736796158882587 0.6638620689655174 0.02078131820165864 0.014965517241379303
2 0.5802007856831078 0.6622241379310345 0.021567001309471857 0.014793103448276005
2 0.3308118725447403 0.6635344827586207 0.021606285464862526 0.015206896551724185
2 0.4551331296377128 0.6628793103448277 0.0209122653862942 0.014568965517241472
3 0.18869489305979922 0.9856206896551724 0.017101702313400264 0.010396551724137832
2 0.7050196420776953 0.6612241379310345 0.02180270624181601 0.01484482758620686
2 0.8288302051505894 0.6605689655172414 0.021475338280226967 0.015310344827586277
2 0.0828633784373636 0.275448275862069 0.019890877346137047 0.015137931034482695
3 0.5611479703186382 0.9856206896551724 0.01825403753819305 0.010810344827586202
3 0.4368267132256657 0.9862931034482758 0.017769532955041478 0.011017241379310387
3 0.6844609340899172 0.9849655172413793 0.01763858577040606 0.010603448275862395
3 0.31175905718027064 0.9856206896551724 0.016839807944129218 0.010448275862068689
3 0.8082845918812746 0.9836551724137932 0.01710170231340012 0.00986206896551721
3 0.9331034482758622 0.9823275862068968 0.016839807944129002 0.010396551724137832
2 0.0828633784373636 0.6648620689655172 0.020362287210824993 0.013172413793103412
3 0.3083151462243562 0.2052241379310345 0.016656481885639503 0.009637931034482771
3 0.6816717590571805 0.20139655172413795 0.01710170231340012 0.009086206896551752
3 0.805757311217809 0.20070689655172416 0.01725883893496308 0.0091551724137931
3 0.9301833260584899 0.2001206896551724 0.016996944565691962 0.009810344827586212
3 0.4341946748144915 0.5966896551724138 0.016446966390222608 0.011448275862068915
3 0.5584373635966826 0.5961724137931035 0.016905281536446926 0.009948275862068954
3 0.8076429506765604 0.5940862068965517 0.01617197730248779 0.009896551724137908
3 0.932226102138804 0.5931206896551725 0.015739851593190583 0.008637931034482828
3 0.18648188563945878 0.5976034482758621 0.016263640331732897 0.010379310344827484