3 0.9363256526898734 0.6213582356770834 0.016830701868242256 0.010633680555555618
3 0.5602769811445147 0.6246812608506945 0.017288143624736237 0.010675218370225632
3 0.30940961234177217 0.6256781684027778 0.017414334454113924 0.010514259338378906
3 0.18536402706355487 0.6263427734375 0.01689379728293117 0.010799831814236048
3 0.9343065994198313 0.22724745008680558 0.016704511038864715 0.010353300306532087
3 0.30764294073048526 0.23189968532986113 0.016956892697620015 0.010394838121202288
3 0.18347116462289031 0.23372734917534724 0.01643635552643726 0.010394838121202288
3 0.8091252966772152 0.22757975260416666 0.016310164697059502 0.010233879089355469
3 0.6854582838871308 0.62335205078125 0.017556299137163767 0.010934829711914062
3 0.8106395866297469 0.6223551432291666 0.01722504821004747 0.01059733496771912
3 0.4330766251318566 0.23106892903645834 0.017146178941686397 0.010799831814236143
3 0.6839439939345993 0.22841050889756948 0.01735123903942501 0.01075829399956594
2 0.7056488165875529 0.295867919921875 0.020695296017932584 0.014060550265841982
3 0.435348060060654 0.6253458658854166 0.017146178941686397 0.010192341274685266
3 0.5582579278744726 0.22957356770833334 0.017288143624736237 0.011017905341254372
2 0.4545290661260549 0.2985263400607639 0.020900356115671197 0.014901691012912294
2 0.5799627505274262 0.2978617350260417 0.020853034554654582 0.013894399007161459
2 0.32909538172468356 0.2998555501302083 0.02118428548177088 0.014777077568901878
2 0.08296016902360233 0.694797092013889 0.020900356115671162 0.015483220418294271
2 0.8303253560126582 0.29503716362847227 0.021468214847870423 0.01455900404188365
2 0.204797414787711 0.3015170627170139 0.020853034554654513 0.01444477505154083
2 0.7071631065400845 0.6908094618055556 0.020584879042227056 0.014164394802517298
2 0.4562957377373418 0.6928032769097223 0.021625953384592563 0.01495361328125
2 0.5814770404799579 0.6921386718750001 0.020616426749571513 0.014060550265842077
2 0.33111443499472576 0.6934678819444445 0.020742617578949057 0.013946321275499069
2 0.08075182950949367 0.30251397026909727 0.020584879042227056 0.015607833862304688
2 0.8323444092827005 0.6901448567708335 0.02172059650662579 0.014060550265842077
2 0.20643789556962025 0.694797092013889 0.020853034554654513 0.014008627997504276