3 0.20149558818519403 0.2146979865771812 0.01760467413892957 0.010906040268456346
2 0.7081601539876674 0.2757046979865772 0.02095186181991624 0.01468120805369125
0 0.08325809968316697 0.9062919463087248 0.009211153885463164 0.010469798657718077
2 0.5863838449221546 0.2769966442953021 0.020479167376418 0.014446308724832211
3 0.3222881817872109 0.21308724832214765 0.01760467413892957 0.01065436241610738
2 0.4641220658876436 0.2776342281879195 0.021322352059414778 0.015553691275167788
2 0.8294509930841822 0.27474832214765105 0.021399005212414484 0.014966442953020192
2 0.34258849180662976 0.27859060402684566 0.021041290498415806 0.015922818791946347
3 0.4435790208837257 0.21164429530201345 0.018013490954927956 0.010604026845637595
3 0.8079370081422683 0.20874161073825503 0.017272510475930886 0.01043624161073827
3 0.6866461690457535 0.20971476510067116 0.017745204919429127 0.010570469798657717
2 0.22203863318911188 0.2802013422818792 0.020632473682417416 0.01531879194630875
3 0.5653553299492385 0.21098993288590606 0.01754079651142986 0.011073825503355698
3 0.2030797533471877 0.5941275167785236 0.017464143358430155 0.010721476510067116
2 0.7091438694511636 0.6564261744966444 0.02027475896841888 0.014177852348993459
2 0.8309201785166764 0.6554697986577183 0.021322352059414778 0.0143959731543625
3 0.32400010220420405 0.5931711409395973 0.01754079651142986 0.01040268456375846
2 0.34454314720812185 0.659010067114094 0.020632473682417416 0.014848993288590578
2 0.5873675603856505 0.6567617449664431 0.020875208666916535 0.01479865771812096
2 0.22410826832010358 0.6596476510067114 0.020836882090416682 0.014345637583892502
3 0.9297133172077814 0.2082718120805369 0.017336388103430595 0.01065436241610738
3 0.6886008244472457 0.5909228187919463 0.018013490954927956 0.01060402684563769
3 0.4455336762852179 0.5928523489932886 0.018051817531427813 0.010117449664429425
3 0.5673099853507308 0.5918791946308725 0.01793683780192825 0.010771812080536923
2 0.46607672128913574 0.6577181208053692 0.022191087793411265 0.01501677852349
3 0.8098916635437606 0.5899496644295303 0.017540796511430007 0.010285234899328847
3 0.9316679726092735 0.5893120805369129 0.017668551766429133 0.010285234899328847
3 0.20564763397267743 0.9730872483221479 0.018013490954927956 0.010604026845637311
3 0.32571202262119714 0.9737248322147652 0.01815402173542737 0.010570469798657693
3 0.4462746567642149 0.9737248322147652 0.017809082546928836 0.010318791946308845
3 0.5682937008142268 0.9730872483221479 0.017885735699928396 0.01040268456375846
3 0.6900700098797397 0.9724496644295304 0.018013490954927956 0.010117449664429614
3 0.8108626034817566 0.9718120805369129 0.017464143358430297 0.010117449664429614
3 0.9321534425782715 0.9705201342281878 0.017668551766429133 0.00996644295302038