2 0.46081114489955716 0.2979381371897163 0.021560723329159474 0.015155115871564722
2 0.588721952964683 0.29725939162234044 0.021076212692549067 0.014582424299091295
3 0.43884666270655576 0.22972420766843973 0.017829991427260012 0.01116748566323139
2 0.7174079780483854 0.29607158687943264 0.021156964465317542 0.014412737907247314
3 0.3122278830057242 0.6330687610815603 0.01716782689055915 0.010902350675975185
3 0.5670158764445404 0.2285364029255319 0.01791074320002834 0.01116748566323139
3 0.18289584373987472 0.23209981715425532 0.017636187172615836 0.011422015250997314
2 0.08011498736027109 0.7026401817375886 0.021270016947193264 0.015452067057291666
3 0.6951850901825251 0.22717891179078015 0.01729702972698872 0.010695545385915372
3 0.1847046834498866 0.6337475066489362 0.017555435399847434 0.010616004889738519
3 0.9520403290042121 0.2258214206560284 0.016513737531135223 0.010658426487699444
3 0.4403970967437088 0.6323900155141844 0.017103225472344472 0.01094477227393611
3 0.8238711152662275 0.22666985261524825 0.01695787228136125 0.01040919959967861
3 0.6972523355653958 0.6306931515957447 0.018395253836638748 0.010902350675975185
2 0.20641075997002914 0.7019614361702128 0.02064015311959983 0.014752110690935372
3 0.5690831218274112 0.6313718971631206 0.017038624054129724 0.01094477227393611
3 0.8254215493033804 0.6296750332446809 0.017910743200028487 0.010091037614971205
3 0.9535907630413653 0.6289962876773049 0.017361631145203327 0.010053918716755372
2 0.8460940031320877 0.2952231549202128 0.021479971556391145 0.014688478293993796
2 0.3323835254887137 0.299635001108156 0.02152842262005217 0.015155115871564722
2 0.3341923651987255 0.7019614361702128 0.021560723329159474 0.014688478293993702
3 0.3106774489685711 0.2309120124113475 0.016392609871982655 0.010170578111148056
2 0.20486032593287612 0.30133186502659576 0.021027761628888114 0.014868770085328057
2 0.5907891983475537 0.700603945035461 0.021350768719961645 0.014083970523049629
2 0.7189584120855383 0.6992464539007092 0.02143152049273012 0.014190024517952034
2 0.4626199846095691 0.7012826906028369 0.021609174392820504 0.015271775265957407
2 0.8476444371692406 0.6985677083333334 0.022529744602380147 0.014805137688386481
2 0.07804774197740036 0.3026893561613475 0.020640153119599866 0.015155115871564722
0 0.059507134949778585 0.9293412012411348 0.009843641100466441 0.011167485663231294