3 0.200783031220425 0.6668564618644067 0.016781806043244005 0.010345872782044505
3 0.3204633996171384 0.2807997881355932 0.016781806043244005 0.010421908103813564
3 0.3224395460509335 0.6668564618644067 0.016720051467187868 0.010634807004767027
2 0.46422805267572914 0.3450344279661017 0.020842169418932254 0.014710300251589009
3 0.5682227587541943 0.6655587923728813 0.016781806043244005 0.010345872782044505
2 0.5869961498752473 0.34438559322033896 0.020070237218231042 0.014041189420021189
3 0.19868337563451777 0.28258408368644067 0.01659654231507574 0.01091867220603812
3 0.6887676912156929 0.27771782309322035 0.016720051467187868 0.010421908103813564
3 0.44372553342510535 0.2801509533898305 0.016781806043244005 0.010634807004766931
2 0.71001126537899 0.3434123411016949 0.020610589758722063 0.014375744835805051
2 0.10037009055321344 0.7330376059322034 0.020687782978792053 0.014943475238347522
3 0.8117828067194356 0.27706898834745763 0.015670223674234256 0.00972238314353812
2 0.22128555047104878 0.7323887711864407 0.01946813010168417 0.014041189420021093
3 0.5662466123203992 0.27901549258474573 0.016658296891131876 0.010503012447033862
3 0.44520764325045165 0.6668564618644067 0.01659654231507574 0.01006707660222465
2 0.343436101910006 0.7323887711864407 0.02057971247069392 0.014041189420021093
3 0.9347979222231781 0.27609573622881356 0.016025312486556868 0.010188733117055052
2 0.3414599554762109 0.3469809322033898 0.020842169418932254 0.01465961003707624
3 0.8132649165447818 0.6636122881355931 0.01647303316296361 0.010148180945444854
2 0.46620419910952415 0.7317399364406779 0.02108918772315666 0.014426435050317725
3 0.6907438376494881 0.664261122881356 0.017044262991482338 0.010878120034428018
2 0.8325323442742837 0.34243908898305087 0.02101199450308645 0.014264226363877128
2 0.21992694979781466 0.34827860169491526 0.020147430438301177 0.014102017677436436
2 0.7114933752043362 0.7297934322033898 0.02030181687844152 0.013777600304555146
2 0.5889722963090425 0.7304422669491525 0.02057971247069392 0.013726910090042376
3 0.9362800320485244 0.6629634533898305 0.016287769434795343 0.010264768438824111
2 0.8340144540996299 0.7291445974576272 0.021490592467521333 0.013990499205508513
2 0.09839394411941839 0.34925185381355933 0.020101114506259146 0.015054993710275445