2 0.21685605538526004 0.25784312391114983 0.021543016990197592 0.015901891196646336
3 0.19545549772857587 0.1904841300087108 0.018298109949058353 0.011358493711890247
3 0.32385884366868084 0.9766169425087109 0.018662172690259354 0.010634259479801737
3 0.7014710503682794 0.9759500217770035 0.018377254023232436 0.010550894388338368
3 0.19950767432629118 0.9766169425087109 0.018298109949058353 0.010670731707317221
3 0.5753470537643894 0.9766169425087109 0.01858302861608527 0.010550894388338368
2 0.2190087742027963 0.6524934668989547 0.021701305138545835 0.015422541920731685
3 0.4489697961231421 0.9766169425087109 0.01866217269025928 0.010389374523628021
3 0.8265820028227407 0.9746161803135889 0.018234794689719013 0.010149699885670695
2 0.469483940149076 0.6504927047038328 0.022730178102809574 0.01646460556402436
2 0.34184037732104267 0.25617582208188155 0.022081196694581723 0.01608946265243901
3 0.32056645018303714 0.18898355836236935 0.018377254023232436 0.011056295255335347
2 0.3436132045825431 0.6518265461672474 0.021416386471518986 0.015776843559451283
2 0.4674578518502184 0.2551754409843206 0.022081196694581723 0.01583936737804881
3 0.4461839247122128 0.18781644708188153 0.01858302861608527 0.011316811166158515
2 0.5951014146782517 0.6494923236062717 0.021289755952840453 0.015245391101371979
3 0.698431917919993 0.18548222452090593 0.018377254023232436 0.011275128620426832
3 0.1971016944713977 0.5834671711672474 0.01809233535620559 0.011223025438262273
3 0.5723079213161029 0.18664933580139373 0.01809233535620559 0.011441858803353662
2 0.720212367132713 0.2530079486062718 0.021796278027554877 0.015182867282774359
2 0.5940883705288228 0.25434179006968644 0.02133724239734483 0.01506824028201218
3 0.8235428703744543 0.18431511324041813 0.018234794689719013 0.01067073170731708
2 0.7212254112821419 0.6488254028745646 0.021052323730317984 0.01495361328125
2 0.8473494078860319 0.6478250217770035 0.02195456617590319 0.015120343464176737
2 0.8453233195871743 0.2521742976916377 0.022508574695121995 0.015245391101371979
3 0.3223392774445376 0.5828002504355401 0.018171479430379747 0.010795779344512273
3 0.9496668669783443 0.18414838305749132 0.017823245504013634 0.011181342892530494
3 0.5743340096149605 0.5811329486062717 0.018377254023232436 0.011441858803353662
3 0.6999514841441363 0.5804660278745645 0.018772974394103217 0.011097977801067032
3 0.825568958673312 0.5794656467770035 0.018029020096866324 0.010670731707317032
3 0.9521994773519163 0.9739492595818816 0.0178865607633529 0.010149699885670695
3 0.44821001301107044 0.5824667900696864 0.018377254023232436 0.010712414253048716
3 0.951692955277202 0.5787987260452963 0.018234794689719013 0.010670731707317032