2 0.22289459339760845 0.7071812080536913 0.01994259530542027 0.014446308724832307
2 0.3435722072701258 0.7058892617449665 0.02083688209041654 0.014563758389261732
2 0.7086583994821655 0.7039597315436242 0.020376963172418584 0.01374161073825519
2 0.4650930058256397 0.705251677852349 0.020721902360917123 0.014966442953020001
2 0.8299364630531804 0.7026845637583893 0.02107961707491566 0.014177852348993459
3 0.9287296017442853 0.2559563758389262 0.01586720267093674 0.010687919463087212
2 0.5868820904166525 0.7046140939597316 0.020530269478418 0.0143959731543625
2 0.10300906210608797 0.7071812080536913 0.020721902360917123 0.01520134228187904
2 0.22118267298061528 0.32790268456375843 0.019712635846421148 0.014077181208053654
2 0.3423457568221307 0.32644295302013426 0.021271249957414924 0.014513422818791923
2 0.46338108540864653 0.325 0.020555820529417852 0.014614093959731539
2 0.7066909685551732 0.32291946308724834 0.02055582052941771 0.014563758389261732
2 0.5849146594896604 0.32404362416107385 0.01998092188192005 0.014345637583892597
2 0.8284672776206862 0.3216275167785235 0.02079855551391683 0.014513422818791923
3 0.9306842571457774 0.6368456375838927 0.016748713930432937 0.010050335570469807
3 0.8074387626477703 0.25627516778523496 0.016250468435934987 0.010604026845637595
3 0.4443200013627228 0.6403691275167787 0.016122713180935572 0.010855704697986539
3 0.32278642728170887 0.6413422818791947 0.01681259155793279 0.01102348993288596
3 0.5658407999182368 0.6397315436241611 0.01573944741593718 0.010939597315436155
3 0.6876171089837496 0.6387751677852349 0.016557081047933814 0.010855704697986539
2 0.10105440670459578 0.3291778523489933 0.01998092188192005 0.014563758389261732
3 0.20026913773719893 0.2625335570469799 0.017068102067931766 0.011023489932885867
3 0.6856624535822574 0.25771812080536916 0.016812591557932934 0.010973154362416153
3 0.20201938473069195 0.6412248322147652 0.01655708104793374 0.01145973154362423
0 0.08399908016216401 0.909496644295302 0.008661806288965361 0.010604026845637311
3 0.32131724184921473 0.2607718120805369 0.016046060027935755 0.010570469798657693
3 0.5643843900112425 0.258523489932886 0.016608183149933523 0.010973154362416153
3 0.8089079480802644 0.63748322147651 0.016748713930432937 0.010285234899328847
3 0.44285081593022857 0.25964765100671144 0.016365448165434403 0.010906040268456346
0 0.09738783088611047 0.6066610738255034 0.010067114093959733 0.010167785234899232