3 0.20398056565918352 0.9743893045774648 0.017511988671400244 0.010909819267165327
3 0.2002600698974941 0.17843584947183097 0.017912904162961592 0.011046718543683956
2 0.09602204209154035 0.24835978763204225 0.021697546403300842 0.016575343172315134
3 0.3302208356420247 0.9743893045774648 0.017848757684311732 0.0112152099609375
1 0.9593694982394365 0.1720331756161972 0.01072849855418191 0.01054124429192342
1 0.9629617010438264 0.9710194762323943 0.011065267567093617 0.010583367146236923
1 0.9619353573854292 0.569672920334507 0.011193560524393053 0.010620224643761085
3 0.7120206765657395 0.9730413732394366 0.017912904162961592 0.010951942121478927
3 0.4569742774540645 0.9743893045774648 0.01751198867140017 0.01104671854368386
3 0.5847540629245013 0.9737153389084505 0.01812138021857343 0.010909819267165327
3 0.8392872902069778 0.9716934419014084 0.017431805573088058 0.010951942121478927
3 0.32688521875223414 0.17675093529929575 0.017431805573087916 0.010746593206701125
3 0.45363866056427393 0.17557149537852113 0.017704428107349613 0.011088841397997366
3 0.8362082592317865 0.1722016670334507 0.01651771825232817 0.009946258974746911
3 0.58167503194931 0.17422356404049294 0.017977050641611456 0.011130964252310728
3 0.7089416455905483 0.17321261553697181 0.017303512615788334 0.01054124429192342
2 0.09756155757913598 0.6448200924295774 0.021986205557225007 0.01696497957471384
2 0.2216849937665332 0.2470118562940141 0.020927788659503035 0.016006684639084483
3 0.20167129242779008 0.5757386113556338 0.017912904162961592 0.010783450704225287
2 0.858274647887324 0.2409461652728873 0.02185791259992539 0.01588031607614435
2 0.3484384355785729 0.24532694212147887 0.022242791471824275 0.016133053202024617
3 0.32816814832523056 0.5750646456866196 0.017704428107349613 0.010909819267165517
3 0.5832145474369057 0.5730427486795774 0.017704428107349613 0.010951942121478927
3 0.8377477747193822 0.5710208516725351 0.01691863374388945 0.010335895377145713
3 0.7109943329073425 0.5723687830105633 0.017576135150050177 0.010620224643761085
2 0.7310080342460855 0.24178862235915494 0.021537180206676367 0.015522271814480652
2 0.4759616351344105 0.24397901078345066 0.02280407316001021 0.01625942176496475
2 0.6032282487756487 0.2426310794454225 0.02198620555722497 0.01594350035761446
3 0.45569134788106813 0.5743906800176055 0.017303512615788334 0.010783450704225287
2 0.22373768108332737 0.6444831095950704 0.02100797175781529 0.015827662508252727
2 0.8603273352041181 0.6397653499119718 0.021745656262288058 0.015459087533010537
3 0.35023453698076784 0.6438091439260564 0.021954132317900037 0.0160698689205545
3 0.7330607215628798 0.64111328125 0.02185791259992539 0.0157012939453125
3 0.4777577365366054 0.6431351782570423 0.02249937738642358 0.0160698689205545
3 0.6052809360924429 0.6421242297535211 0.021569253446001153 0.016006684639084483
0 0.07594419427414742 0.9171022227112676 0.009589898558147738 0.011130964252310681