2 0.4631427420110381 0.343310874580537 0.020479516707193432 0.014281202482697116
2 0.583941324140633 0.34266857172818793 0.01994460395737866 0.013960051056522692
3 0.20137172547312032 0.6615719379194632 0.01720890732261182 0.010608033045826346
2 0.34136603371035334 0.34427432885906045 0.021121412006971155 0.014341418375104904
3 0.5634006745477464 0.27763540792785235 0.01713249121549551 0.010397277422399327
3 0.5658459899754711 0.6602873322147652 0.015741718065977107 0.010808752687185385
3 0.4423575608753791 0.27892001363255037 0.01687267645129964 0.010397277422399327
3 0.4438247501320138 0.6609296350671141 0.01655172880141078 0.010567889117554614
3 0.6851773828484312 0.2766719536493289 0.016429463030024506 0.010437421350671154
2 0.7062070955268627 0.34138396602348997 0.020280834828690843 0.014281202482697116
3 0.322048041831329 0.6609296350671141 0.01604738249444265 0.010527745189282693
3 0.807443154234661 0.2763508022231544 0.01562709390530242 0.010005874121749135
2 0.22203464083739313 0.7270868288590605 0.019715355636029507 0.013899835164114999
2 0.10209191910750179 0.7270868288590605 0.020403100600077082 0.014793037568162692
3 0.19978227044509933 0.28116807361577184 0.016689277794220372 0.010648176974098172
3 0.6871336351906109 0.6590027265100672 0.0168115435656065 0.010939220454068845
2 0.22068971735214463 0.3458800859899329 0.019791771743145965 0.013689079540687885
2 0.3430777545097605 0.7264445260067114 0.020754614692812475 0.014010230966862498
3 0.9287307994498009 0.2749056208053691 0.015802850951670246 0.009965730193477308
3 0.9306870517919805 0.6570758179530202 0.01655172880141078 0.009403715197671924
3 0.3205808525746943 0.28004404362416113 0.01598624960874955 0.009965730193477308
2 0.5854085133972677 0.7258022231543625 0.020403100600077117 0.014010230966862498
2 0.8274947407420026 0.3404205117449665 0.021197828114087467 0.014732821675755
2 0.7076742847834976 0.7245176174496645 0.020403100600077117 0.014010230966862498
2 0.46436539972490043 0.7258022231543625 0.021274244221203924 0.014682641765415193
0 0.08326299031402243 0.9069316275167787 0.009001817418311157 0.010316989565855769
2 0.8289619299986373 0.7232330117449666 0.021610475092516106 0.014341418375104808
3 0.8079322173202059 0.6573969693791947 0.0168115435656065 0.00958938086592904
2 0.10013566676532212 0.3468435402684564 0.019333275100447578 0.013588719720008366