3 0.3228226764819754 0.9785487288135593 0.01812496807246409 0.0102647684388243
3 0.6906329314720813 0.9778998940677966 0.017924265700281897 0.010345872782044505
3 0.20153668910780348 0.9785487288135593 0.01806321349640795 0.010345872782044505
3 0.4448497187688204 0.9785487288135593 0.01798602027633789 0.010305320610434213
3 0.5681118525767874 0.9785487288135593 0.01806321349640795 0.010188733117054956
2 0.21821042464294932 0.2804025423728813 0.020656905690763984 0.014831956766419505
3 0.19746088708810117 0.2145458156779661 0.01806321349640795 0.010381355932203367
3 0.813154010367375 0.9772510593220338 0.017646370108029205 0.010107628773834752
2 0.22043358938096874 0.6632150423728813 0.02108918772315666 0.014882646980932274
2 0.5873792803062892 0.661917372881356 0.020764976198862188 0.014771128509004257
3 0.31936442022283407 0.2129237288135593 0.017445667735847013 0.010381355932203367
2 0.7103943958100318 0.6606197033898304 0.021212696875268933 0.014375744835805145
2 0.34011395777768216 0.27861824682203384 0.02104287179111459 0.015896451271186437
2 0.464611183106771 0.661917372881356 0.021783926703787804 0.015409825211864358
3 0.44188549911812786 0.21178826800847456 0.01806321349640795 0.010675359176377129
2 0.3418430859072529 0.6625662076271186 0.020842169418932254 0.01534899695444911
2 0.46288205497720036 0.2776449947033898 0.021490592467521333 0.01583562301377119
3 0.6876687118213887 0.20903072033898307 0.017584615531973213 0.010797015691207624
2 0.7089122859846855 0.2756984904661017 0.021212696875268933 0.015054993710275445
3 0.5651476329260948 0.21049059851694915 0.017445667735847013 0.011263365664724556
2 0.5858971704809429 0.27667174258474575 0.02057971247069392 0.015004303495762676
3 0.8101897907166824 0.208544094279661 0.017445667735847013 0.010188733117055098
3 0.19919001521767185 0.5967094809322033 0.017584615531973213 0.011182261321504256
2 0.8314333648799793 0.2747252383474576 0.021212696875268933 0.015115821967690693
2 0.8334095113137744 0.659322033898305 0.021259012807311 0.014375744835805145
3 0.933204906220425 0.20789525953389829 0.017646370108029205 0.010675359176377129
3 0.32109354835240467 0.5960606461864407 0.017383913159790876 0.010797015691207624
3 0.6896448582551836 0.5937897245762712 0.01784707248021169 0.010756463519597522
3 0.5666297427514411 0.5947629766949153 0.017306719939720813 0.011009914592160991
3 0.4441086638561473 0.5954118114406779 0.01778531790415555 0.010381355932203367
3 0.9356750892626687 0.9759533898305085 0.017646370108029205 0.009798418465307273
3 0.8121659371504775 0.5928164724576271 0.017584615531973213 0.010584116790254257
3 0.9351810526542201 0.5921676377118643 0.01784707248021169 0.010421908103813469