0 0.08098167426654047 0.9117118644067795 0.009124150391465174 0.01062711864406765
3 0.20437064441194183 0.9705593220338983 0.01717714875677534 0.010423728813559591
2 0.10166910436204077 0.653593220338983 0.02137141873870775 0.01625423728813568
3 0.32539791792136274 0.971406779661017 0.017383635894347476 0.01062711864406765
3 0.4474318162264475 0.9707627118644068 0.016919039834810294 0.01027118644067779
3 0.6932160371676847 0.9701186440677966 0.016919039834810294 0.00991525423728793
3 0.8152370300266712 0.9688135593220338 0.016531876451862614 0.00991525423728793
3 0.5706917319108663 0.9701186440677966 0.017125526972382357 0.0101864406779661
2 0.8354985804009291 0.6499152542372881 0.020842295448679396 0.014711864406779492
2 0.22301901402391808 0.6534745762711864 0.020106685021078867 0.014949152542372985
2 0.34442054547018836 0.6531525423728813 0.020584186526714277 0.01516949152542376
2 0.4674352576787404 0.6525084745762711 0.021655338552869288 0.015474576271186417
2 0.10036565430611717 0.27196610169491525 0.020106685021078905 0.016203389830508477
2 0.8335240471478963 0.26483050847457623 0.020609997418910734 0.014830508474576239
2 0.7129742751441108 0.6508813559322033 0.02073905187989329 0.014152542372881384
2 0.5899595629355587 0.6515423728813559 0.021087498924546144 0.015406779661017065
2 0.22128968424675213 0.2705084745762712 0.020145401359373694 0.014661016949152478
2 0.3431945280908544 0.26905084745762714 0.02093263357136713 0.015288135593220318
2 0.46570592790157445 0.2677457627118644 0.021293986062118207 0.015474576271186417
2 0.710999741891078 0.26564406779661015 0.020338983050847387 0.015
2 0.5884754366342597 0.26628813559322034 0.020842295448679254 0.01511864406779665
3 0.32366858814419686 0.5866610169491525 0.017177148756775267 0.010677966101694854
3 0.2015572571625226 0.5876271186440677 0.01717714875677534 0.01045762711864408
3 0.6917319108663855 0.5847118644067797 0.016854512604318868 0.010576271186440635
3 0.446438096876882 0.5863220338983051 0.017125526972382357 0.0101864406779661
3 0.8142562161232041 0.5834067796610168 0.016660930912845463 0.009694915254237345
3 0.5692076056095672 0.5853559322033899 0.016919039834810294 0.010508474576271283
3 0.20053772692076052 0.20464406779661015 0.017306203217757898 0.011084745762711871
1 0.9344575410823367 0.9677288135593222 0.01107287275230132 0.01027118644067779
3 0.3219392583670309 0.20303389830508475 0.01698356706530157 0.010627118644067792
3 0.6902477845650864 0.19945762711864407 0.017048094295792852 0.010881355932203386
3 0.567723479308268 0.20059322033898302 0.01724167598726669 0.010966101694915267
3 0.444708767099716 0.201728813559322 0.017177148756775267 0.010627118644067792
3 0.8127720898219047 0.1984915254237288 0.016028564054030896 0.009796610169491515
1 0.9326507786285811 0.5824406779661017 0.010866385614729397 0.00983050847457624
1 0.9320700335541597 0.19883050847457628 0.007936849350426085 0.008169491525423733