2 0.10179988560806463 0.2673767605633803 0.01959855580181596 0.01343309859154933
1 0.2059054836634017 0.19732394366197178 0.016676199327947373 0.01012323943661973
1 0.844118645885465 0.5899119718309859 0.016662794023021472 0.009066901408450576
1 0.3322504825909774 0.19464788732394364 0.01742689640380346 0.010827464788732376
1 0.459252341459927 0.19330985915492954 0.01784246085650957 0.011302816901408429
1 0.5871389504539929 0.1917957746478873 0.017909487381139653 0.011619718309859148
1 0.7143016729820548 0.1904401408450704 0.017842460856509423 0.011179577464788698
1 0.8415716379495245 0.18992957746478872 0.017172195610209464 0.010704225352112691
1 0.7163526846357331 0.5902640845070422 0.018767426896403816 0.010950704225352107
1 0.5896055265603775 0.5909507042253521 0.01861996854221775 0.011795774647887357
2 0.2276891041681561 0.26491197183098586 0.022158969042682553 0.01619718309859157
2 0.10331468506470293 0.6620422535211268 0.022199184957460507 0.015880281690140805
2 0.863636769857725 0.25968309859154926 0.022413669836276618 0.016267605633802872
1 0.4615714592121255 0.5916197183098592 0.018767426896403816 0.011443661971831033
2 0.35406091370558374 0.2633978873239437 0.02164956745549434 0.016320422535211206
2 0.7368896117823693 0.2601936619718309 0.022038321298348502 0.016003521126760536
1 0.9693510045041824 0.5872359154929577 0.018968506470294064 0.011514084507042147
1 0.9683187960248802 0.18977112676056337 0.017641381282619755 0.010704225352112691
2 0.4813174733681275 0.2618838028169014 0.02237345392149863 0.016707746478873277
2 0.22909666118538644 0.6617077464788733 0.021957889468792447 0.015757042253521262
1 0.33326928576535353 0.5926232394366198 0.01868699506684783 0.011390845070422605
2 0.6091102452277114 0.260862676056338 0.02237345392149863 0.016267605633802872
2 0.8656877815114034 0.6580105633802816 0.02174340458997637 0.015757042253521262
1 0.20754093086437406 0.5929577464788732 0.018271430614141722 0.011478873239436591
2 0.7384178165439336 0.6593485915492957 0.021461893186530426 0.015580985915492913
2 0.35585722456566804 0.6617077464788733 0.021488703796382375 0.01619718309859157
2 0.48338189032673184 0.6610387323943662 0.022413669836276618 0.016267605633802872
2 0.6106384499892757 0.6596830985915493 0.022038321298348502 0.015827464788732374