3 0.1855196366550895 0.2034561403508772 0.016190221747261552 0.009350877192982427
3 0.5656826075340636 0.19887719298245612 0.017045150948437046 0.01157894736842105
3 0.43860539674058235 0.20005263157894737 0.016657761154154398 0.012175438596491214
3 0.695057440555704 0.5979824561403508 0.017045150948437192 0.011000000000000038
3 0.31306438685546356 0.6003333333333333 0.016150146940956456 0.011403508771929865
2 0.20695965802831953 0.27124561403508773 0.021199572535399443 0.015228070175438594
2 0.45957787870691963 0.2680526315789473 0.020932407160032012 0.014596491228070173
2 0.33300828212663636 0.26907017543859646 0.0210927063852524 0.015052631578947361
2 0.8407961528185945 0.2651929824561403 0.021052631578947448 0.015175438596491233
2 0.5871627037135987 0.2670526315789473 0.021787336361207506 0.015
2 0.7139727491317125 0.26621052631578945 0.022642265562383145 0.015403508771929732
2 0.20886989046219612 0.6684912280701755 0.021199572535399443 0.015228070175438499
2 0.589206518835159 0.6668245614035087 0.022001068661501453 0.015052631578947361
2 0.3347982901415976 0.6681578947368421 0.02204114346780655 0.015473684210526433
2 0.46162169382847984 0.6674912280701755 0.021333155223083124 0.014824561403508862
3 0.1890195030724018 0.994736842105263 0.017365749398877896 0.010526315789473604
2 0.716537536735239 0.6658070175438595 0.02224151749933218 0.01510526315789472
2 0.8428399679401549 0.6651403508771929 0.02190756078012294 0.015578947368420965
2 0.08185947101255676 0.2732631578947368 0.020291210259150427 0.015403508771929732
3 0.5690622495324605 0.994736842105263 0.018701576275714622 0.010526315789473604
3 0.44215869623296816 0.994736842105263 0.018701576275714622 0.010526315789473604
3 0.6946299759551162 0.994736842105263 0.018701576275714622 0.010526315789473604
3 0.31458722949505746 0.994736842105263 0.017365749398877896 0.010526315789473604
3 0.8218808442425861 0.9938947368421053 0.01744589901148816 0.010035087719298114
3 0.9492118621426663 0.9925438596491227 0.017178733636120654 0.010578947368420966
2 0.08185947101255676 0.6695087719298245 0.02077210793481166 0.01340350877192975
3 0.31184878439754204 0.20180701754385966 0.016991717873363635 0.009807017543859663
3 0.6927197435212398 0.19791228070175437 0.01744589901148816 0.009245614035087755
3 0.8193026983702912 0.19721052631578945 0.01760619823670855 0.00931578947368422
3 0.9462329682073204 0.19661403508771927 0.017339032861341332 0.009982456140350896
3 0.44026182206786 0.600140350877193 0.016777985573069688 0.01164912280701761
3 0.5670050761421319 0.5996140350877193 0.017245524979962533 0.010122807017543778
3 0.8212262890729362 0.5974912280701754 0.01649746192893401 0.010070175438596417
3 0.9483168581351855 0.5965087719298245 0.016056639059577944 0.00878947368421052
3 0.18756345177664974 0.6010701754385964 0.016590969810312592 0.010561403508771909