3 0.19292878801788568 0.2538829191552901 0.016729544629163588 0.01078905750053328
2 0.0921483986855748 0.32182233895051193 0.019923507737233753 0.015280245107188553
3 0.31584985365274115 0.25224976002559724 0.015923301514505116 0.009906130846043103
3 0.5621881345314728 0.24963670541808872 0.016667525928035998 0.010748228522290995
3 0.43864688188534146 0.25110654863481224 0.017194684887620416 0.010334835117587413
3 0.6847370879595628 0.248656809940273 0.01699312410895587 0.010452218430034084
3 0.8087744902147146 0.2476769144624573 0.01585353047573646 0.010059239514451784
3 0.19503742385622325 0.6411049488054608 0.01679156333029118 0.010294006139345129
2 0.09450510932842268 0.7077378412969282 0.020574704099073318 0.015280245107188648
3 0.3168421528707823 0.6404516851535836 0.01679156333029118 0.010416493074072074
3 0.9318195932518252 0.24718696672354948 0.016667525928035998 0.010100068492694068
3 0.8097667894327558 0.6371853668941979 0.016931105407828207 0.010217451805140741
3 0.6867216863956451 0.637838630546075 0.01711716151121091 0.010656363321245787
3 0.5641727329675551 0.6388185260238908 0.01711716151121091 0.010615534343003408
3 0.4403834055169136 0.6394717896757679 0.01672954462916366 0.010217451805140741
2 0.21401514640126149 0.32067912755972694 0.02069874150132843 0.014871955324765339
2 0.33619198762258606 0.3187193366040955 0.021024339682248233 0.015280245107188553
2 0.8296127737935801 0.31430980695392485 0.021024339682248233 0.014871955324765339
3 0.9338041916879076 0.6362054714163822 0.017458264367412626 0.009676467843430032
2 0.459485165464207 0.3175761252133105 0.020621218124918995 0.01475967563459894
2 0.5825302685013176 0.31692286156143346 0.020621218124918995 0.01431055687393344
2 0.7065676707564694 0.31561633425767915 0.02031112461928111 0.014586152477069068
2 0.21575167003283363 0.7077378412969282 0.02031112461928111 0.01452490900970569
2 0.8315973722296625 0.7031649957337883 0.021799573446343017 0.014698432167235561
2 0.7080561195835312 0.7051247866894197 0.020466171372100123 0.01339190486348116
2 0.5845148669374001 0.7057780503412969 0.02074525552717418 0.013340868640678233
2 0.3381765860586685 0.7070845776450512 0.020853788254147375 0.014759675634599035
2 0.46146976390028943 0.706431313993174 0.021427461239577467 0.014759675634599035