0 0.06954527411458564 0.9155574912891986 0.009579676266925435 0.010836236933798015
3 0.4384157367794293 0.19228222996515681 0.01643364354077529 0.012090592334494754
2 0.08505270586159751 0.26447735191637634 0.019966479954130468 0.015296167247386734
3 0.31406518766815156 0.587439024390244 0.015997000838001225 0.011219512195121979
3 0.1895823225863362 0.5881010452961674 0.01636748555550658 0.01149825783972138
3 0.6919331363295551 0.5854355400696866 0.016764433467119488 0.011010452961672475
3 0.3160896220173775 0.9809233449477353 0.016949675825872167 0.010261324041811879
3 0.56428791955189 0.19095818815331014 0.01643364354077529 0.012090592334494754
3 0.44044017112865524 0.5864285714285715 0.016618885899527966 0.011811846689895447
3 0.6929387377056412 0.9802439024390244 0.017955277201958147 0.010714285714285931
3 0.44271600582190274 0.9815853658536586 0.01829929872535616 0.011097560975609516
3 0.18806068892515326 0.19494773519163766 0.01582499007630222 0.01193379790940772
3 0.5678339875622987 0.9809233449477353 0.018378688307678755 0.01043554006968634
3 0.9441803025625194 0.9782578397212545 0.017081991796409873 0.010104529616724752
3 0.8185595201340802 0.9789198606271778 0.017346623737485002 0.010034843205575043
3 0.689908701980329 0.1897909407665505 0.016433643540775433 0.011533101045296187
3 0.5658095532130728 0.5857665505226481 0.017558329290345308 0.01132404181184673
3 0.19148767256207824 0.9802439024390244 0.016499801526044217 0.01
3 0.8165350857848542 0.584425087108014 0.01694967582587202 0.010069686411149708
3 0.9441803025625194 0.5831010452961672 0.01669827548185056 0.010923344947735246
2 0.8367926608741676 0.25663763066202094 0.02097208133021652 0.015069686411149802
2 0.08492038989105986 0.6564634146341465 0.020297269880474596 0.014320557491289302
2 0.7116879107308253 0.2574738675958188 0.02233493582675433 0.014895470383275248
2 0.45994354518590397 0.26114982578397217 0.020998544524324148 0.014547038327526138
2 0.3340713624134433 0.2618118466898955 0.020773607374410172 0.015470383275261288
2 0.20896661227010105 0.26264808362369335 0.0208529969567327 0.015174216027874554
2 0.5855643276143431 0.25947735191637633 0.02073391258324873 0.014425087108013865
2 0.4612137785030654 0.6541289198606273 0.021210250077184307 0.014616724738675847
2 0.33534159573060474 0.6547909407665506 0.021911524721033717 0.01571428571428574
2 0.587588761963569 0.6537979094076656 0.021620429585851104 0.015
2 0.8388170952233936 0.6521254355400697 0.021792440347550113 0.015296167247386734
2 0.21073964627530548 0.6554529616724739 0.021104397300754158 0.015662020905923366
2 0.7137123450800512 0.6527874564459931 0.022004145900410273 0.015069686411149709
3 0.3127287963657214 0.19362369337979096 0.017240770961054995 0.008414634146341485
3 0.815820579543951 0.18911149825783974 0.016870286243549713 0.00858885017421604
3 0.9419573942574868 0.18831010452961675 0.014859083491377463 0.006986062717770002