0 0.06622477733916221 0.9290660664414025 0.009593104905471089 0.0102808347008285
3 0.30588848199138713 0.2191213247336482 0.017437751309049974 0.010724240811295341
3 0.1823723778220018 0.22011125465469086 0.017703142331658636 0.010399420055953283
3 0.5539198094740962 0.21582155833017272 0.017578252438666286 0.011105776301697219
3 0.4297792558397494 0.2173064532117367 0.01778119851477874 0.010858293821436603
3 0.6803083811823045 0.6076688187428886 0.017921699644395193 0.010523161296083591
2 0.3286184425159859 0.6769639132158741 0.02190256498352474 0.01616885537702993
3 0.43177749412762617 0.6089887253042788 0.018546149109356577 0.010858293821436603
3 0.1843706161098786 0.6106386085060166 0.0176406973851625 0.010724240811295437
3 0.8022009167427899 0.2138416984880874 0.01764069738516257 0.010363328860915276
3 0.5554184881900038 0.6083287720235837 0.018858373841837413 0.011157335151751513
3 0.8041991550306667 0.606678888821846 0.018265146850123953 0.010043663990578553
3 0.30738716070729477 0.6099786552253215 0.017109915339945176 0.010007572795540641
2 0.20547700802557742 0.6776238664965692 0.021324949228435315 0.01585950227670416
2 0.4527589961503327 0.6763039599351791 0.021652785197540186 0.016106984756964777
2 0.5773991093566487 0.6756440066544839 0.022027454876517017 0.015199548996008996
2 0.7012898832050111 0.6743241000930937 0.021902564983524594 0.015086119525889547
3 0.6797468354430379 0.9949832775919732 0.017721518987341773 0.010033444816053512
3 0.6783101428944277 0.21499661672930384 0.017109915339945107 0.010007572795540546
3 0.30759493670886073 0.9949832775919732 0.017721518987341773 0.010033444816053512
3 0.4316455696202532 0.9949832775919732 0.017721518987341773 0.010033444816053512
3 0.5556962025316455 0.9949832775919732 0.017721518987341773 0.010033444816053512
2 0.08402158709056504 0.28858140752680755 0.014838480411147709 0.015086119525889547
3 0.9260916905911523 0.2131817452073923 0.01770314233165871 0.010724240811295388
3 0.8037974683544303 0.9949832775919732 0.017721518987341773 0.010033444816053512
2 0.8251806570533732 0.6736641468123987 0.02219917847938154 0.015550149176378392
3 0.1848101265822785 0.9949832775919732 0.015189873417721518 0.010033444816053512
3 0.928089928879029 0.6056889589008033 0.01812464572050764 0.010363328860915181
2 0.32711976380007823 0.2854466294435058 0.021730841380660358 0.016230725997095085
2 0.0854578208599765 0.6782838197772644 0.015540986059229411 0.015550149176378392
3 0.9278481012658227 0.9933110367892977 0.017721518987341773 0.013377926421404682
2 0.2036036596306929 0.28676653600489604 0.02137178293830742 0.01585950227670416
2 0.8231824187654965 0.2809919447988139 0.02127811551856321 0.015374849086193694
2 0.6992916449171341 0.2814869097593352 0.02202745487651716 0.015673890416508605
2 0.45126031743442513 0.2842917112022894 0.02157472901441987 0.015374849086193694
2 0.5749013114968028 0.2829718046408992 0.021824508800404565 0.01561201979644345