3 0.1960067858541041 0.2146674481950143 0.018047761973117544 0.011826362790056243
2 0.21760407151246244 0.2810916112126332 0.020396711470703356 0.013360686825500805
2 0.3402453347253034 0.27862634899837946 0.02149288790291008 0.015981105402889294
3 0.31901344121101394 0.21230562355618382 0.01749967375701422 0.010688549460400586
2 0.4641393710035234 0.27762645243595485 0.021727782852668596 0.015619073888908049
2 0.7129192222367217 0.2753335861807399 0.02145373874461711 0.014912250456849244
3 0.6914393840532428 0.20866806882046685 0.017838966462221245 0.010947143398958708
3 0.4429074774892339 0.21115057063062442 0.017643220670755553 0.010602351480881293
3 0.5675453477750227 0.20999551770506497 0.017786767584496956 0.011067820570285852
3 0.8153334203314628 0.20784056821708097 0.017577972073600512 0.01036099713822705
2 0.5885292966201227 0.2766437954694342 0.021075296881117048 0.01473985449781056
2 0.8368132585149418 0.27466124194048885 0.02202792639958244 0.015377719546253853
3 0.19762495106355213 0.6034892942109437 0.018321806081169317 0.01110229976209375
2 0.21873939710296228 0.6711374685377374 0.02149288790291015 0.015429438333965581
3 0.3210230980033929 0.602489397648519 0.017643220670755553 0.010981622590766415
2 0.34199399712906164 0.6698100196531391 0.02145373874461711 0.015429438333965581
3 0.939723345948062 0.20735785953177255 0.017838966462221245 0.01051615350136195
3 0.6934359911261907 0.6001792917974003 0.018269607203445025 0.010895424611247217
3 0.4451650789508025 0.6021618453263455 0.017577972073600512 0.010481674309554337
2 0.7149158293096698 0.667827466124194 0.021532037061203043 0.014464020963348609
3 0.5690460655095915 0.6011791883598249 0.017838966462220957 0.01094714339895885
3 0.8173300274044109 0.5991966348308795 0.017838966462221245 0.010723028652208437
2 0.8388098655878897 0.6668448091576733 0.021532037061203043 0.014464020963348609
2 0.4658880334072817 0.6698100196531391 0.021858280046978963 0.015429438333965581
2 0.5900300143546913 0.6691549150087921 0.0209708991256689 0.014843292073233733
3 0.9417199530210099 0.5985415301865323 0.018047761973117544 0.010516153501361902
3 0.4461568576275609 0.9918629107333723 0.018126060289703764 0.010395476330034757
3 0.6949367088607593 0.9912078060890254 0.018439253556048647 0.010395476330034757
3 0.32251076601853057 0.9918629107333723 0.018269607203445098 0.010447195117746201
3 0.19986950280568966 0.9918629107333723 0.018321806081169244 0.010481674309553957
3 0.5705467832441601 0.9918629107333723 0.01832180608116917 0.010154121987380848
3 0.8183348558006002 0.989897596800331 0.018191308886859093 0.009964486432438
3 0.9422158423593892 0.9892252525600798 0.018191308886859093 0.009861048857014732
0 0.07511418504502153 0.9245595283246558 0.008912958371395033 0.011016101782574362