3 0.19634220864251417 0.20289655172413795 0.017900480139677037 0.01032758620689658
3 0.3202837189000437 0.20174137931034483 0.017429070274989092 0.010448275862068973
3 0.5704321257092972 0.5911551724137932 0.018607594936708917 0.011206896551724223
3 0.4461108686163248 0.5921379310344828 0.018332605848974243 0.01068965517241395
3 0.5689262330859887 0.19860344827586207 0.01804452204277601 0.011068965517241385
3 0.44435617634220864 0.19993103448275865 0.018109995635093933 0.010896551724137898
2 0.34284591881274556 0.6597931034482759 0.022051505892623287 0.01622413793103438
3 0.6957485814054998 0.5904827586206898 0.01797904845045823 0.010448275862068878
2 0.467664775207333 0.6591379310344828 0.02152771715408119 0.015793103448275853
3 0.1978481012658228 0.5937931034482758 0.017560017459624655 0.010724137931034458
2 0.5924836316019205 0.6584655172413795 0.022025316455696317 0.015206896551724185
3 0.8180663465735487 0.19662068965517243 0.017704059362723696 0.010051724137931047
3 0.3220384111741598 0.5931379310344828 0.017979048450458373 0.010327586206896626
3 0.8205674378000873 0.5895 0.018188563945875414 0.009741379310344769
2 0.2190353557398516 0.660448275862069 0.021645569620253192 0.01586206896551725
3 0.696246180707115 0.9798965517241381 0.01797904845045823 0.010362068965517134
3 0.3237931034482759 0.9805689655172415 0.017638585770405918 0.01068965517241395
3 0.6937450894805762 0.19762068965517243 0.016905281536447214 0.010206896551724185
2 0.7168048886948931 0.6571551724137931 0.021855085115669946 0.015086206896551744
3 0.5719380183326058 0.9805689655172415 0.018188563945875126 0.010568965517241699
3 0.20036228721082497 0.9805689655172415 0.017979048450458373 0.01068965517241395
3 0.4478655608904409 0.9812241379310346 0.01852902662592758 0.010482758620689385
3 0.9423745089480576 0.19579310344827588 0.017769532955041335 0.010482758620689623
1 0.09759493670886077 0.27087931034482765 0.014613705805325198 0.015206896551724091
2 0.8411261457878657 0.6565000000000001 0.021972937581842093 0.015431034482758718
3 0.8210650371017023 0.9785862068965517 0.017769532955041335 0.010086206896551554
2 0.34158882584024447 0.26774137931034486 0.021724137931034528 0.016051724137931083
3 0.9448886948930599 0.5888448275862069 0.01797904845045823 0.010241379310344882
2 0.7148013967699695 0.26427586206896553 0.02232649498035796 0.015379310344827578
2 0.589982540375382 0.2655862068965517 0.021855085115670088 0.015672413793103412
2 0.217647315582715 0.2692241379310345 0.021645569620253192 0.015982758620689593
2 0.46591008293321695 0.2670862068965517 0.021475338280226967 0.015137931034482695
0 0.07930161501527717 0.9119137931034483 0.009480576167612394 0.010896551724137756
3 0.9448886948930599 0.9779310344827588 0.017167175905717758 0.010362068965517134
2 0.8391095591444784 0.26362068965517244 0.021396769969445627 0.01555172413793097
1 0.09978175469227413 0.6611206896551725 0.013841117415975537 0.015310344827586277