2 0.3452841276871189 0.6519295302013424 0.020325861070418588 0.014899328859060385
2 0.7096293394201616 0.6493624161073825 0.020376963172418584 0.014010067114094037
2 0.4665621912581338 0.6509731543624162 0.021513984941914047 0.015436241610738269
2 0.5878530303546486 0.65001677852349 0.020632473682417416 0.015134228187919424
2 0.8309201785166764 0.6484060402684565 0.020875208666916535 0.0143959731543625
3 0.2019810581541921 0.20874161073825503 0.017272510475930886 0.011241610738255
2 0.10300906210608797 0.27489932885906043 0.02024920791741899 0.016610738255033557
3 0.3262102681156952 0.966023489932886 0.017208632848431177 0.010604026845637311
3 0.6900700098797397 0.9647315436241611 0.017004224440432057 0.009882550335570764
3 0.20614587946717547 0.966023489932886 0.01681259155793279 0.010050335570469996
3 0.5687791707832249 0.9653859060402686 0.01668483630293323 0.01
3 0.44700286171771203 0.9653859060402686 0.016608183149933523 0.01020134228187923
2 0.2246065138146016 0.652265100671141 0.019789288999420857 0.014513422818791923
3 0.8113608489762547 0.9640939597315439 0.016365448165434403 0.009848993288590388
3 0.3225309167717099 0.2069798657718121 0.01681259155793279 0.01093959731543625
1 0.9292150717132832 0.9628187919463088 0.010923074302456363 0.009630872483221538
2 0.3435722072701258 0.2726510067114094 0.020760228937416976 0.015251677852348943
3 0.6871316390147516 0.2034563758389262 0.016608183149933523 0.010604026845637595
2 0.4650930058256397 0.2710570469798658 0.021156270227915365 0.015553691275167788
3 0.5653553299492385 0.20458053691275171 0.01713197969543147 0.010973154362416106
3 0.8084224781112663 0.2024832214765101 0.01612271318093528 0.009664429530201347
3 0.8098916635437606 0.5832046979865773 0.016365448165434403 0.009546979865771922
3 0.44406449085272376 0.20585570469798659 0.01700422444043191 0.010721476510067116
2 0.7081601539876674 0.2692785234899329 0.020325861070418876 0.014966442953020192
3 0.5673099853507308 0.5851342281879195 0.016876469185432497 0.010285234899328847
3 0.20369297857118523 0.5870637583892618 0.01695312233843213 0.010318791946308655
3 0.324498347698702 0.5864261744966444 0.016812591557932716 0.010285234899328847
3 0.6886008244472457 0.5844966442953021 0.016608183149933523 0.01020134228187923
1 0.9282441317752872 0.5820973154362417 0.010386502231458703 0.009194630872483268
2 0.10465710489558139 0.6525838926174498 0.020798555513916794 0.01585570469798673
2 0.5863838449221546 0.26976510067114096 0.020555820529417852 0.014731543624161058
3 0.44577641126971695 0.5857885906040269 0.01713197969543147 0.009848993288590577
2 0.22289459339760845 0.2741107382550336 0.020095901611419612 0.014395973154362404
2 0.8294509930841822 0.2683221476510067 0.02083688209041654 0.014899328859060385
0 0.08375634517766499 0.9075671140939598 0.00917282730896332 0.010721476510067305
1 0.9257912308792968 0.20265100671140943 0.009760501481961049 0.010654362416107356