3 0.21306438685546353 0.9956140350877193 0.017365749398877896 0.008771929824561464
3 0.21024401800026715 0.2062157346491228 0.01772220906108066 0.011007958127741233
2 0.10617997345044082 0.2762301260964912 0.02174925746810712 0.01620237116228073
1 0.9702695030724018 0.9943393640350877 0.0112901178554135 0.01078758908991214
1 0.9672012757146673 0.20017132675438595 0.010778746629124366 0.010745614035087716
1 0.9692467606198236 0.5960800438596491 0.011154284873430358 0.010142222621984729
3 0.3386321132781191 0.9956140350877193 0.017365749398877965 0.008771929824561464
3 0.3364248680870959 0.20487253289473684 0.01724279853643467 0.010829564144736849
3 0.7193427731765963 0.9956140350877193 0.017365749398877965 0.008771929824561464
3 0.5924392198771039 0.9956140350877193 0.017365749398877965 0.008771929824561464
3 0.4629892465936415 0.20369723135964912 0.017370641343006955 0.011049933182565799
3 0.4655356665776115 0.9956140350877193 0.017365749398877965 0.008771929824561464
3 0.8462463264760886 0.994736842105263 0.017365749398877965 0.010526315789473604
3 0.8434494389527116 0.2003392269736842 0.017051034326576245 0.01026290090460525
3 0.7171407460593107 0.20134662828947367 0.017242798536434813 0.010955489309210548
3 0.5903206819396206 0.20218612938596492 0.017850051867652945 0.011175858347039451
3 0.21177813167913437 0.6021244517543859 0.017370641343006955 0.010871539199561464
2 0.23159376669783596 0.27471902412280697 0.020886318523744316 0.015950520833333332
2 0.8659497729094309 0.2688425164473684 0.02146161115331959 0.015646201685855298
3 0.719186230964467 0.5984306469298246 0.017913973270939087 0.010787589089912331
3 0.3377032961528186 0.6014528508771929 0.017514464500400808 0.010666910807291667
2 0.35790245959123695 0.2728721217105263 0.021701316415642585 0.015772126850328902
3 0.5923661668447768 0.599438048245614 0.017786130464366803 0.011091908237390272
3 0.4645233602725087 0.600109649122807 0.01692319152000396 0.010504257469846531
2 0.7391297087897407 0.2696820175438596 0.021541512907427302 0.015646201685855298
2 0.48497820932407154 0.2713610197368421 0.02234053044850386 0.016265333744517534
3 0.8454949238578681 0.5970874451754385 0.017114955729862533 0.010299629077576734
2 0.6123096446700508 0.2703536184210526 0.021621414661534874 0.015824595668859635
2 0.10828937975888325 0.6692845394736842 0.02234053044850386 0.016391258908991138
0 0.08636433843173924 0.9419544956140351 0.009556249791277031 0.010955489309210406
3 0.23351140879641996 0.6696203399122806 0.021621414661534874 0.015173982319078997
3 0.3599479444963932 0.6692845394736842 0.02187710027467944 0.01522645113760973
3 0.48702369422922787 0.6682771381578947 0.023075626586294418 0.014995588336074471
3 0.6133323871226288 0.6676055372807017 0.02267611781575614 0.015352376302083333
3 0.7411751936948971 0.6669339364035087 0.02242043220261157 0.01464929413377187
3 0.8679952578145872 0.6655907346491228 0.022644157114112995 0.014880156935306938
0 0.09269255735706651 0.9171052631578946 0.007342971202494645 0.010026791221217005