3 0.31113376868963083 0.9772838632404182 0.01872548794959862 0.011014612709603473
3 0.43345884973316284 0.18831663763066203 0.018377254023232436 0.010972930163871932
3 0.18273042274952586 0.1914845111062718 0.018171479430379747 0.010879144435975594
3 0.18703586038459843 0.9772838632404182 0.018583028616085198 0.011014612709603473
2 0.20425761092488864 0.25884350500871084 0.021210611878666224 0.015360018102134158
3 0.4364979821814493 0.9779507839721255 0.01858302861608527 0.011139660346798716
2 0.4547327768711684 0.25584236171602787 0.022334457731938935 0.015964415015243864
2 0.3291153023419927 0.2568427428135889 0.022002052620407567 0.01608946265243901
3 0.30784137520398713 0.1898172092770035 0.0178865607633529 0.01079577934451218
3 0.5595828463370529 0.1874829867160279 0.0178865607633529 0.011400176257621932
3 0.8138569278436908 0.9759500217770035 0.01829810994905828 0.010670731707317221
3 0.6887459753892294 0.9766169425087109 0.01851971335674586 0.011056295255335347
3 0.6852003208662286 0.18614914525261325 0.018029020096866324 0.011014612709603662
3 0.5626219787853395 0.9772838632404182 0.019026235431460287 0.010837461890243958
2 0.5808567734750585 0.25500871080139376 0.020735747433621506 0.01495361328125
2 0.707487292153663 0.2536748693379791 0.02162216106437168 0.015120343464176832
3 0.8108177953954043 0.18531549433797911 0.017554155651821675 0.010550894388338415
2 0.8325982446081244 0.2530079486062718 0.02220782721326026 0.015474645102896338
3 0.3096142024654876 0.5848010126306621 0.018171479430379747 0.0111813428925304
3 0.18450325001102635 0.5854679333623694 0.018234794689719086 0.011400176257621979
3 0.5611024125611962 0.5831337108013938 0.018298109949058425 0.01131681116615861
3 0.6872264091650861 0.5821333297038328 0.01869383031992906 0.011097977801067032
2 0.33063486856613594 0.6524934668989547 0.0216696475088762 0.015360018102134063
3 0.4354849380320205 0.5838006315331011 0.018298109949058425 0.0107540967987804
2 0.20628369922374631 0.6538273083623694 0.021796278027554804 0.015360018102134063
2 0.45650560413266883 0.6518265461672474 0.022033710250077203 0.015839367378048717
2 0.5823763396992018 0.6511596254355401 0.021796278027554735 0.015360018102134063
0 0.06040534170599392 0.9099248693379792 0.00925194227095554 0.010269537204649548
3 0.9394744023728664 0.9746161803135889 0.018234794689719013 0.010149699885670695
2 0.7090068583778062 0.6504927047038328 0.021907079731398525 0.014547208460365937
3 0.9369417919992944 0.18448184342334495 0.017823245504013634 0.010879144435975594
3 0.8128438836942619 0.5811329486062717 0.01829810994905828 0.010837461890243958
2 0.8346243329069819 0.6491588632404182 0.022255313657764637 0.014661835461128021
3 0.938967880298152 0.5807994882404182 0.018171479430379747 0.010634259479801737