0 0.05050500595421868 0.9044425087108013 0.00980461341683941 0.010836236933798015
2 0.19461032946676668 0.6943554006968642 0.021104397300754158 0.014825783972125351
2 0.697212543554007 0.6916898954703833 0.02097208133021652 0.014372822299651488
3 0.9256560666872493 0.2251742160278746 0.01720107616989377 0.010557491289198613
2 0.31959599523662513 0.6936933797909408 0.021752745556388668 0.015243902439024359
2 0.8228333259824461 0.6910278745644599 0.021792440347550113 0.014947735191637624
2 0.44521677766506423 0.6930313588850175 0.021911524721033717 0.015470383275261384
2 0.07020685396727386 0.6943554006968642 0.02150134521236714 0.01578397212543545
2 0.5710889604375249 0.6923519163763068 0.021210250077184307 0.014825783972125351
2 0.3178229612314207 0.2978745644599303 0.02208353548273287 0.015296167247386734
2 0.44369514400388127 0.2968815331010453 0.021342566047722018 0.015470383275261288
2 0.06836766197680061 0.3008710801393728 0.020733912583248786 0.014825783972125445
2 0.5695673267763419 0.29587108013937286 0.021461650421205913 0.014668989547038318
2 0.19271821108807835 0.2992160278745645 0.021130860494861785 0.014825783972125445
2 0.695690909892824 0.29470383275261325 0.020919154942001552 0.014721254355400693
3 0.9271777003484322 0.6209930313588851 0.017280465752216364 0.009843205574912871
2 0.8213116923212632 0.29371080139372824 0.021342566047722163 0.015121951219512179
3 0.4236889692585895 0.625 0.017015833811141093 0.011132404181184559
3 0.799532483570767 0.22585365853658534 0.016433643540775433 0.010191637630662076
3 0.29756538614210737 0.625 0.017201076169893696 0.010592334494773658
3 0.1729634366868081 0.6259930313588851 0.017201076169893696 0.01158536585365842
3 0.5498125523750717 0.6243379790940767 0.01683059145238827 0.011062717770034852
3 0.6754333348035109 0.6229965156794426 0.01694967582587202 0.010975609756097432
3 0.17119040268160365 0.23217770034843208 0.017677413663829276 0.011132404181184654
3 0.673911701142328 0.22634146341463415 0.017015833811140947 0.01074912891986069
3 0.8015569179199928 0.6220034843205575 0.016367485555506506 0.010156794425087127
3 0.296295152824946 0.23034843205574915 0.01741278172275393 0.010801393728222971
3 0.42241873594142815 0.22935540069686416 0.01728046575221622 0.01132404181184673
3 0.5477881180258458 0.2285191637630662 0.01728046575221622 0.011219512195121979