3 0.3085443037974684 0.9973958333333334 0.018459915611814322 0.005208333333333333
3 0.6822784810126582 0.995 0.017721518987341773 0.01
3 0.5582278481012658 0.995 0.017721518987341773 0.01
2 0.20197743604957807 0.2843187120225695 0.02126315475013188 0.015368991427951357
3 0.4324894514767933 0.9973958333333334 0.018459915611814395 0.005208333333333333
3 0.18077737671413505 0.21735975477430558 0.01796641933264106 0.010633680555555525
3 0.18354430379746836 0.995 0.017721518987341773 0.01
2 0.5790356342299579 0.6756049262152778 0.02134202401849288 0.01490169101291239
3 0.8075949367088607 0.995 0.015189873417721518 0.01
2 0.2041226801489979 0.6775987413194445 0.021752144213970176 0.015306684705946243
2 0.45360194982858654 0.6762695312500001 0.022477741482891615 0.015784369574652714
3 0.30545391613924056 0.21553209092881948 0.018234574845068588 0.01075829399956594
2 0.3264015938159283 0.2826571994357639 0.021799465774986863 0.01615820990668406
2 0.32816826542721517 0.6769341362847223 0.02154708411623149 0.015483220418294271
2 0.7052264636075949 0.6749403211805556 0.021752144213970103 0.014610926310221354
2 0.45183527821729963 0.2816602918836806 0.02235155065351393 0.01615820990668406
3 0.6815025876845993 0.2120429144965278 0.018108384015690832 0.011235978868272553
2 0.7032074103375529 0.2795003255208333 0.02172059650662579 0.015368991427951357
3 0.4306352188818566 0.214202880859375 0.018849755138284498 0.010893291897243956
3 0.5558165216244726 0.21337212456597224 0.018108384015690978 0.011277516682942709
2 0.5775213442774262 0.2808295355902778 0.02154708411623149 0.014901691012912294
3 0.1824178574960443 0.6098090277777778 0.018171479430379747 0.011277516682942709
3 0.8066838904272152 0.21104600694444448 0.017682489966541308 0.010233879089355469
2 0.8278839497626582 0.27883572048611116 0.02230422909249746 0.01578436957465281
2 0.8304077663502111 0.6732788085937501 0.02205184743374209 0.01490169101291239
3 0.30696820609177217 0.6088121202256945 0.018029514747329906 0.011184056599934896
3 0.9323699564873418 0.21071370442708337 0.018029514747329906 0.010799831814236095
3 0.6835216409546414 0.6064860026041666 0.018376539528118505 0.011100980970594681
3 0.5578355748945147 0.6078152126736112 0.017887550064280063 0.010976367526584265
3 0.4324018904931435 0.6084798177083334 0.018171479430379747 0.010633680555555618
3 0.9342035864978904 0.9956597222222223 0.01714135021097056 0.00868055555555543
3 0.8087029436972575 0.6054890950520834 0.018108384015690832 0.010976367526584265
3 0.934389009757384 0.6051567925347223 0.018376539528118505 0.010799831814236048