2 0.21591278723591936 0.257268074912892 0.02113146780449214 0.015005716463414653
3 0.19476549061659246 0.19024254137630664 0.01809233535620559 0.010472739615091485
2 0.3410237396903807 0.2554340429006969 0.021701305138545835 0.015714319740853664
3 0.3197498125523751 0.18857523954703834 0.017823245504013634 0.010509211842606732
3 0.6971087582146165 0.18474044533972125 0.01851971335674586 0.011056295255335347
2 0.46664121421955634 0.2546003919860627 0.02220782721326026 0.01583936737804881
3 0.44536728708155077 0.18740812826655054 0.01844056928257185 0.01079577934451218
2 0.7193957295020509 0.25243289960801396 0.021669647508876344 0.015120343464176832
3 0.5714912836854409 0.1862410169860627 0.018171479430379747 0.011358493711890247
3 0.8227262327437922 0.18390679442508712 0.018029020096866324 0.010269537204649406
3 0.1965383178780929 0.5837257730836237 0.018298109949058353 0.010712414253048716
2 0.8450132040312266 0.25176597887630664 0.022334457731938793 0.015422541920731685
2 0.5927652108234464 0.2537667410714286 0.02097317965614383 0.0147764624618902
2 0.2181921365721343 0.6520851480836237 0.02162216106437175 0.015068240282012273
3 0.32126937877651834 0.5830588523519165 0.018234794689719086 0.011056295255335347
3 0.9488502293476823 0.1837400642421603 0.017949876022692168 0.010754096798780494
2 0.3427965669518811 0.6507513066202091 0.021495530545693142 0.015537168921493958
3 0.44714011434305123 0.5827253919860628 0.017744101429839478 0.010509211842606685
3 0.5730108499095841 0.5817250108885018 0.0178865607633529 0.011056295255335347
3 0.6991348465134742 0.5807246297909407 0.01851971335674586 0.010931247618140294
3 0.82475232104265 0.5797242486933798 0.018234794689719013 0.010712414253048716
2 0.8465327702553699 0.6474167029616725 0.022033710250077058 0.014609732278963368
2 0.7209152957261942 0.6487505444250872 0.022002052620407567 0.014495105278201284
2 0.5942847770475896 0.6500843858885018 0.021368900027014467 0.015068240282012273
2 0.468667302518414 0.6507513066202091 0.022286971287434416 0.015714319740853664
3 0.95087631764654 0.5790573279616725 0.01809233535620559 0.010509211842606685
3 0.4484064195298373 0.9755417029616725 0.01858302861608527 0.010347691977896527
3 0.7006544127376175 0.9748747822299652 0.018440569282571703 0.01047273961509139
3 0.5745304161337274 0.9755417029616725 0.01866217269025928 0.010509211842606874
3 0.3230422060380188 0.9755417029616725 0.01844056928257185 0.010509211842606874
3 0.8257653651920788 0.9735409407665505 0.01809233535620559 0.010071545112423716
3 0.199070928251665 0.9755417029616725 0.018029020096866324 0.010311219750381042
3 0.9513828397212545 0.9728740200348434 0.01768078617050021 0.009915235565929758