2 0.3432741116751269 0.6442198581560283 0.021978615401231246 0.01624113475177296
1 0.9608624041473162 0.9740957446808511 0.011326817150880433 0.010656028368794448
2 0.47143320012960366 0.6435460992907801 0.022653634301760435 0.016436170212765926
2 0.7288044065233826 0.6418439716312057 0.022059617669294696 0.015691489361702223
2 0.5996057889620908 0.6425354609929078 0.021803110487093626 0.016560283687943336
2 0.21587104438924293 0.6449113475177306 0.021317096878712635 0.016187943262411294
2 0.8569769953558698 0.6404964539007093 0.021614105194945575 0.015514184397163148
3 0.19378442596392695 0.5760106382978724 0.017833999351981808 0.01062056737588648
3 0.5784236958634842 0.5732978723404255 0.017915001620045404 0.010780141843971667
2 0.08899449184577168 0.6452482269503547 0.022964142996003876 0.01687943262411352
3 0.3210389890916946 0.575 0.01729398423155837 0.010691489361702035
3 0.4515336429420023 0.9768085106382978 0.019103034884976732 0.01187943262411371
0 0.06670536775029699 0.9218262411347516 0.009963278971811214 0.011117021276595552
3 0.449468085106383 0.5743085106382979 0.016888972891240975 0.010212765957446853
3 0.706582784317961 0.5722872340425531 0.017550491413759445 0.010815602836879445
3 0.8342423587860461 0.571258865248227 0.016888972891240833 0.010088652482269632
1 0.9598228750405011 0.5699113475177304 0.011232314504805975 0.009982269503546111
3 0.3231180473053245 0.9768085106382978 0.01803650502214058 0.011702127659574443
3 0.19624149476185335 0.9768085106382978 0.01803650502214065 0.011170212765957406
3 0.7081353277891781 0.9761347517730496 0.018036505022140437 0.011028368794326298
3 0.8357949022572633 0.9747695035460993 0.017428988011664412 0.011117021276595552
3 0.5794497245922886 0.9768085106382978 0.018252511070309927 0.011063829787234076
1 0.08706393779025813 0.24769503546099286 0.017766497461928935 0.009893617021276573