3 0.18634999347514028 0.20428921146088333 0.015816259950411065 0.009188704616763733
3 0.5578233067989038 0.1988932179429714 0.01665144199399705 0.011378133296555511
3 0.43375962416808034 0.20025514601937727 0.016273000130497275 0.01196427955728717
3 0.684222889207882 0.5899906906182119 0.01665144199399705 0.010809226631727637
3 0.31102701291922225 0.5926283487915043 0.015777110792117955 0.011205737337516829
2 0.20796032885292964 0.2706961348825983 0.020709904737048167 0.014963969244560877
2 0.45449562834399054 0.2675757680239975 0.02044891034842743 0.014343343792021464
2 0.33120187915959803 0.26967899872426987 0.020605506981599873 0.014791573285522195
2 0.82793944930184 0.2652311829810709 0.020566357823306906 0.014912250456849244
2 0.5788072556440036 0.2671792573182084 0.021284092392013492 0.01473985449781056
2 0.7032232806994649 0.2661104023721684 0.02211927443559955 0.015136365203599561
2 0.2095784940623776 0.6603454815019135 0.020709904737048167 0.014963969244560877
2 0.5811431554221583 0.6585180843361031 0.02149288790291008 0.014791573285522289
2 0.3329374918439253 0.6602075647346826 0.02153203706120319 0.015205323587215169
2 0.45653138457523157 0.6590180326173153 0.020840401931358533 0.014567458538771876
3 0.19119143938405322 0.983553425507706 0.01704293357692808 0.010395476330034757
2 0.7054417330027404 0.6580008964589869 0.02172778285266874 0.014843292073233733
2 0.8285919352733916 0.6570871978760816 0.021401539866892964 0.015308761162638245
2 0.0851885684457784 0.2725752508361204 0.019822523815737958 0.015136365203599561
3 0.5610465874983688 0.9822604558149155 0.018191308886858947 0.010809226631727826
3 0.43749184392535556 0.9840361341930144 0.017708469267910736 0.011016101782574362
3 0.6849014746182958 0.9828121228838397 0.017577972073600512 0.010602351480881293
3 0.3140023489494975 0.9832948315691479 0.01678193918830749 0.010447195117746201
3 0.8081169254861019 0.9809157673344137 0.01704293357692815 0.009861048857014732
3 0.9326895471747356 0.9791918077440264 0.016781939188307417 0.010395476330034757
2 0.08602375048936448 0.6609143881667413 0.020292313715255136 0.013171051270558148
3 0.31012658227848094 0.20235837671964968 0.01659924311627305 0.009636934110264415
3 0.6820957849406237 0.1980312381477778 0.01704293357692815 0.00908526704134056
3 0.8058071251468093 0.19832431127814362 0.017199530210100594 0.009154225424956024
3 0.9298577580582016 0.1963589973451022 0.016938535821479857 0.009809330069303146
3 0.4353125407803732 0.5919560045512532 0.016390447605376463 0.011447091680170928
3 0.559128278742007 0.5909388683929248 0.0168471877854626 0.009947246836534123
3 0.8074774892339814 0.5888528772885563 0.016116403497324693 0.009895528048822488
3 0.931632519900822 0.5878874599179394 0.015685762756100625 0.008637037547839782
3 0.18851624690069163 0.5931627762645243 0.01620775153334202 0.01037823673413088