2 0.08867985865281859 0.2978412828947368 0.021046122031959668 0.015887558251096532
3 0.19255213899278653 0.22833059210526316 0.01717887713314853 0.010787589089912236
3 0.3183494606598985 0.22665158991228068 0.017114955729862387 0.0103416041324013
3 0.44542521039273303 0.22547628837719297 0.017786130464366803 0.010462282415021965
3 0.5727566457387122 0.22430098684210525 0.017051034326576245 0.010913514254385935
3 0.6995767098584024 0.22312568530701754 0.01737064134300681 0.010787589089912236
3 0.8263967739780923 0.22211828399122804 0.016156134680570262 0.010142222621984635
3 0.19446978109137056 0.6245751096491228 0.016987112923290103 0.010708885862116138
3 0.9527054668714934 0.22178248355263155 0.01658760415275168 0.010220925849780732
3 0.32039494556505477 0.6242393092105263 0.017450543097114597 0.010829564144736802
2 0.09053357934811647 0.69375 0.02120592554017499 0.014995588336074471
3 0.7011108235372696 0.6218887061403509 0.017786130464366803 0.011049933182565799
3 0.4472150096847448 0.6239035087719298 0.01717887713314853 0.010383579187225867
2 0.21415757330349985 0.2966659813596491 0.021046122031959668 0.014649294133771964
3 0.8279308876569595 0.6205455043859648 0.01698711292329025 0.010262900904605203
3 0.5742907594175795 0.6228961074561403 0.017306719939720813 0.010582960697642535
2 0.8483857367085225 0.2901178728070175 0.021701316415642442 0.014481393914473699
3 0.9552623230029388 0.6198739035087719 0.017514464500400808 0.010341604132401396
2 0.34008273777718406 0.29498697916666666 0.021413670100854876 0.015289413719846531
2 0.7210543013625433 0.291125274122807 0.020966220277851885 0.01393571820175443
2 0.5942342372428533 0.2923005756578947 0.020534750805670608 0.014040655838815799
2 0.4671584875100187 0.2934758771929824 0.02149357185496259 0.014712256716008766
2 0.21581952978893934 0.6930783991228069 0.02010328133348919 0.013830780564693062
2 0.8499198503873897 0.689048793859649 0.02208484483535929 0.014261024876644797
2 0.3418725370691958 0.692406798245614 0.02112602378606731 0.014596825315241138
2 0.7230997862676996 0.6903919956140351 0.02088631852374446 0.013988187020285068
2 0.5957683509217205 0.6910635964912281 0.02109406308442431 0.014093124657346532
2 0.46894828680203043 0.691735197368421 0.02187710027467944 0.014880156935306938
0 0.07020657310312584 0.9187362938596492 0.009124780319095646 0.010955489309210406