2 0.5811204220280054 0.31577257690396526 0.020589706118711623 0.015550511662447851
3 0.5602643872612448 0.2502323967038706 0.01734061859948382 0.010776545888740637
2 0.7047754568626603 0.3144497920221843 0.0214584705901413 0.015280245107188553
2 0.45818910117941847 0.3162462670648464 0.021753059420497198 0.015392524797354952
2 0.33514399814230783 0.31771611028156993 0.02179957344634287 0.015106721949658682
2 0.2125950447142178 0.3190226375853242 0.020078554490052733 0.014473872786902764
3 0.4371027427960426 0.24994000639931738 0.01738074099100312 0.011166725549274758
3 0.31380956495442175 0.2509199018771331 0.016543488525780886 0.010294006139345129
2 0.827820559899771 0.3133065806313993 0.021753059420497198 0.015280245107188553
3 0.19138464892858684 0.25255306100682595 0.016853582031418773 0.011085067592790097
3 0.6834410236747741 0.2476535836177474 0.01699312410895587 0.010574705364761124
3 0.8064861267118848 0.24683700405290102 0.016667525928035998 0.010100068492694068
3 0.4388392664276148 0.6363454564846416 0.016667525928035998 0.010294006139345129
2 0.2144556057480451 0.7042848762798634 0.02105534903281199 0.014586152477069163
2 0.4599256248109906 0.7029783489761091 0.021675536044087833 0.015759985601535884
2 0.5832188026526115 0.7023250853242321 0.021380947213731794 0.015045478482295304
3 0.31529801378148353 0.6369987201365187 0.016729544629163588 0.010294006139345129
2 0.33663244696936967 0.7036316126279862 0.021753059420497198 0.015157758172461512
3 0.684929472501836 0.6350389291808873 0.01738074099100312 0.010870715457017847
2 0.7062639056897222 0.7016718216723549 0.02105534903281192 0.014647395944432635
3 0.19361732216917957 0.6369987201365187 0.016729544629163588 0.01143211390784984
3 0.5618843694647254 0.6356921928327645 0.0168535820314187 0.010911544435260226
3 0.8079745755389466 0.6334057700511945 0.01711716151121091 0.010217451805140741
2 0.8293090087268327 0.7003652943686006 0.022094162276698914 0.01481071185740196
3 0.9295312297489955 0.24618374040102387 0.01699312410895587 0.010748228522290995
2 0.09283693283686871 0.7042848762798634 0.02105534903281203 0.01612744640571672
2 0.09066627829740355 0.3204924808020478 0.020156077866462167 0.015453768264718424
3 0.9310196785760573 0.6327525063993173 0.01699312410895587 0.010217451805140741