3 0.2027586206896552 0.197448275862069 0.017154081187254488 0.01277586206896558
2 0.22509821038847666 0.26586206896551723 0.023858577040593583 0.017913793103448275
3 0.451230903535574 0.19393103448275867 0.018188563945875126 0.010896551724137898
2 0.3479659537319948 0.2627241379310345 0.021527717154081333 0.016103448275862034
2 0.4722872108249673 0.2614137931034483 0.022051505892623287 0.01586206896551725
3 0.32692274116106507 0.19524137931034485 0.017560017459624582 0.010948275862068991
3 0.5760497599301616 0.19277586206896552 0.01804452204277601 0.011517241379310358
3 0.7003710170231341 0.191448275862069 0.01825403753819305 0.011327586206896521
2 0.7219249236141423 0.2594310344827586 0.021724137931034386 0.015206896551724091
3 0.8246922741161065 0.19062068965517243 0.018188563945875414 0.010482758620689623
2 0.8462461807071148 0.25860344827586207 0.02205150589262314 0.01555172413793097
2 0.5971060672195548 0.2610862068965517 0.021121780881711096 0.014913793103448257
3 0.5775556525534702 0.5830000000000001 0.017769532955041478 0.010896551724137945
3 0.20485377564382368 0.5853103448275863 0.017494543867306873 0.011068965517241243
3 0.32841553906591014 0.5843275862068966 0.01804452204277601 0.01068965517241395
2 0.5986119598428634 0.6496724137931035 0.021200349192492432 0.015258620689655231
2 0.22604103011785248 0.6519827586206897 0.02123963334788303 0.01501724137931035
3 0.7028852029681363 0.5820172413793103 0.018607594936708917 0.010724137931034458
2 0.34972064600611086 0.6513275862068966 0.02104321257092976 0.01555172413793097
3 0.45324749017896115 0.5840000000000001 0.018188563945875126 0.01015517241379314
2 0.4740419030990834 0.6513275862068966 0.022274116106503736 0.01555172413793097
3 0.949511130510694 0.18996551724137933 0.018044522042776154 0.011017241379310339
3 0.8271933653426453 0.5810344827586207 0.01810999563509379 0.010568965517241319
2 0.7239284155390661 0.6490172413793104 0.02088607594936709 0.014224137931034496
2 0.8482496726320384 0.6480172413793105 0.0221955477957224 0.014793103448276005
3 0.9515146224356177 0.5803620689655173 0.01825403753819305 0.010327586206896626
3 0.20718463553033611 0.9763275862068966 0.01814927979048453 0.012413793103448445
3 0.3310213880401572 0.9763965517241379 0.019170667830641683 0.012000000000000077
3 0.45445220427760813 0.9764827586206898 0.018921868179834263 0.010896551724137756
3 0.7038804015713662 0.9740689655172415 0.018332605848974386 0.010517241379310083
3 0.5790615451767787 0.975396551724138 0.018332605848974243 0.010241379310344882
3 0.8277040593627238 0.9740689655172415 0.01763858577040606 0.010448275862068689
3 0.9525229157573112 0.9727586206896552 0.018044522042776154 0.010086206896551554