3 0.32748678715907603 0.9798016584491259 0.01812464572050764 0.01068299373125181
3 0.4478806440036539 0.1979220091456056 0.01778119851477874 0.010817046741393119
2 0.221954827580582 0.2670521152984174 0.0208097784198421 0.015498590326324002
3 0.2049698021336291 0.9798016584491259 0.018265146850123953 0.010559252491121503
3 0.699658668276132 0.9791417051684307 0.018327591796620094 0.010641746651208374
3 0.2007235457718909 0.2007268105885598 0.01818709066700378 0.010765487891338825
3 0.4508780014354691 0.9804616117298208 0.01804658953738747 0.010724240811295246
3 0.32423964994127624 0.19907692738682203 0.017640697385162427 0.010559252491121598
2 0.469111925812345 0.264412302175637 0.02190256498352474 0.01561201979644345
2 0.34522115196398273 0.26556722041685343 0.02137178293830742 0.01598324351683447
3 0.8230498825525251 0.9784817518877356 0.017984144590891333 0.0102808347008285
3 0.5757678944277698 0.9798016584491259 0.018468092926236405 0.010600499571164938
3 0.5727705369959546 0.19676709090438918 0.01778119851477874 0.011281076391881868
3 0.6966613108443168 0.19561217266317277 0.01784364346127502 0.010858293821436556
0 0.0800174641948323 0.9118264705375305 0.009444798157542742 0.010523161296083591
2 0.7181423724389925 0.2624324423335517 0.02157472901441987 0.01496237828575924
3 0.8205520846926789 0.19445725442195633 0.017500196255546257 0.01016224934570348
2 0.593752039018661 0.26375234889494187 0.021122003152322866 0.014797389965585496
3 0.2025968941667754 0.5907591994793642 0.01792169964439512 0.011239829311838385
3 0.3257383286571838 0.590099246198669 0.017578252438666286 0.010817046741393168
3 0.5742692157118622 0.5884493629969313 0.017984144590891333 0.011105776301697219
2 0.8420331462873548 0.26127752409233523 0.021824508800404423 0.014910819435704945
2 0.3467198306798904 0.6570845041892217 0.020919057076210414 0.01526141961607415
3 0.4501286620775153 0.589439292917974 0.018546149109356577 0.010481914216040155
2 0.2238281759754665 0.6577444574699168 0.02140300541155556 0.01496237828575924
3 0.6981599895602244 0.5874594330758887 0.018405647979740265 0.010765487891338871
3 0.9469406564008872 0.9771618453263454 0.01770314233165871 0.009966325715497206
2 0.4708603843142372 0.6570845041892217 0.021855731273652635 0.015612019796443546
2 0.5952507177345686 0.6564245509085266 0.020638054816977648 0.01484894881563979
3 0.8220507634085866 0.586469503154846 0.017921699644395193 0.010559252491121692
3 0.9444428585410413 0.19412727778160876 0.017578252438666432 0.010858293821436556
2 0.7196410511549001 0.6551046443471364 0.02127811551856321 0.014065254294814318
2 0.8435318250032624 0.6537847377857462 0.021777675090532318 0.01484894881563979
3 0.9464410968289182 0.5861395265144984 0.01804658953738747 0.010523161296083591