2 0.5843182301929207 0.32389719809685186 0.020295622573919998 0.015289597037238992
3 0.5637600829530217 0.2594566853497789 0.017092941893599164 0.010595731360406072
2 0.7062070955268627 0.3225966075922819 0.02115197844981765 0.015023865155725673
2 0.4631427420110381 0.32436294043624164 0.021442359656860015 0.015134260958473172
2 0.3418550967958982 0.32580812185402686 0.021488209321129832 0.014853253460570481
2 0.2210565146663033 0.32709272755872487 0.019791771743145965 0.014231022572357404
3 0.4423575608753791 0.2591692009228188 0.017132491215495364 0.010979364382340578
3 0.3208253841174668 0.2601326552013423 0.01630719725863841 0.010121287915530578
2 0.8274947407420026 0.32147257760067116 0.021442359656860015 0.015023865155725673
3 0.200149067759258 0.2617384123322148 0.016612861687103988 0.01089907652579702
3 0.6851773828484312 0.25692114093959734 0.01675041067991351 0.010397277422399327
3 0.806465028063571 0.25611826237416113 0.016429463030024506 0.009930604256239518
3 0.44406928167478626 0.6390913380872484 0.016429463030024648 0.010121287915530578
2 0.22289050123709672 0.7058908347315437 0.020754614692812475 0.014341418375104808
2 0.4648544628104453 0.7046062290268457 0.021365943549743704 0.015495556312919424
2 0.5863866395683577 0.7039639261744968 0.02107556234270134 0.014793037568162692
3 0.3222925733741015 0.6397336409395974 0.01649059591571775 0.010121287915530578
2 0.343322286052533 0.7052485318791947 0.021442359656860015 0.014903433370910192
3 0.686644572105066 0.6378067323825504 0.01713249121549551 0.01068832090237
2 0.7076742847834976 0.7033216233221476 0.020754614692812475 0.014401634267512502
3 0.20234985164421015 0.6397336409395974 0.016490595915717714 0.011240299916107309
3 0.5653569268899261 0.6384490352348994 0.016612861687103915 0.01072846483064173
3 0.8079322173202059 0.6362009752516778 0.016872676451299785 0.010046018050020962
2 0.8289619299986373 0.7020370176174497 0.021778590528172197 0.014562209980599808
3 0.9277526732787109 0.2554759595218121 0.01675041067991351 0.010567889117554519
2 0.10300891239289853 0.7058908347315437 0.020754614692812475 0.01585685166736577
2 0.1008692613936395 0.3285379089765101 0.01986818785026231 0.015194476850880866
3 0.9292198625353457 0.635558672399329 0.01675041067991351 0.010046018050020962