3 0.31118371314396803 0.99822695035461 0.02025056701587641 0.003546099290779997
3 0.1805253672102819 0.202557070035461 0.018314502063870277 0.011337172055075371
3 0.18360514094394642 0.99822695035461 0.018900529214818034 0.003546099290779997
3 0.6966195053461497 0.9973404255319148 0.018900529214818107 0.005319148936170374
2 0.20442789194972458 0.6729277482269503 0.022061384320323462 0.015876283036901667
2 0.20236064656685387 0.2706013131648936 0.021722226874696205 0.015939915433843054
3 0.43876228534398964 0.99822695035461 0.01890052921481796 0.003546099290779997
2 0.5888063303272492 0.6715702570921986 0.021802978647464607 0.015218748268506298
3 0.5683659142455988 0.99822695035461 0.01890052921481796 0.003546099290779997
3 0.8235230586456421 0.9973404255319148 0.018900529214818107 0.005319148936170374
2 0.4601203052435468 0.6715702570921986 0.022739699211577976 0.016247472019060374
3 0.30817776960254883 0.20102989250886524 0.018459855254853354 0.01116748566323139
2 0.3298838461226914 0.26907413563829785 0.022400541765950646 0.01637473681294324
2 0.7174923554109515 0.6702127659574467 0.022142136093091937 0.014635451296542593
2 0.33169268583270334 0.6722490026595744 0.02214213609309179 0.015992942431294257
3 0.43634698334053357 0.19967240137411346 0.019218921918876197 0.011337172055075371
2 0.4580530598606761 0.26788633089539005 0.022578195666041172 0.016120207225177315
3 0.6937190335079383 0.19746647828014185 0.01866980986405133 0.011209907261192361
2 0.7159419213737985 0.2658500941932624 0.022012933256662436 0.015388434660350185
3 0.5650330084242359 0.19865428302304966 0.018669809864051184 0.011740177235704767
2 0.5872558962900961 0.26754695811170215 0.02223903822041399 0.015091483474623241
3 0.8213714359002051 0.196448359929078 0.018314502063870277 0.010780388581837315
3 0.18233420692029378 0.60369570035461 0.018605208445836508 0.011697755637743702
2 0.8456615691489361 0.668855274822695 0.022658947438809647 0.015452067057291666
2 0.8435943237660655 0.26500166223404253 0.023046555948097857 0.015876283036901574
3 0.9500574609839075 0.19576961436170212 0.018314502063870277 0.011422015250997362
3 0.3099866093125607 0.603016954787234 0.018669809864051184 0.011337172055075371
3 0.6952694675450912 0.6006413453014184 0.018895914827802594 0.01142201525099741
3 0.8234386812830758 0.5996232269503546 0.018605208445836435 0.011209907261192408
3 0.5671002538071066 0.6016594636524822 0.018750561636819513 0.01142201525099741
3 0.43841422872340424 0.6023382092198581 0.019331974400751975 0.01085992907801426
3 0.9517766497461929 0.9964539007092198 0.018900529214818107 0.007092198581560372
3 0.9521247063667782 0.5989444813829787 0.018314502063870277 0.01094477227393611