0 0.08325809968316697 0.9062919463087248 0.00893009232446428 0.010318791946308845
2 0.10050505910809798 0.32790268456375843 0.02024920791741899 0.014848993288590672
2 0.34160477634313363 0.3254865771812081 0.021194596804415218 0.014848993288590672
2 0.10263857186658945 0.7071812080536913 0.02104129049841584 0.015251677852349039
2 0.22081218274111677 0.3266107382550336 0.020095901611419612 0.014278523489932885
2 0.46265288045514946 0.32404362416107385 0.020479167376418 0.015016778523489904
2 0.5844291895206623 0.3234060402684564 0.02040251422341844 0.014848993288590672
2 0.22239634790311044 0.7071812080536913 0.020095901611419612 0.014278523489932885
2 0.7062054985861753 0.32194630872483226 0.020926310768916535 0.014848993288590672
3 0.6866461690457535 0.6387751677852349 0.01713197969543147 0.01043624161073827
2 0.3428312267911287 0.706526845637584 0.020875208666916535 0.0143959731543625
2 0.7081601539876674 0.7039597315436242 0.021002963921915953 0.014077181208053654
3 0.9277586618062891 0.25531879194630874 0.016250468435934987 0.011375838926174425
2 0.8274963376826902 0.3211577181208054 0.021245698906415072 0.014966442953020192
2 0.8289655231151841 0.7033221476510069 0.021654515722413316 0.014446308724832307
2 0.4646075358566416 0.7058892617449665 0.021117943651415512 0.01520134228187904
3 0.8079370081422683 0.63748322147651 0.01695312233843206 0.009781879194630961
3 0.6851769836132595 0.256761744966443 0.016493203420434106 0.010050335570469807
3 0.32228818178721086 0.6407046979865773 0.016429325792934255 0.010654362416107498
2 0.5858983749531566 0.705251677852349 0.020530269478418 0.014731543624160964
3 0.5653553299492385 0.6394127516778524 0.01668483630293323 0.01124161073825519
3 0.8064678227097742 0.2559563758389262 0.016557081047933814 0.010167785234899328
3 0.4435790208837257 0.6400503355704699 0.016122713180935572 0.010570469798657693
3 0.5634006745477464 0.25788590604026845 0.017068102067931766 0.011543624161073846
3 0.4421098354512316 0.2591610738255034 0.016250468435934987 0.011241610738255
3 0.20149558818519403 0.6410234899328859 0.017004224440431984 0.011107382550335576
3 0.19989864749770042 0.26157718120805373 0.01695312233843213 0.011023489932885867
3 0.3208317718802167 0.2602852348993289 0.01625046843593502 0.011023489932885867
0 0.0958547678261166 0.6098657718120807 0.009070623104963723 0.011325503355704617
3 0.9292150717132832 0.6371644295302015 0.017208632848431177 0.010906040268456346