3 0.19128428270042194 0.9936458333333336 0.01838080168776369 0.01046875
3 0.6911260548523207 0.9929861111111112 0.018512658227848103 0.010520833333333333
3 0.5659414556962026 0.9936458333333336 0.01863132911392405 0.010434027777777905
3 0.439754746835443 0.9943229166666668 0.018459915611814395 0.010347222222222096
3 0.31507120253164556 0.9936458333333336 0.018776371308016924 0.01055555555555543
3 0.18698575949367088 0.21008680555555556 0.01802478902953591 0.010833333333333334
2 0.20806962025316458 0.2780381944444445 0.020846518987341772 0.01519097222222219
3 0.8157964135021099 0.9923263888888889 0.018380801687763904 0.010277777777777905
2 0.33273997890295365 0.2760416666666667 0.021756329113924052 0.016163194444444477
3 0.311537447257384 0.20859375000000005 0.0178929324894515 0.010833333333333334
2 0.3345068565400844 0.6680034722222223 0.020899261603375623 0.015607638888888952
3 0.4369725738396624 0.2071006944444445 0.01831487341772152 0.011284722222222238
2 0.4584256329113925 0.27505208333333336 0.022204641350211066 0.016041666666666666
3 0.6880933544303799 0.20460069444444445 0.018235759493670886 0.011354166666666714
2 0.5856276371308017 0.6663368055555556 0.021136603375527377 0.01578125
2 0.7097969409282701 0.27305555555555555 0.021756329113924052 0.015364583333333333
2 0.4601925105485233 0.667326388888889 0.0223496835443038 0.015729166666666666
3 0.5629087552742617 0.20593750000000002 0.01802478902953577 0.011666666666666714
3 0.8132779535864979 0.20376736111111116 0.01831487341772152 0.010833333333333334
2 0.5841112869198313 0.274375 0.021215717299578156 0.0153125
3 0.18888449367088608 0.6015277777777778 0.01782700421940926 0.011024305555555619
2 0.7113132911392407 0.6656770833333334 0.02111023206751045 0.014722222222222286
2 0.8349815400843883 0.2723958333333334 0.022389240506329115 0.015729166666666666
2 0.21046940928270044 0.6686631944444444 0.021189345991561158 0.014895833333333334
2 0.8364978902953587 0.6643402777777779 0.021954113924050632 0.015190972222222286
3 0.31355485232067515 0.6005381944444446 0.018103902953586545 0.01071180555555543
3 0.9389636075949368 0.20310763888888891 0.01831487341772152 0.011145833333333334
3 0.5644251054852322 0.5988715277777779 0.017892932489451573 0.010972222222222286
3 0.6901107594936708 0.5982118055555556 0.01845991561181425 0.0109375
3 0.43898997890295366 0.5998784722222222 0.01802478902953577 0.010434027777777714
3 0.8147943037974685 0.5972222222222223 0.018024789029536057 0.01071180555555543
3 0.9414820675105485 0.9909895833333333 0.018103902953586402 0.010034722222222096
3 0.9409810126582279 0.5965451388888889 0.018380801687763904 0.010520833333333333