3 0.205033825927766 0.6775410622866893 0.017055142810083388 0.010176622826898551
3 0.32721066714909053 0.6768877986348123 0.0168535820314187 0.010059239514451784
0 0.0844694709357584 0.9172888225255972 0.009566384648928582 0.010870715457017847
3 0.45075191979522183 0.6762345349829351 0.017055142810083388 0.010493047408276463
3 0.6970902006739533 0.6742747440273037 0.017194684887620416 0.010656363321245787
2 0.22574807210437636 0.7435206911262798 0.020574704099073318 0.014647395944432635
3 0.5740450976368427 0.6755812713310579 0.017256703588747934 0.01053387638651884
3 0.820135303711064 0.6736214803754266 0.01672954462916366 0.010217451805140741
2 0.3480489507279561 0.7428674274744027 0.02090030227999305 0.014933198792128906
2 0.10214480075711754 0.3597282956484641 0.019551395530468314 0.014871955324765339
2 0.5948833812157083 0.7422141638225256 0.021427461239577467 0.014137033716403569
2 0.7184246338618394 0.7409076365187712 0.020853788254147375 0.013983925047994793
2 0.1043154552965827 0.7435206911262798 0.020822778903583614 0.015392524797354857
3 0.32621836793104936 0.28917582124573377 0.017520283068540143 0.010493047408276463
2 0.34656050190089427 0.3571152410409556 0.021380947213731794 0.015280245107188553
3 0.20317326489393872 0.2906456644624573 0.016729544629163588 0.011166725549274758
2 0.46960560493800485 0.35580871373720135 0.020853788254147375 0.014984235014931737
2 0.47134212856957697 0.7422141638225256 0.021380947213731794 0.01498423501493183
3 0.9426842571391539 0.2839497120307167 0.016667525928035998 0.01037566409582979
3 0.4490153961636497 0.28835924168088733 0.017458264367412626 0.010952373413502603
3 0.5720604992007603 0.2867260825511945 0.017256703588747934 0.010656363321245692
2 0.22401154847280422 0.35842176834470985 0.02074525552717418 0.014647395944432635
2 0.8414697368989501 0.7396011092150171 0.021551498641832652 0.014137033716403569
2 0.5928987827796258 0.3548288182593856 0.020698741501328503 0.014698432167235466
3 0.8191430044930228 0.2847662915955631 0.015434904243125522 0.010059239514451784
3 0.9441727059662158 0.6736214803754266 0.016667525928035998 0.010258280783383119
3 0.6956017518468915 0.2854195552474403 0.016419451123525632 0.010258280783383119
2 0.7164400354257571 0.35384892278156993 0.02054369474850963 0.015157758172461608
2 0.8394851384628677 0.3525423954778157 0.02074525552717418 0.01504547848229521
0 0.09600494934548752 0.6229935473549488 0.0064654495925498025 0.013769572912222732
0 0.0330496392621074 0.9957337883959044 0.006480321423942624 0.008532423208191251