3 0.19794399209620822 0.2175838926174497 0.017464143358430155 0.010050335570469807
3 0.3188643409532246 0.2164597315436242 0.017004224440431984 0.010167785234899328
3 0.5629152045787484 0.5954194630872484 0.01815402173542737 0.010906040268456346
3 0.44162436548223355 0.5963758389261745 0.017885735699928396 0.01040268456375846
3 0.5614460191462544 0.2134060402684564 0.01760467413892957 0.010771812080536923
3 0.4399124450652404 0.21469798657718125 0.01766855176642942 0.010604026845637595
2 0.34087657138963656 0.6622147651006712 0.021513984941914047 0.015788590604026733
3 0.6851769836132595 0.5947651006711411 0.017540796511429715 0.010167785234899232
2 0.46265288045514946 0.6615771812080538 0.021002963921916095 0.015369127516778462
3 0.19941317752870238 0.5979865771812081 0.01713197969543147 0.01043624161073827
2 0.5844291895206623 0.6609228187919465 0.02148843389091405 0.01479865771812096
3 0.8045131673082822 0.21147651006711413 0.017272510475930886 0.00978187919463089
3 0.3205762613702177 0.5973489932885907 0.01754079651142986 0.010050335570469807
3 0.8069532926787722 0.5938087248322149 0.017745204919429127 0.009479865771812115
2 0.2200839777876197 0.6628523489932886 0.021117943651415585 0.015436241610738269
3 0.6856624535822574 0.9737248322147652 0.017540796511429715 0.010083892617449616
3 0.32228818178721086 0.9743791946308726 0.017208632848431177 0.01040268456375846
3 0.6832223282117671 0.21244966442953023 0.016493203420434106 0.009932885906040289
2 0.7057200286171772 0.6596476510067114 0.021322352059414778 0.014681208053691346
3 0.5643843900112425 0.9743791946308726 0.017745204919428985 0.010285234899329225
3 0.20186607842469254 0.9743791946308726 0.01754079651142986 0.01040268456375846
3 0.4433362858992267 0.97501677852349 0.018077368582427665 0.01020134228187923
3 0.9257912308792968 0.21067114093959732 0.017336388103430595 0.010201342281879184
1 0.10160375430109359 0.2837416107382551 0.014257486457942966 0.01479865771812077
2 0.827010867713692 0.659010067114094 0.021437331788914195 0.01501677852349
3 0.8074387626477703 0.9724496644295304 0.017336388103430595 0.009815436241610768
2 0.33965012094164143 0.28068791946308724 0.021194596804415218 0.015620805369127501
3 0.9282441317752872 0.5931711409395973 0.017540796511429715 0.009966442953020191
2 0.7037653732156851 0.27731543624161076 0.02178227097741273 0.014966442953020192
2 0.5819890641501722 0.27859060402684566 0.021322352059414778 0.015251677852348943
2 0.2187297720846251 0.28213087248322155 0.021117943651415585 0.015553691275167788
2 0.46094096003815627 0.2800503355704698 0.0209518618199161 0.014731543624161058
0 0.08375634517766499 0.9075671140939598 0.009249480461963 0.010604026845637311
3 0.9282441317752872 0.9718120805369129 0.016748713930432937 0.010083892617449616
2 0.8250434367866998 0.27667785234899334 0.020875208666916535 0.015134228187919424
1 0.10373726705958507 0.6635067114093961 0.013503730453445969 0.014899328859060385