1 0.2184870371001261 0.32211409395973156 0.018051817531427813 0.013422818791946345
1 0.3394073859571424 0.32067114093959737 0.01821789936292708 0.013070469798657787
3 0.32009079140121965 0.6362080536912753 0.016429325792934327 0.01040268456375846
2 0.09872926106360509 0.3245302013422819 0.01793683780192825 0.013842281879194616
3 0.44138163049773455 0.6352348993288591 0.01700422444043191 0.010469798657718077
3 0.19929819779920283 0.6362080536912753 0.016608183149933595 0.010570469798657693
1 0.46045549006915826 0.31954697986577185 0.01754079651142986 0.012281879194630866
1 0.5819890641501722 0.3185906040268457 0.017809082546928836 0.012718120805369134
3 0.5629152045787484 0.6339597315436243 0.016876469185432497 0.010721476510067116
3 0.6846915136442614 0.6333053691275168 0.01612271318093528 0.01
3 0.8059823527407761 0.6323489932885906 0.01668483630293323 0.009882550335570386
2 0.10050505910809798 0.702030201342282 0.019227165877423125 0.015620805369127501
1 0.825541682281198 0.31666107382550335 0.017885735699928542 0.012516778523489903
1 0.7037653732156851 0.31761744966442956 0.018077368582427953 0.012432885906040287
3 0.927260416311791 0.6317114093959731 0.016301570537934695 0.010570469798657693
2 0.8265126222191941 0.6981879194630873 0.020402514223418294 0.01520134228187904
2 0.5840970258576637 0.7001174496644296 0.02068357578441727 0.015134228187919424
2 0.2200839777876197 0.702030201342282 0.02037696317241851 0.015134228187919424
2 0.4624101454706504 0.700755033557047 0.020325861070418588 0.015671140939597306
2 0.34069771403263727 0.7013926174496644 0.020453616325418148 0.015503355704698076
2 0.7052345586481791 0.6988255033557048 0.020376963172418584 0.015318791946308655
0 0.08356471229516574 0.9075671140939598 0.008534051033965883 0.010285234899329225