3 0.44206160625567026 0.9794880546075084 0.016796993130859375 0.010170648464163984
2 0.09265563571953167 0.2752730375426621 0.020775910485160066 0.015767918088737173
2 0.09432755864690888 0.6597269624573379 0.021177690413444496 0.015767918088737173
2 0.33662677668812374 0.27216723549488053 0.020931438199334657 0.015460750853242283
2 0.5851989458677149 0.6574402730375426 0.021177690413444566 0.015273037542662186
2 0.2144597572039573 0.2736518771331058 0.020568540199593886 0.014982935153583602
2 0.8312956322633602 0.6554778156996587 0.020749989199464237 0.014982935153583602
2 0.46016762431416597 0.2708703071672355 0.02146282455609788 0.01563139931740617
2 0.3383635028297403 0.6590614334470989 0.020775910485160032 0.014692832764505207
2 0.46165809824167275 0.6580887372013651 0.02174795869875148 0.01510238907849839
2 0.7087397934937573 0.65679180887372 0.021138808484900875 0.014470989761092217
2 0.2161964833455739 0.6597269624573379 0.020672225342376994 0.014419795221843022
2 0.5832159675119886 0.2695563139931741 0.020348209271179845 0.014863481228668908
3 0.5638657277400958 0.5911262798634812 0.017380222059014044 0.010648464163822572
2 0.8293126539076338 0.26808873720136517 0.020037153842830592 0.0149317406143345
3 0.687406575366138 0.5901535836177474 0.01725061563053507 0.010580204778157166
3 0.1951095174320646 0.5927645051194539 0.017198773059143694 0.010494880546074985
3 0.31727653691623103 0.5924402730375427 0.01712100920205645 0.01034129692832759
3 0.8099624141357412 0.588839590443686 0.016602583488141056 0.009488054607508426
2 0.7062643107098111 0.26873720136518764 0.01973905905732938 0.014641638225255917
3 0.19373568929018875 0.2076621160409556 0.017717198773059165 0.010580204778156977
3 0.5623752538125891 0.20341296928327643 0.017121009202056524 0.010699658703071673
3 0.4400786278999438 0.5914505119453924 0.016796993130859375 0.009761092150170611
3 0.8079794357800145 0.20129692832764504 0.017056205987817038 0.00976109215017066
3 0.31579902363157214 0.20569965870307166 0.01679699313085923 0.010136518771331045
3 0.4388344061865468 0.20472696245733787 0.0173154188447747 0.010648464163822525
3 0.19746835443037974 0.9794880546075084 0.017198773059143694 0.010017064846416209
3 0.6854235970104117 0.20211604095563138 0.016991402773577406 0.01052901023890783
3 0.8109474229921804 0.9768771331058022 0.016926599559338062 0.010017064846416209
3 0.6884045448654251 0.9781911262798635 0.016991402773577406 0.01022184300341299
3 0.3187670108437378 0.9794880546075084 0.017056205987816965 0.010409556313993183
3 0.5653562016676026 0.9788395904436861 0.017380222059014044 0.01010238907849839
0 0.07342204173326997 0.9206996587030716 0.010057458849958952 0.010904436860068548
1 0.9295373050503304 0.5878668941979522 0.010537002635330766 0.010017064846416398
1 0.9280468311228235 0.20097269624573377 0.010537002635330766 0.009522184300341317
1 0.9310148183349894 0.9762286689419796 0.011159113492028984 0.010409556313993183