2 0.10105266005071885 0.31408609479865773 0.019638939528913157 0.015023865155725673
3 0.2003935993020305 0.24792890100671144 0.01655172880141085 0.01089907652579702
3 0.32082538411746675 0.24616256816275167 0.01655172880141085 0.010241719700346057
3 0.5643788007188363 0.2442356596057047 0.016612861687103915 0.010437421350671154
3 0.44284662396092395 0.24519911388422821 0.01707135832980237 0.010397277422399327
3 0.6851773828484312 0.24279047818791946 0.0168115435656065 0.010316989565855673
3 0.807443154234661 0.241827023909396 0.015329071087548612 0.00977504653418625
3 0.2024721174155964 0.6288144924496645 0.016307197258638374 0.0103571334941275
2 0.10300891239289853 0.6943293833892619 0.020250268385844275 0.014401634267512502
3 0.32253710491687393 0.6281721895973155 0.016949092558416062 0.009965730193477308
3 0.9287307994498009 0.24134529677013422 0.01569586840170715 0.009890460327967693
3 0.6876226982761559 0.625924129614094 0.016872676451299785 0.0103571334941275
3 0.44406928167478626 0.627851038171141 0.016307197258638374 0.009890460327967693
3 0.8089103434912956 0.624639523909396 0.016123798601558964 0.01000587412174923
2 0.22117878043768954 0.3132832162332215 0.019944603957378734 0.013799475343435385
3 0.566335053061016 0.6268875838926175 0.016612861687103915 0.010241719700345963
2 0.8279838038275475 0.3066996119966443 0.02087688046419875 0.013849655253775192
3 0.9311761148775254 0.623997221057047 0.016184931487252245 0.009930604256239425
2 0.3418550967958982 0.31151688338926176 0.020754614692812475 0.014512030070260095
2 0.4631427420110381 0.30942939911912754 0.020601782478579706 0.014281202482697116
2 0.5849194503117229 0.3087870962667786 0.019531956978950167 0.013588719720008366
2 0.7066961586124076 0.30750249056208057 0.020097436171611575 0.013849655253775192
0 0.08387431917095357 0.9095008389261746 0.008627378493440828 0.010648176974098079
2 0.22289050123709672 0.6936870805369127 0.01911931000052167 0.013066848652474808
2 0.8299400561697272 0.6898332634228188 0.02107556234270148 0.01358871972000846
2 0.3438113491380779 0.6930447776845639 0.020204418721574385 0.013749295433095578
2 0.7081633478690423 0.6904755662751679 0.019822338185992387 0.013428144006921154
2 0.5868757026539025 0.6911178691275168 0.020250268385844348 0.013638899630348079
2 0.4650989943532178 0.6924024748322148 0.020800464357082292 0.014010230966862498