3 0.18019576813775787 0.24837239583333334 0.017636187172615836 0.011517463846409537
2 0.07515386212063936 0.3186225620567376 0.020785506310582947 0.01492179708277926
3 0.30797737336645425 0.24735427748226949 0.017167826890559224 0.011337172055075371
3 0.6924850145804082 0.24277274490248227 0.01729702972698872 0.010737966983876296
3 0.5643158008424236 0.24362117686170212 0.01742623256341808 0.011422015250997314
3 0.4364049927772977 0.24582709995567376 0.017361631145203327 0.011252328859153332
3 0.8211710396641105 0.24226368572695037 0.01695787228136125 0.010780388581837315
3 0.18200460784776973 0.6501897717198581 0.017361631145203327 0.011697755637743702
3 0.3090109960578896 0.6495110261524822 0.01782999142725994 0.010780388581837315
2 0.07741491175815422 0.7197611923758864 0.021479971556391076 0.016247472019060374
3 0.9498570647478128 0.24158494015957444 0.016828669444932037 0.010494042795600648
3 0.6945522599632789 0.6471354166666666 0.017636187172615905 0.010987193871897224
3 0.8227214737012637 0.6461172983156028 0.017490833981632828 0.010658426487699444
3 0.4376970211415919 0.6491716533687943 0.018104547454672448 0.01094477227393611
3 0.566899857571012 0.6484929078014184 0.017555435399847434 0.011029615469858148
2 0.20203104749432985 0.31709538453014185 0.021156964465317542 0.015091483474623241
2 0.3296834498865968 0.3155682070035461 0.02227133892952129 0.015335407662898887
2 0.8433939275299708 0.31132604720744683 0.021770677938357304 0.015515699454233148
3 0.951407498784966 0.645099179964539 0.01770078859083051 0.010329659103501854
2 0.7147079024462685 0.31234416555851063 0.02143152049273012 0.01492179708277926
2 0.4578526636245815 0.3143804022606383 0.021770677938357304 0.015335407662898983
2 0.5860218773625662 0.31353197030141844 0.021689926165588833 0.014635451296542593
2 0.2037106843679123 0.7197611923758864 0.021528422620052102 0.01492179708277926
2 0.8449443615671238 0.7156887189716312 0.022012933256662436 0.01492179708277926
2 0.33123388392374986 0.7190824468085106 0.021851429711125633 0.015515699454233148
2 0.7167751478291392 0.7170462101063829 0.02152842262005217 0.014635451296542593
2 0.5880891227454368 0.7184037012411347 0.022012933256662436 0.014359710909796111
2 0.4596615033345933 0.7184037012411347 0.02248129353871912 0.015749018243018706