3 0.3149618283942232 0.98828125 0.019115650637645646 0.010994064975792146
3 0.18500106264969254 0.19300176056338028 0.018474185851147455 0.010825573558538745
2 0.20668257243333094 0.2615777673855634 0.021408887249376642 0.015343249683648802
3 0.4419718561208622 0.98828125 0.018410039372497668 0.010909819267165327
3 0.31162621150443265 0.1916538292253521 0.018410039372497668 0.01095194212147888
2 0.3331794283307714 0.2597243617957746 0.022371084429123854 0.016385790327904885
3 0.1891064372832809 0.98828125 0.018410039372497668 0.010867696412852108
3 0.43889282514567096 0.1903058978873239 0.018618515428109647 0.011088841397997366
2 0.460702627886609 0.258544921875 0.022755963301022884 0.01625942176496475
3 0.5664160247015084 0.1892949493838028 0.01832985627418541 0.011615377076914608
3 0.5700082275058983 0.9876072843309859 0.01893924782135867 0.010994064975792146
3 0.6972748411471367 0.9876072843309859 0.018826991483721484 0.010746593206701315
3 0.6941958101719453 0.18811550946302816 0.018329856274185267 0.011341578523877634
2 0.7162621988274827 0.2565230248679577 0.02216260837351202 0.015459087533010537
3 0.8245414547883749 0.9862593529929576 0.018185526697223436 0.010583367146236923
3 0.8214624238131837 0.18710456095950703 0.018329856274185267 0.010825573558538745
2 0.5889955851862443 0.25820793904049294 0.02198620555722497 0.015164227552816859
3 0.5684687120183027 0.589293573943662 0.01832985627418541 0.011299455669564319
3 0.3131657269920283 0.5906415052816901 0.01832985627418541 0.0112152099609375
2 0.8435288124687209 0.2556805677816901 0.02302858583528444 0.015827662508252634
3 0.44094551246246516 0.590304522447183 0.01832985627418541 0.010746593206701125
3 0.18679716405188748 0.5913154709507042 0.018682661906759438 0.011299455669564319
2 0.33497552973296635 0.6593860035211268 0.022082425275199765 0.015585456095950766
3 0.6962484974887394 0.5882826254401408 0.01905150415899586 0.0112152099609375
2 0.4624987292888038 0.6587120378521126 0.02249937738642358 0.0160698689205545
2 0.5900219288446414 0.6580380721830985 0.021489070347688898 0.015459087533010537
2 0.20886355270742474 0.6600599691901408 0.021777729501613132 0.015406433965118822
2 0.7178017143150782 0.6573641065140845 0.0218258393606006 0.014479731170224379
3 0.8235151111299779 0.5872716769366196 0.0186185154281095 0.010951942121478927
3 0.9492422092836204 0.18643059529049294 0.018474185851147386 0.011436354946082758
3 0.9518080684296132 0.9855853873239436 0.018538332329797246 0.010420141085772532
2 0.8450683279563166 0.6556791923415493 0.02232297457013653 0.014985205421985105
3 0.9512948966004146 0.5869346941021126 0.0186185154281095 0.010994064975792335