3 0.207331223628692 0.61640625 0.017365506329113923 0.008888888888888951
2 0.22925896624472575 0.6829166666666667 0.021136603375527377 0.015190972222222286
0 0.08392668776371309 0.9380208333333333 0.009150843881856528 0.010399305555555429
3 0.3322733303665612 0.614352756076389 0.017966419332641134 0.011100980970594681
2 0.35347338970200426 0.6821424696180556 0.02142089328685395 0.015545527140299479
3 0.4574546331091772 0.6140204535590278 0.017556299137163767 0.010514259338378906
3 0.7085743835706751 0.6120266384548612 0.01823457484506866 0.01089329189724386
3 0.5828883175105486 0.6130235460069445 0.018029514747329906 0.011235978868272507
3 0.8337556863132911 0.6106974283854166 0.018108384015690832 0.01084136962890625
2 0.7302792062236287 0.680148654513889 0.021625953384592563 0.014559004041883743
2 0.4789070741033756 0.6814778645833335 0.022083395141086547 0.015483220418294271
3 0.2058301193301688 0.222900390625 0.017887550064280063 0.010633680555555525
2 0.6040883768459916 0.6808132595486112 0.021389345579509493 0.015067842271592819
2 0.22690398783623417 0.290191650390625 0.020821486847310125 0.014901691012912294
2 0.8554605089662448 0.6784871419270835 0.02183101348233132 0.014610926310221354
3 0.3305066587552743 0.2210727267795139 0.017493203722474995 0.010514259338378906
3 0.45568796149789037 0.21974351671006948 0.01768248996654145 0.011059443155924479
2 0.3512019547732068 0.2881978352864583 0.02154708411623149 0.016033596462673643
3 0.9594417523734177 0.6103651258680556 0.017887550064280063 0.010555797153049109
3 0.7065553303006329 0.21741739908854166 0.017887550064280063 0.011017905341254372
3 0.5813740275580169 0.21874660915798613 0.017966419332641134 0.01145405239529083
3 0.8317366330432491 0.21642049153645834 0.01761939455185268 0.010436375935872396
2 0.8534414556962026 0.284210205078125 0.022130716702103016 0.015545527140299479
2 0.47688802083333337 0.287200927734375 0.02172059650662579 0.01578436957465281
2 0.7282601529535866 0.2852071126302083 0.021468214847870423 0.015130148993598122
2 0.6025740868934599 0.2862040201822917 0.021026546945048737 0.01519245571560333
3 0.9574226991033756 0.21575588650173613 0.017824454649591148 0.01097636752658417
3 0.959256329113924 0.998263888888889 0.01714135021097056 0.003472222222222096