2 0.10036565430611717 0.699050847457627 0.02060999741891077 0.014542372881355922
3 0.8127720898219047 0.6289661016949152 0.016919039834810294 0.00983050847457624
3 0.9357868020304568 0.628322033898305 0.016286672975995724 0.009983050847457662
3 0.69073819151682 0.630271186440678 0.016983567065301717 0.010576271186440635
3 0.3221973672889959 0.6325423728813558 0.016596403682353968 0.010423728813559213
3 0.5682267917060999 0.6312372881355932 0.016531876451862614 0.0101864406779661
3 0.2007829303966274 0.6328644067796609 0.016596403682353968 0.010305084745762845
2 0.46595113137744126 0.6971016949152542 0.02116493160113565 0.014423728813559364
3 0.444708767099716 0.6318983050847458 0.016777079927729508 0.009796610169491562
2 0.7114901488428116 0.6951525423728814 0.020338983050847387 0.013508474576271207
2 0.3436849350425879 0.6977457627118644 0.02068743009550024 0.014271186440677942
2 0.8345048610513636 0.6945084745762712 0.02125526972382353 0.013728813559321982
2 0.5889787490320916 0.6964576271186441 0.020584186526714277 0.013610169491525426
2 0.22140583326163638 0.6983898305084746 0.019654994407640056 0.013457627118644193
3 0.8117783704723393 0.24340677966101695 0.015860793254753366 0.0101864406779661
2 0.09858470274455819 0.31705084745762707 0.019951819667899853 0.015406779661016874
3 0.6882732513120537 0.24422033898305084 0.016854512604318868 0.01076271186440683
2 0.21980555794545295 0.3159152542372881 0.020532564742321298 0.014322033898305052
3 0.9338122687774241 0.2429152542372881 0.01596403682353947 0.00994915254237289
2 0.3414651983136883 0.31445762711864406 0.02068743009550024 0.014661016949152478
2 0.5865009033812268 0.31233898305084745 0.02045513206573172 0.013881355932203404
3 0.4429794373225501 0.2468135593220339 0.017383635894347476 0.010508474576271187
3 0.5657489460552353 0.2451864406779661 0.01698356706530157 0.010915254237288157
3 0.1985631936677278 0.24940677966101693 0.016777079927729508 0.010881355932203386
2 0.4644799105222404 0.3129830508474576 0.020584186526714277 0.014491525423728812
2 0.7100060225415125 0.3102372881355932 0.020222834035963345 0.013728813559322078
2 0.8325303277983309 0.3092542372881356 0.020971349909661957 0.014152542372881384
3 0.3209584444635636 0.24777966101694915 0.015964036823539543 0.009881355932203349
0 0.08098167426654047 0.9170508474576269 0.008840230577303602 0.010305084745762466