2 0.8270056776564576 0.6814833263422819 0.02104499589985484 0.014512030070260001
2 0.705228969355773 0.6821256291946309 0.020800464357082292 0.014793037568162692
2 0.4624091473827207 0.6840525377516778 0.0206323489214262 0.015254692743288653
2 0.34112150216758086 0.6840525377516778 0.020754614692812475 0.015254692743288653
2 0.583941324140633 0.683410234899329 0.020754614692812475 0.014622425873007501
0 0.08387431917095357 0.9075739303691277 0.00875728587553871 0.010608033045826156
2 0.2203229200379859 0.684694840604027 0.02005158650734169 0.014793037568162692
3 0.44137943470428925 0.6185376468120806 0.01655172880141078 0.010768608758913653
3 0.5629116114622015 0.6175741925335572 0.017407589201114407 0.0103571334941275
3 0.32009178948914935 0.6188587982382551 0.01604738249444265 0.009514111000419424
3 0.1996600046737131 0.6195011010906041 0.016123798601559033 0.010477565278942886
3 0.6851773828484312 0.6166107382550337 0.016123798601558964 0.009514111000419424
2 0.703761780099138 0.30107946203859065 0.020999146235585023 0.014682641765415288
2 0.09891300905145982 0.30718133913590606 0.020479516707193467 0.014451814177852308
2 0.5824741348839982 0.3022034920302014 0.020831030799928933 0.014451814177852308
2 0.3394097813681736 0.30445155201342283 0.021197828114087613 0.015194476850880866
2 0.21836666769580623 0.3058967334312081 0.020403100600077044 0.014732821675755
2 0.8250494253142779 0.30011600776006714 0.020250268385844202 0.015023865155725673
3 0.43991224544765445 0.23765205536912754 0.016689277794220372 0.010241719700346057
2 0.46045289504054104 0.3030063705956376 0.020479516707193432 0.014401634267512595
3 0.5609553591200218 0.2362068739513423 0.017010225444109236 0.009930604256239518
2 0.10050246407948081 0.6853371434563759 0.019593089864643302 0.015375124528104038
3 0.806465028063571 0.6156472839765101 0.016047382494442507 0.00925819345768673
3 0.6827320674207067 0.2352434196728188 0.015741718065976965 0.009223067520448845
3 0.8045087757213913 0.2344405411073826 0.01592511672305652 0.009815190462458077
3 0.9277526732787109 0.6146838296979866 0.015986249608749514 0.00969977666867654
3 0.3183800686897421 0.23925781250000006 0.016047382494442614 0.009965730193477308
3 0.19794828387430588 0.24054241820469802 0.015986249608749514 0.009890460327967693
3 0.9257964209365313 0.23395881396812082 0.016184931487252245 0.009850316399695866