1 0.08381775159876056 0.3278672960069445 0.019244101480089676 0.011807123819986979
2 0.0860260911128692 0.7153320312500001 0.019843507919633428 0.015784369574652714
2 0.8350948542985233 0.7113444010416667 0.02085303455465444 0.015306684705946243
2 0.2089359589266878 0.7153320312500001 0.020774165286293514 0.015420913696289062
2 0.3338648800105486 0.7146674262152778 0.021215833189115196 0.015420913696289062
2 0.7099135515559073 0.7126736111111112 0.02050600977386613 0.015244377983941036
2 0.4587938010944093 0.7146674262152778 0.021136963920754266 0.015545527140299479
2 0.5842274854957806 0.7133382161458335 0.02126315475013181 0.015130148993598026
1 0.20679071482726796 0.32836574978298616 0.020695296017932515 0.007861031426323753
1 0.3315934450817511 0.32720269097222227 0.021625953384592563 0.007388538784450987
0 0.0679808025118671 0.9286702473958334 0.009006870446828857 0.01055579715304892
1 0.4572795111418777 0.3262057834201389 0.019733090943928007 0.007186041937934059
1 0.8138947949630803 0.6435546875 0.016310164697059502 0.008333524068196615
1 0.6882087289029536 0.6442192925347223 0.016562546355814875 0.008297178480360306
1 0.5630274261603376 0.6452162000868056 0.015229655720513532 0.008364677429199219
1 0.31241243901635024 0.6472100151909723 0.016065669965140427 0.007414499918619792
1 0.437341360100211 0.646213107638889 0.015639775915990903 0.008016798231336868
1 0.18836685373813292 0.6475423177083334 0.015048256403283227 0.008110258314344681