2 0.2221536129186114 0.2795637583892618 0.02040251422341844 0.014614093959731539
3 0.32546928763669813 0.9718120805369129 0.017809082546928836 0.010117449664429614
3 0.44651739174871397 0.9724496644295304 0.017464143358430155 0.009882550335570764
3 0.2016105679146936 0.21469798657718125 0.017004224440431984 0.01028523489932887
3 0.20564763397267743 0.9718120805369129 0.01760467413892957 0.01
3 0.4435790208837257 0.21179530201342286 0.01754079651142986 0.010402684563758414
2 0.46436480087214266 0.2768288590604027 0.021117943651415512 0.015134228187919424
3 0.3220454468027118 0.21323825503355706 0.017208632848431143 0.01008389261744964
3 0.5653553299492385 0.21098993288590606 0.017464143358430155 0.010805369127516755
2 0.3428312267911287 0.2776342281879195 0.020721902360917123 0.015369127516778557
3 0.5682937008142268 0.9718120805369129 0.01793683780192825 0.010117449664429614
3 0.6900700098797397 0.9711577181208054 0.018013490954927956 0.00996644295302038
3 0.6871316390147516 0.20971476510067116 0.017464143358430297 0.010520134228187957
2 0.7081601539876674 0.27474832214765105 0.020606922631417706 0.014228187919463077
3 0.8108626034817566 0.9698825503355706 0.017464143358430297 0.01020134228187923
3 0.8079370081422683 0.20874161073825503 0.01687646918543264 0.01
2 0.5863838449221546 0.2761912751677853 0.020926310768916243 0.014010067114094037
3 0.20320750860218717 0.5941275167785236 0.017336388103430668 0.010469798657718077
2 0.8289655231151841 0.2741107382550336 0.021897250706912435 0.014848993288590672
3 0.5673099853507308 0.5921979865771813 0.01754079651142986 0.010687919463087307
3 0.32400010220420405 0.5934899328859061 0.017272510475930886 0.010285234899328847
3 0.4455336762852179 0.5928523489932886 0.017745204919428985 0.010050335570469807
3 0.6886008244472457 0.5912416107382551 0.018013490954927956 0.01060402684563769
2 0.5873675603856505 0.6570805369127517 0.020760228937416976 0.014614093959731539
2 0.46583398630463674 0.6583557046979867 0.021322352059414778 0.015083892617449616
2 0.34454314720812185 0.659010067114094 0.020721902360917123 0.014681208053691346
2 0.22423602357510308 0.6596476510067114 0.02060692263141756 0.014446308724832307
3 0.9297133172077814 0.2082718120805369 0.01713197969543147 0.010570469798657717
3 0.8098916635437606 0.5899496644295303 0.017272510475930886 0.010318791946308655
2 0.7096293394201616 0.6567617449664431 0.020095901611419754 0.014127516778523462
2 0.8309201785166764 0.6557885906040269 0.021322352059414778 0.014681208053691346
3 0.9321534425782715 0.9692281879194631 0.017272510475930886 0.009077181208053843
3 0.9316679726092735 0.5896308724832215 0.017464143358430297 0.010167785234899232
0 0.08273430313766908 0.9063758389261746 0.01946990086192213 0.032617449664429615