3 0.19978227044509933 0.24616256816275167 0.01675041067991344 0.010979364382340578
2 0.10013566676532212 0.3132832162332215 0.01974592207887611 0.014341418375104904
3 0.32058085257469426 0.24503853817114096 0.015695868401707218 0.010161431843802405
3 0.4421130293326066 0.24343278104026847 0.017010225444109236 0.010728464830641826
3 0.5629116114622015 0.24230875104865773 0.01687267645129964 0.010397277422399327
3 0.806465028063571 0.24054241820469802 0.01562709390530242 0.01020157577207423
0 0.08326299031402243 0.9069316275167787 0.009001817418311157 0.010527745189282693
3 0.6846883197628864 0.24134529677013422 0.016246064372945238 0.010121287915530578
3 0.20161625701589275 0.625924129614094 0.016811543565606574 0.010241719700345963
2 0.10227531776458115 0.6911178691275168 0.02025026838584431 0.014682641765415193
3 0.9277526732787109 0.23973953963926178 0.01562709390530242 0.010241719700346057
3 0.3218035102885565 0.625281826761745 0.016689277794220338 0.010316989565855769
3 0.4435802185892414 0.624639523909396 0.016307197258638374 0.010567889117554614
3 0.686644572105066 0.622712615352349 0.01655172880141078 0.010808752687185385
2 0.22056745158075838 0.3119986105285235 0.020250268385844275 0.014070446859270096
3 0.5653569268899261 0.623997221057047 0.015802850951670246 0.01020157577207423
3 0.807443154234661 0.6214280096476511 0.01655172880141078 0.00936858926043423
2 0.8270056776564576 0.3062178848573826 0.020448950264346934 0.013960051056522692
2 0.7057180324413179 0.3066996119966443 0.020097436171611575 0.013799475343435385
2 0.46265367892549314 0.3087870962667786 0.020128002614458074 0.013960051056522692
2 0.583941324140633 0.30782364198825507 0.019531956978950167 0.013899835164114905
2 0.34136603371035334 0.3102322776845638 0.020448950264346934 0.014281202482697116
3 0.9292198625353457 0.6211068582214765 0.016123798601558964 0.00958938086592904
2 0.22203464083739313 0.6904755662751679 0.01966950597175969 0.013960051056522692
2 0.8284728669130925 0.6872640520134229 0.02132009388547374 0.014180842662017691
2 0.7071852216979526 0.6879063548657719 0.02032668449296066 0.014070446859270192
2 0.34283322296698804 0.6904755662751679 0.020678198585696164 0.013799475343435385
2 0.5858975764828127 0.6891909605704699 0.020479516707193432 0.013849655253775192
2 0.46436539972490043 0.6898332634228188 0.020999146235585023 0.014401634267512502