2 0.0627238553633449 0.3103241502192982 0.020295045543347576 0.015646201685855298
3 0.29271306438685546 0.2387986567982456 0.017850051867652945 0.010462282415021965
3 0.16717142833288803 0.24081345942982457 0.01677936836261018 0.011133883292214932
3 0.4203001853459791 0.2381270559210526 0.017642307306972946 0.011175858347039498
3 0.5468645638525247 0.2366159539473684 0.01757838590368695 0.010871539199561369
3 0.6736846279722147 0.23544065241228068 0.017051034326576245 0.010871539199561369
3 0.16883338481832755 0.6378974780701754 0.017051034326576245 0.010913514254385935
3 0.8015274345444829 0.2340974506578947 0.016411820293714827 0.0101841976768092
3 0.2945028636788672 0.6375616776315789 0.017370641343006955 0.010624935752467195
2 0.065152868688218 0.7070723684210526 0.020966220277851992 0.015772126850328996
3 0.927836127437884 0.2337616502192982 0.016715446959323966 0.010504257469846531
3 0.42234567025113545 0.6372258771929825 0.016987112923290103 0.010708885862116138
3 0.6762414841036601 0.6345394736842105 0.017514464500400808 0.010955489309210597
2 0.18839333422388457 0.308813048245614 0.021014161330316597 0.014880156935307032
3 0.8030615482233503 0.634203673245614 0.01698711292329025 0.010546232524671002
3 0.548910048757681 0.6362184758771929 0.01772220906108066 0.010787589089912331
2 0.822493654822335 0.30260074013157895 0.021701316415642442 0.015226451137609634
3 0.9298816123430402 0.6331962719298245 0.01737064134300681 0.010546232524671002
2 0.31470202711728557 0.3073019462719298 0.021957002028787007 0.015530770285087763
2 0.6956735907026449 0.3039439418859649 0.0210461220319596 0.015111019736842101
2 0.5683421553566658 0.3051192434210526 0.021381709399211878 0.014995588336074566
2 0.4417777768501202 0.3061266447368421 0.021381709399211878 0.015530770285087763
2 0.19018313351589633 0.7070723684210526 0.020934259576208886 0.014827688116776396
2 0.8245391397274913 0.7023711622807017 0.021381709399211878 0.014533862733004336
2 0.5703876402618221 0.7050575657894737 0.021205925540175023 0.014712256716008862
2 0.31649182640929735 0.7064007675438596 0.021381709399211878 0.015173982319078997
2 0.6977190756078011 0.7037143640350877 0.021333768346747307 0.014533862733004336
2 0.4433118905289874 0.7057291666666666 0.02182915922221487 0.015646201685855204