2 0.0571977131666905 0.276549433318662 0.02100797175781529 0.01498520542198501
2 0.18523408455172657 0.6753686179577465 0.02145699710836404 0.015048389703455125
2 0.4392541400050046 0.6733467209507042 0.022371084429123854 0.016006684639084483
2 0.31173094044916705 0.6746946522887324 0.02164943654431348 0.0157012939453125
2 0.6948137109458783 0.671998789612676 0.02161736330498862 0.015048389703455125
2 0.821567152757918 0.6713248239436619 0.02190602245891286 0.015406433965118822
3 0.5449675368199042 0.6042652398767605 0.01757613515005003 0.010867696412852108
2 0.5670339254754415 0.6733467209507042 0.021328704151064384 0.015280065402178782
3 0.289921137708229 0.6056131712147887 0.016646011209627675 0.009946258974746911
3 0.6727473222903411 0.6032542913732394 0.017576135150050177 0.010420141085772532
3 0.9242015185976263 0.2005598041373239 0.016397443604859785 0.009946258974746911
0 0.03974987097394008 0.9065388424295774 0.009629990107303883 0.010951942121478927
3 0.4171877513494673 0.6052761883802816 0.017046926701189027 0.010378018231459124
2 0.30993483904697217 0.2738535706426056 0.02262767034372316 0.015764478226782615
2 0.6922478517998855 0.2701467594630282 0.021168337954439873 0.015343249683648802
3 0.7995007641023807 0.6019063600352113 0.016397443604859785 0.00953029578840225
2 0.4372014526882104 0.27250563930457744 0.022082425275199765 0.016322606046434866
3 0.6706946349735469 0.20157075264084506 0.016581864730977742 0.009946258974746911
2 0.5649812381586473 0.2714946908010563 0.021745656262288204 0.015227411834286973
2 0.18330969019223203 0.2753699933978873 0.020927788659503035 0.015459087533010537
2 0.8195144654411239 0.26964128521126757 0.021489070347688898 0.015522271814480652
3 0.16329598885348895 0.6066241197183098 0.016982780222539236 0.010456998583296694
2 0.059250400483484664 0.6753686179577465 0.021376814010051745 0.01638579032790498
3 0.41539164994727246 0.20460359815140844 0.01691863374388945 0.01054124429192342
3 0.54291484950311 0.20376114106514082 0.016982780222539167 0.010499121437610058
3 0.28812503630603414 0.20628851232394366 0.01691863374388945 0.010335895377145667
3 0.16175647336589333 0.20746795224471828 0.01711107317983889 0.010783450704225336
3 0.7979612486147851 0.201233769806338 0.01633329712620992 0.009640868280974928
3 0.9262542059144204 0.6015693772007042 0.017111073179838746 0.009714583276023253