2 0.09199001978835068 0.2742542372881356 0.019732427084229526 0.014711864406779683
3 0.31511227738105474 0.5874745762711864 0.016028564054030824 0.010915254237288157
3 0.5594123720209929 0.20238983050847456 0.016144713068915083 0.011355932203389802
3 0.43861739654134047 0.5868305084745763 0.016725458143336598 0.011084745762711729
3 0.19369784048868624 0.5881355932203389 0.016028564054030824 0.011322033898305031
3 0.19234276864836958 0.20645762711864407 0.015305859072528592 0.011491525423728745
3 0.683911210530844 0.5855254237288136 0.016919039834810294 0.010508474576271283
3 0.929940634947948 0.9667288135593219 0.016531876451862614 0.009881355932203253
3 0.4366428632883076 0.20369491525423727 0.01586079325475351 0.011610169491525445
3 0.6814333648799793 0.20159322033898303 0.01620924029940636 0.011050847457627147
3 0.6848920244343113 0.969322033898305 0.017448163124838757 0.010033898305085056
3 0.8079067366428633 0.9680169491525422 0.017125526972382215 0.009796610169491562
3 0.5608964983222919 0.585864406779661 0.01744816312483861 0.011084745762711729
3 0.5623806246235911 0.9699661016949152 0.017177148756775267 0.010508474576271283
3 0.44034672631850635 0.9706101694915253 0.01784823195388466 0.010677966101694665
3 0.3173320141099544 0.9706101694915253 0.016596403682353968 0.01027118644067779
0 0.07655510625483952 0.9076779661016947 0.009343542975135503 0.01079661016949141
3 0.19567237374171903 0.9699661016949152 0.016725458143336456 0.010220338983050775
3 0.9294502279962144 0.5832711864406779 0.016596403682353753 0.011135593220339123
2 0.09217069603372624 0.6552881355932203 0.019680805299836544 0.01403389830508464
2 0.457640024090166 0.2710169491525424 0.020661619203303786 0.014101694915254181
2 0.8252000344145228 0.2666271186440678 0.020184117697668664 0.014542372881355922
2 0.7026757291577046 0.26776271186440675 0.021577905876279783 0.01442372881355927
2 0.33462531188161404 0.27166101694915257 0.01991310332960503 0.014881355932203348
2 0.21272046803751182 0.2724745762711864 0.020377699389142214 0.014830508474576239
2 0.3361094381829132 0.6543050847457628 0.021087498924546144 0.015118644067796557
2 0.5801643293469845 0.26938983050847454 0.020300266712552705 0.013983050847457624
2 0.45887894691559833 0.6530169491525423 0.02068743009550024 0.014542372881355922
2 0.2146950012905446 0.6546271186440678 0.020764862772089818 0.015050847457627015
2 0.7051535748085691 0.6520338983050846 0.02137141873870757 0.014881355932203254
2 0.8271745676675557 0.6510677966101694 0.020932633571367276 0.015288135593220318
2 0.5821388626000171 0.6526949152542372 0.020893917233072448 0.014423728813559364
3 0.8066161920330379 0.5851186440677967 0.016144713068914938 0.008966101694915286
3 0.8045642261034155 0.2011864406779661 0.016157618515013454 0.008576271186440701
3 0.9270498150219392 0.1998813559322034 0.015976942269637986 0.008288135593220336
3 0.31406693624709625 0.2055423728813559 0.015718833347672725 0.007559322033898325