2 0.2056918376254911 0.28801724137931034 0.02088607594936709 0.015206896551724091
3 0.18464862505456134 0.22070689655172415 0.017704059362723696 0.010810344827586202
3 0.30832824094281974 0.21905172413793106 0.017560017459624655 0.010517241379310368
2 0.3293845482322131 0.2865344827586207 0.021200349192492432 0.015931034482758642
2 0.45395460497599305 0.2853793103448276 0.022025316455696317 0.015793103448275947
2 0.703592317765168 0.2834137931034483 0.021475338280226967 0.015137931034482695
3 0.4328982976865997 0.21774137931034485 0.017979048450458373 0.010724137931034458
3 0.6820384111741599 0.21525862068965518 0.01763858577040606 0.011068965517241432
3 0.8063596682671322 0.21443103448275863 0.017900480139677183 0.010396551724137927
3 0.5577171540811874 0.21674137931034484 0.0174945438673068 0.011465517241379359
2 0.8279135748581405 0.28258620689655173 0.02202531645569603 0.01555172413793097
2 0.5787734613705806 0.2842241379310345 0.021069402007856872 0.015310344827586182
3 0.18640331732867743 0.6091206896551725 0.017769532955041478 0.010862068965517249
2 0.20795722391968574 0.6754655172413794 0.021475338280226967 0.01513793103448279
3 0.9311785246617198 0.21377586206896557 0.017900480139677183 0.011103448275862036
2 0.33138804015713663 0.6754655172413794 0.0209122653862942 0.015310344827586277
3 0.31008293321693586 0.608793103448276 0.017979048450458373 0.010603448275862017
3 0.6840419030990833 0.6061551724137931 0.01825403753819305 0.010810344827586202
3 0.808363160192056 0.6051724137931035 0.018188563945875414 0.010482758620689765
2 0.8294194674814492 0.6718275862068966 0.022234831951113213 0.014793103448276005
3 0.5597337407245745 0.6071379310344828 0.018384984722828467 0.010862068965517249
3 0.43491488432998693 0.6081379310344828 0.017638585770405918 0.010086206896551743
2 0.5802793539938892 0.6734827586206897 0.021449148843299855 0.015379310344827483
2 0.7050982103884768 0.6731551724137932 0.020964644260148425 0.014517241379310234
2 0.4559580969009166 0.6747931034482759 0.02193365342645128 0.015793103448275853
3 0.9331820165866435 0.6045 0.018188563945875414 0.01015517241379314
3 0.31165429943256223 0.996551724137931 0.018332605848974243 0.006896551724137983
3 0.43539938891313845 0.996551724137931 0.017023134002618928 0.006896551724137983
3 0.18734177215189873 0.995 0.020253164556962026 0.01
3 0.6835443037974683 0.995 0.020253164556962026 0.01
3 0.8075949367088607 0.995 0.015189873417721518 0.01
3 0.5594936708860759 0.995 0.020253164556962026 0.01
3 0.9316455696202531 0.9933333333333333 0.015189873417721518 0.013333333333333334
1 0.08054561326931473 0.2876034482758621 0.013553033609777377 0.015448275862068973
1 0.08032300305543433 0.6768448275862069 0.013120907900480155 0.019982758620689652