3 0.9465377037135987 0.9810444078947368 0.017642307306973092 0.010546232524671193
3 0.5660775113545284 0.9837308114035087 0.018265540989012792 0.010582960697642724
3 0.4395131328479829 0.9850740131578946 0.018697010461194215 0.010624935752467006
3 0.18702358986775314 0.9844024122807017 0.018201619585726653 0.010745614035087859
3 0.3126930687282928 0.9844024122807017 0.018121717831619012 0.010871539199561464
1 0.08200072426863478 0.2624314692982456 0.014957608368955393 0.015226451137609634
3 0.8202290108201976 0.9823876096491228 0.018201619585726796 0.010220925849780542
3 0.18306046286401284 0.1932565789473684 0.017850051867652945 0.01026290090460525
3 0.6928975754742185 0.9830592105263158 0.018201619585726796 0.010745614035087859
2 0.20620001085359335 0.6586759868421052 0.022244648343574647 0.01607644599780694
2 0.3323808609404221 0.6580043859649123 0.02272405886822071 0.016391258908991138
2 0.5870437316323804 0.6566611842105263 0.02267611781575614 0.0155832391036184
2 0.4597122962864012 0.6573327850877193 0.02208484483535929 0.01645422149122813
2 0.7138637957520705 0.6553179824561403 0.02234053044850386 0.015404845120614064
3 0.30911347014426926 0.19191337719298243 0.018265540989012792 0.010745614035087716
3 0.8171607834624632 0.18687637061403506 0.018409364146406502 0.010299629077576734
3 0.43593353426395937 0.190234375 0.018984656775981778 0.011354252330043835
2 0.8406838598717605 0.6546463815789473 0.02246837325507614 0.015646201685855204
3 0.563009283996794 0.18872327302631578 0.01805779642833294 0.011091908237390365
2 0.2044102115615816 0.26092036732456136 0.02195700202878708 0.015950520833333332
3 0.18446673373630776 0.5905084978070175 0.017913973270939087 0.010829564144736802
1 0.08327915233435747 0.6600191885964912 0.015540891173941345 0.015467807702850868
2 0.3308467472615549 0.25957716557017546 0.022500333956719142 0.01632829632675443
2 0.7118183108469143 0.255883360745614 0.02246837325507614 0.015887558251096532
2 0.5849982467272241 0.25689076206140354 0.022596216061648425 0.01620237116228073
3 0.31115895504942553 0.5898368969298246 0.018345442743120506 0.010420307360197398
2 0.45792249699438947 0.2584018640350877 0.022500333956719142 0.0155832391036184
2 0.8386383749666043 0.25487595942982455 0.021781218169750156 0.015887558251096532
3 0.6903407193427731 0.1880516721491228 0.017642307306973092 0.0103416041324013
3 0.6918748330216403 0.5871504934210526 0.017913973270939087 0.010787589089912331
3 0.8192062683676195 0.586143092105263 0.018265540989012792 0.010220925849780732
3 0.43772333355597115 0.5888294956140351 0.01847328554969279 0.011091908237390272
3 0.5645433976756612 0.5878220942982456 0.019096519231732636 0.011616596422697398
3 0.9439808475821533 0.1858689692982456 0.018265540989012792 0.010829564144736849
3 0.9460263324873096 0.5854714912280702 0.018409364146406502 0.010504257469846531
0 0.06365528152551429 0.9138843201754385 0.009740023825724689 0.011175858347039594