3 0.4435802185892414 0.630420249580537 0.016689277794220372 0.010477565278942886
3 0.5653569268899261 0.6294567953020135 0.016490595915717787 0.0103571334941275
3 0.20161625701589275 0.6313837038590605 0.01655172880141085 0.010608033045826346
3 0.806954091149116 0.24616256816275167 0.015741718065976965 0.009890460327967693
3 0.3222925733741015 0.6307414010067114 0.016184931487252134 0.010527745189282693
3 0.19978227044509933 0.25194329383389263 0.016429463030024648 0.010527745189282693
2 0.2224014381515518 0.6975408976510068 0.020128002614458074 0.014231022572357309
3 0.6851773828484312 0.24680487101510068 0.016184931487252245 0.0103571334941275
3 0.686644572105066 0.62849334102349 0.01694909255841595 0.010648176974098079
3 0.4421130293326066 0.24937408242449668 0.01687267645129964 0.010397277422399327
3 0.9277526732787109 0.2455202653104027 0.01630719725863852 0.010046018050020962
3 0.5634006745477464 0.24792890100671144 0.016949092558416097 0.010768608758913558
2 0.5844303872261779 0.3139255190855705 0.02020441872157453 0.014010230966862405
3 0.9301979887064356 0.6272087353187921 0.01655172880141078 0.00985031639969596
2 0.46265367892549314 0.31456782193791955 0.020021020064495118 0.014341418375104904
3 0.8079322173202059 0.6275298867449666 0.01675041067991351 0.010241719700345963
2 0.10245871642166049 0.6975408976510068 0.02025026838584431 0.015134260958473079
2 0.34136603371035334 0.315531276216443 0.020800464357082292 0.014963649263317981
2 0.5858975764828127 0.6956139890939598 0.020479516707193432 0.01358871972000846
2 0.7062070955268627 0.312962064807047 0.019822338185992387 0.013899835164114905
2 0.34283322296698804 0.6968985947986578 0.02072404824996598 0.014401634267512502
2 0.46412086818212794 0.6962562919463088 0.02107556234270134 0.014622425873007501
2 0.22068971735214463 0.31713703334731547 0.02017385227872789 0.014622425873007595
3 0.3208253841174667 0.2506586881291947 0.015741718065977073 0.009930604256239518
2 0.7076742847834976 0.6943293833892619 0.019791771743146034 0.013227424365562115
2 0.8274947407420026 0.3119986105285235 0.020250268385844202 0.014341418375104904
2 0.10050246407948081 0.3189033661912752 0.019226292550484626 0.014451814177852308
2 0.8294509930841822 0.6936870805369127 0.021243677778357284 0.013849655253775192