3 0.17410810037892324 0.19360915492957745 0.01624722957031529 0.009383802816901389
3 0.5556096732680346 0.18901408450704224 0.01710516908557938 0.011619718309859148
3 0.4280850075069707 0.19019366197183096 0.016716415242725362 0.012218309859154933
3 0.685440051476371 0.589524647887324 0.01710516908557938 0.011038732394366093
3 0.30210195181239724 0.5918838028169013 0.016207013655537297 0.011443661971831033
2 0.19562361478515763 0.26163732394366196 0.021274218917566295 0.015281690140845114
2 0.44913133624079504 0.2584330985915493 0.021006112819046182 0.014647887323943677
2 0.3221160720669193 0.25945422535211266 0.021166976478158222 0.015105633802816858
2 0.8316919282190605 0.2555633802816901 0.021126760563380302 0.01522887323943659
2 0.5771654035890469 0.2574295774647887 0.021864052334310345 0.015052816901408429
2 0.7044219632515907 0.2565845070422535 0.022721991849574654 0.01545774647887318
2 0.19754057338957604 0.660281690140845 0.021274218917566295 0.01528169014084502
2 0.5792164152427253 0.6586091549295774 0.022078537213126494 0.015105633802817047
2 0.32391238292700364 0.6599471830985916 0.022118753127904487 0.015528169014084672
2 0.4511823478944734 0.6592781690140845 0.02140827196682639 0.014876760563380269
3 0.17842460856509612 0.988838028169014 0.01750732823335952 0.01061619718309847
2 0.7069957817973832 0.657588028169014 0.022319832701794735 0.015158450704225288
2 0.833742939872739 0.656919014084507 0.02198470007864461 0.01563380281690134
2 0.0700829341531422 0.2636619718309859 0.020362658182598112 0.01545774647887318
3 0.5597116965753913 0.988838028169014 0.01868699506684783 0.011038732394366283
3 0.43244173160792154 0.9895246478873237 0.01819099878458574 0.01125
3 0.685949453063559 0.9881690140845069 0.018056945735325573 0.010827464788732566
3 0.30440766425966964 0.988838028169014 0.017239222134839475 0.010669014084506899
3 0.8127100164438407 0.9868309859154929 0.017507328233359588 0.010070422535211492
3 0.9404893829984986 0.985475352112676 0.01723922213483926 0.01061619718309847
2 0.0700829341531422 0.6613028169014085 0.020845249159934232 0.013450704225352108
3 0.30088206906413095 0.19195422535211268 0.01705154786587549 0.009841549295774665
3 0.6830941231143204 0.1880457746478873 0.017507328233359588 0.00927816901408453
3 0.8101227925931221 0.18734154929577462 0.017668191892471555 0.009348591549295786
3 0.9375 0.18674295774647887 0.017400085793951515 0.010017605633802825
3 0.429747265317795 0.5916901408450703 0.01683706298705934 0.011690140845070307
3 0.5569367984557089 0.5911619718309858 0.017306248659469486 0.010158450704225289
3 0.8120531565024665 0.589031690140845 0.016555551583613107 0.01010563380281686
3 0.9395912275684563 0.5880457746478872 0.016113176521055195 0.008820422535211302
3 0.17615911203260168 0.5926232394366198 0.016649388718095424 0.010598591549295785