3 0.2002637130801688 0.1909201388888889 0.015981012658227847 0.00925347222222219
3 0.5755142405063292 0.1863888888888889 0.016824894514767885 0.011458333333333333
3 0.45007911392405064 0.18755208333333337 0.016442510548523255 0.012048611111111095
3 0.7032172995780591 0.5813368055555557 0.016824894514768027 0.010885416666666667
3 0.32616033755274265 0.5836631944444445 0.015941455696202533 0.011284722222222286
2 0.2214266877637131 0.2580034722222223 0.020925632911392406 0.015069444444444476
2 0.47078059071729966 0.25484375 0.02066191983122358 0.014444444444444477
2 0.34584651898734187 0.25585069444444447 0.020820147679324847 0.014895833333333334
2 0.8470727848101266 0.2520138888888889 0.020780590717299673 0.015017361111111047
2 0.5967167721518988 0.25385416666666666 0.02150580168776362 0.01484375
2 0.7218881856540086 0.25302083333333336 0.0223496835443038 0.015243055555555524
2 0.22331223628691985 0.6511111111111112 0.020925632911392406 0.015069444444444382
2 0.5987341772151898 0.6494618055555555 0.021716772151898735 0.014895833333333334
2 0.3476133966244726 0.6507812500000001 0.021756329113924052 0.0153125
2 0.47279799578059073 0.6501215277777779 0.02105748945147689 0.014670138888888951
3 0.20450949367088608 0.9751041666666667 0.01722046413502112 0.01046875
2 0.7244198312236286 0.6484548611111112 0.021954113924050632 0.014947916666666667
2 0.8490901898734179 0.647795138888889 0.021624472573839853 0.015416666666666667
2 0.09794303797468354 0.26 0.020029008438818552 0.015243055555555524
3 0.5795490506329114 0.9751041666666667 0.01838080168776376 0.010885416666666667
3 0.4543644514767933 0.97578125 0.017892932489451573 0.01109375
3 0.7037183544303799 0.9744444444444443 0.01776107594936709 0.010677083333333334
3 0.32842827004219405 0.9751041666666667 0.016956751054852368 0.010520833333333333
3 0.8284018987341772 0.973125 0.017220464135020905 0.009930555555555429
3 0.9540875527426161 0.9717881944444445 0.016956751054852226 0.01046875
2 0.09794303797468354 0.6521180555555556 0.020503691983122387 0.013263888888888952
3 0.32496044303797467 0.18928819444444445 0.016772151898734176 0.009704861111111095
3 0.7009098101265824 0.1854340277777778 0.017220464135020905 0.009149305555555572
3 0.8258570675105485 0.18473958333333335 0.01737869198312246 0.00921875
3 0.9511471518987343 0.18414930555555556 0.01711497890295349 0.009878472222222238
3 0.4517141350210971 0.5834722222222222 0.01656118143459906 0.011527777777777715
3 0.5768196202531646 0.5829513888888889 0.017022679324894468 0.010017361111111048
3 0.8277558016877637 0.5808506944444445 0.016284282700421846 0.009965277777777715
3 0.9532041139240506 0.5798784722222223 0.015849156118143363 0.008697916666666666
3 0.20228111814345992 0.5843923611111111 0.016376582278481013 0.010451388888888953