3 0.18979484941073768 0.2173448275862069 0.016643387167175876 0.009896551724137908
3 0.6867001309471846 0.21146551724137935 0.01632911392405075 0.011155172413793081
3 0.43780881711043207 0.21348275862068963 0.016525534701003944 0.011965517241379283
3 0.5623788738542123 0.21212068965517242 0.01659100829332158 0.011586206896551706
3 0.19130074203404626 0.6055 0.016329113924050676 0.011465517241379265
3 0.31474465298996074 0.6051724137931035 0.015661283282409462 0.011206896551724223
3 0.6887036228721084 0.6028620689655173 0.016708860759493727 0.010948275862068991
3 0.9358271497162812 0.20931034482758623 0.0174945438673068 0.011155172413793081
3 0.4398908773461371 0.6041724137931035 0.016774334351811363 0.011551724137931197
3 0.8120165866433873 0.6021896551724139 0.01632911392405075 0.01
3 0.5638847664775208 0.6035172413793104 0.017704059362723696 0.01110344827586213
3 0.9378437363596683 0.6012068965517241 0.01632911392405075 0.010948275862068991
2 0.33429506765604544 0.2827413793103449 0.020637276298559524 0.015379310344827578
2 0.8320646006110868 0.27746551724137936 0.020833697075512865 0.014965517241379303
2 0.210733304233959 0.28356896551724137 0.020480139676996925 0.015500000000000019
2 0.5834351811436055 0.279448275862069 0.02078131820165864 0.014396551724137983
2 0.7082540375381929 0.27862068965517245 0.02205150589262314 0.014913793103448257
2 0.45911392405063295 0.2819137931034483 0.021069402007856872 0.014568965517241376
2 0.2127367961588826 0.6734827586206897 0.02040157136621559 0.01513793103448279
2 0.3360497599301615 0.6728103448275863 0.021475338280226967 0.015499999999999924
2 0.7102575294631166 0.6708448275862069 0.02180270624181601 0.015258620689655231
2 0.0879703186381493 0.2853793103448276 0.019864687909209935 0.015258620689655231
2 0.46037101702313404 0.6721551724137932 0.020964644260148425 0.015086206896551744
2 0.585438673068529 0.6718275862068966 0.021475338280226967 0.015206896551724185
3 0.1935530336097774 0.9942413793103448 0.017376691401134868 0.010362068965517134
2 0.8340680925360106 0.6701724137931034 0.02131820165866429 0.015206896551724185
3 0.6896988214753383 0.9936896551724139 0.01797904845045823 0.010603448275862395
3 0.43924050632911393 0.9933333333333333 0.017721518987341773 0.013333333333333334
3 0.5658882584024444 0.9942413793103448 0.017900480139676895 0.010327586206896437
3 0.8140200785683108 0.9929310344827588 0.01697075512876485 0.010051724137930857
3 0.31674814491488434 0.9942413793103448 0.016708860759493727 0.009931034482758606
3 0.9382627673505021 0.990948275862069 0.016774334351811363 0.010155172413793328
2 0.08810126582278482 0.6741379310344828 0.020244434744652987 0.013913793103448409
3 0.3134744652989961 0.21513793103448278 0.017010039284155374 0.010396551724137927
3 0.810824967263204 0.21100000000000002 0.01707551287647301 0.008862068965517219