2 0.4628956154396484 0.32211409395973156 0.0209518618199161 0.015369127516778557
2 0.34160477634313363 0.3234060402684564 0.02165451572241346 0.01520134228187923
2 0.10283020474908869 0.7033221476510069 0.020453616325418183 0.015553691275167694
3 0.3210745068647157 0.25756711409395977 0.01695312233843213 0.010570469798657693
2 0.8274963376826902 0.3193791946308725 0.02095186181991624 0.015016778523489904
2 0.7057200286171772 0.3200335570469799 0.020926310768916535 0.014614093959731539
3 0.4423525704357306 0.25644295302013426 0.016748713930433083 0.010570469798657693
3 0.6846915136442614 0.2537080536912752 0.017004224440432057 0.010318791946308655
2 0.4646075358566416 0.702030201342282 0.021271249957414924 0.01501677852349
3 0.4438217558682247 0.6371644295302015 0.017272510475930886 0.010855704697986539
3 0.20015415800769937 0.25884228187919467 0.016608183149933595 0.010906040268456346
2 0.3433166967601268 0.7026845637583893 0.021322352059414778 0.015134228187919424
3 0.3222881817872109 0.6371644295302015 0.016493203420434033 0.010117449664429425
3 0.927260416311791 0.2524328859060403 0.016812591557932934 0.010805369127516732
3 0.6866461690457535 0.6349161073825504 0.017208632848431177 0.010318791946308655
2 0.22081218274111677 0.3245302013422819 0.020632473682417416 0.014563758389261732
2 0.5844291895206623 0.3211577181208054 0.020453616325418148 0.014899328859060385
2 0.5863838449221546 0.7013926174496644 0.020721902360917123 0.01479865771812096
2 0.7076746840186693 0.700755033557047 0.020683575784417412 0.014563758389261732
2 0.22252410315810994 0.7039597315436242 0.020479167376418073 0.014446308724832307
2 0.10105440670459578 0.32597315436241614 0.01982761557592071 0.015134228187919424
3 0.2016105679146936 0.6381208053691276 0.01674871393043301 0.010906040268456346
3 0.8064678227097742 0.2535570469798658 0.01687646918543264 0.010520134228187886
2 0.8289655231151841 0.6994630872483222 0.021399005212414484 0.014681208053691346
3 0.8079370081422683 0.6336241610738256 0.016493203420434106 0.009882550335570386
3 0.9287296017442853 0.6329865771812081 0.01695312233843206 0.01020134228187923
3 0.5634006745477464 0.25483221476510065 0.01604606002793572 0.012147651006711441
3 0.5658407999182368 0.6371644295302015 0.01754079651142986 0.012718120805369229
0 0.08356471229516574 0.9075671140939598 0.009211153885463164 0.010654362416107309