2 0.10050505910809798 0.30750000000000005 0.019942595305420197 0.014395973154362404
2 0.34307396177562777 0.6866275167785235 0.020875208666916535 0.014848993288590578
2 0.4646075358566416 0.6859731543624161 0.021156270227915365 0.01520134228187904
2 0.22239634790311044 0.6872651006711411 0.02005757503491976 0.014345637583892502
2 0.7076746840186693 0.6846979865771813 0.020479167376418 0.014228187919463077
3 0.4435790208837257 0.6204697986577181 0.016250468435934987 0.01
3 0.9267749463427929 0.23444630872483221 0.015982182400436157 0.00947986577181202
2 0.8289655231151841 0.6834060402684564 0.021156270227915365 0.014614093959731539
3 0.5653553299492385 0.6194966442953022 0.01668483630293323 0.010083892617449616
2 0.5863838449221546 0.6853355704697986 0.020760228937416976 0.014731543624160964
3 0.6866461690457535 0.6185402684563759 0.016557081047933814 0.009630872483221538
3 0.8079370081422683 0.6175671140939598 0.01562446768643762 0.009110738255033463
3 0.20136783293019453 0.6217449664429531 0.01655708104793374 0.009882550335570386
3 0.32228818178721086 0.6211073825503357 0.015739447415937 0.009194630872483268
2 0.34136204135863457 0.3046140939597316 0.021271249957414924 0.014848993288590672
2 0.7057200286171772 0.30124161073825506 0.02055582052941771 0.014446308724832211
2 0.46265288045514946 0.30348993288590603 0.021041290498415806 0.015134228187919424
2 0.22081218274111677 0.3060570469798658 0.020198105815419243 0.014228187919463077
2 0.827010867713692 0.3006040268456376 0.020926310768916535 0.014848993288590672
2 0.5844291895206623 0.3023657718120806 0.020721902360917123 0.014228187919463077
3 0.6846915136442614 0.23604026845637585 0.01593108029843645 0.009261744966442886
2 0.10228085715259089 0.6879026845637585 0.02079855551391683 0.015671140939597306
3 0.5629152045787484 0.23733221476510066 0.016557081047933814 0.01043624161073827
3 0.44186710046673255 0.23926174496644298 0.015701120839437182 0.009815436241610768
3 0.9292150717132832 0.6166107382550337 0.016557081047933814 0.009194630872483268
3 0.3208317718802167 0.24021812080536914 0.01642932579293429 0.009781879194630866
3 0.8064678227097742 0.2354026845637584 0.01570112083943704 0.009110738255033557
0 0.08375634517766499 0.9075671140939598 0.009006745477463978 0.01020134228187923
3 0.20015415800769937 0.24151006711409398 0.0161227131809355 0.010050335570469807