3 0.32571202262119714 0.9743791946308726 0.01793683780192825 0.01040268456375846
2 0.2221536129186114 0.2814932885906041 0.020721902360917123 0.015016778523489904
3 0.20136783293019453 0.21661073825503355 0.01793683780192825 0.010654362416107404
2 0.46436480087214266 0.27875838926174495 0.021513984941914047 0.015620805369127501
3 0.6900700098797397 0.9730872483221479 0.018013490954927956 0.010285234899329225
3 0.2054048989881784 0.9743791946308726 0.017668551766429275 0.010318791946308845
2 0.3428312267911287 0.27988255033557047 0.021117943651415512 0.015553691275167788
3 0.32253091677171 0.2148489932885906 0.017604674138929605 0.010318791946308727
3 0.4435790208837257 0.2137248322147651 0.018013490954927956 0.010771812080536923
3 0.44651739174871397 0.9743791946308726 0.0174130412564303 0.010352348993288843
3 0.5653553299492385 0.21276845637583894 0.017809082546928836 0.01102348993288589
3 0.8108626034817566 0.9724496644295304 0.017464143358430297 0.010167785234899232
3 0.5687791707832249 0.9737248322147652 0.017809082546928836 0.010285234899329225
3 0.6871316390147516 0.2113255033557047 0.017540796511429715 0.010906040268456346
0 0.08344973256566621 0.9069295302013423 0.009006745477463978 0.010167785234899232
2 0.7081601539876674 0.2768288590604027 0.021245698906415072 0.01468120805369125
3 0.8079370081422683 0.21052013422818794 0.017272510475930886 0.010201342281879206
2 0.5863838449221546 0.27812080536912753 0.02107961707491566 0.014395973154362404
2 0.8289655231151841 0.2761912751677853 0.021731168875413022 0.01520134228187923
3 0.5673099853507308 0.59251677852349 0.01754079651142986 0.01102348993288596
3 0.4455336762852179 0.5934899328859061 0.01766855176642942 0.010318791946308655
3 0.20345024358668623 0.5944463087248323 0.017464143358430155 0.01124161073825519
3 0.32400010220420405 0.5938087248322149 0.01760467413892957 0.010906040268456346
2 0.34478588219262085 0.6602852348993289 0.021041290498415806 0.015251677852349039
3 0.6886008244472457 0.5915604026845639 0.01821789936292708 0.010805369127516921
2 0.22410826832010358 0.6609228187919465 0.02072190236091705 0.015083892617449616
2 0.46607672128913574 0.6596476510067114 0.021271249957414924 0.015369127516778462
2 0.5878530303546486 0.659010067114094 0.020530269478418 0.014848993288590578
3 0.9326389125472695 0.9711577181208054 0.017540796511430007 0.009513422818791924
3 0.8098916635437606 0.5906040268456377 0.017604674138929424 0.010570469798657693
2 0.7096293394201616 0.6583557046979867 0.021437331788914195 0.014127516778523462
3 0.9297133172077814 0.2100335570469799 0.01713197969543147 0.010352348993288582
2 0.8309201785166764 0.6564261744966444 0.021245698906415072 0.014899328859060385
3 0.9316679726092735 0.5899496644295303 0.017604674138929424 0.01043624161073827