0 0.07558646908886679 0.9070477815699657 0.009059489350671796 0.01078498293515357
2 0.09307037629066402 0.31813993174061433 0.02023156348554891 0.015102389078498295
2 0.09505335464639046 0.7032252559726961 0.0209055169136389 0.01546075085324219
2 0.33748217911608414 0.31551194539249144 0.021631312913120548 0.0149317406143345
2 0.21493930098932906 0.3168259385665529 0.020037153842830592 0.014197952218430033
2 0.46053052231390673 0.3140443686006826 0.02113880848490073 0.015153583617747397
2 0.7073659653518815 0.3117576791808873 0.021138808484900875 0.014812286689419807
2 0.5838251177258391 0.31322525597269624 0.020425973128267084 0.0149317406143345
2 0.21654642070246685 0.7032252559726961 0.020425973128267157 0.01431740614334463
3 0.6880157255799887 0.6339931740614333 0.017056205987817038 0.010290102389078393
2 0.5858080960815656 0.7012798634812285 0.021177690413444566 0.014197952218430033
2 0.3392189052577008 0.7025767918088736 0.021423942627554333 0.014863481228669002
2 0.8309068129779237 0.3111092150170648 0.02179980127014293 0.015102389078498295
3 0.6860327472242623 0.2452901023890785 0.0166673867023804 0.010136518771331093
2 0.7093489437076077 0.6999658703071672 0.020905516913639007 0.014129692832764438
3 0.441180282542014 0.6352901023890783 0.016213764202704418 0.010051194539249195
3 0.8105715643495917 0.632679180887372 0.016926599559338062 0.009863481228668813
3 0.8098976109215017 0.24447098976109213 0.01673218991662003 0.010255972696245692
2 0.46226724845552336 0.7012798634812285 0.021177690413444566 0.01534129692832759
3 0.9326219380481272 0.24349829351535837 0.016537780273901712 0.01049488054607508
2 0.8319047824772108 0.6993174061433446 0.02200717155570929 0.014522184300341223
3 0.31788568713008164 0.6359385665529009 0.016485937702510122 0.010170648464163795
3 0.43944355640039745 0.2475767918088737 0.016421134488270633 0.010836177474402764
3 0.5649673823821662 0.6346416382252559 0.01616192163131297 0.011399317406143344
3 0.19372272864734089 0.2501877133105802 0.01648593770251005 0.010870307167235466
3 0.3166544260595325 0.2487201365187713 0.01616192163131297 0.010614334470989775
3 0.56249189959822 0.2466040955631399 0.01684883570225082 0.011569965870307139
3 0.19583531343154617 0.6362798634812287 0.016926599559338132 0.011040955631399356
3 0.9341124119756339 0.6320307167235494 0.017380222059014332 0.010170648464163795
0 0.08817125329416338 0.6042662116040955 0.009305741564781615 0.01112627986348116