3 0.20343746806118626 0.5973993288590604 0.016825367083432716 0.008590604026845578
2 0.2246831669676013 0.6616778523489933 0.020479167376418073 0.014681208053691346
0 0.08387132490716454 0.9082214765100671 0.008866214696964528 0.010050335570469996
3 0.3244933572590536 0.5954147441275168 0.01740758920111448 0.01072846483064173
2 0.3450340068519402 0.6609296350671141 0.020754614692812475 0.015023865155725579
3 0.44578100247419344 0.5950935927013423 0.017010225444109236 0.010161431843802499
3 0.6890898875327907 0.5931666841442954 0.017667403965310132 0.010527745189282693
3 0.5673131792321058 0.5941301384228188 0.017468722086807546 0.010858932597525192
3 0.8103775327479305 0.5918820784395974 0.017545138193923858 0.010477565278942886
2 0.710119600211222 0.6590027265100672 0.020953296571315207 0.014070446859270192
2 0.4665661836098525 0.6602873322147652 0.0213965099925902 0.014963649263317886
3 0.20198305433005148 0.21709836409395977 0.017331173093998023 0.010276845637583918
2 0.5878538288249924 0.6596450293624162 0.02072404824996598 0.014562209980599808
2 0.2224014381515518 0.28213152789429535 0.02017385227872789 0.014401634267512595
2 0.8314072454263619 0.6573969693791947 0.02115197844981765 0.014120626769609809
3 0.32278163645964636 0.21533203125 0.016949092558416062 0.010161431843802428
3 0.44406928167478626 0.214047425545302 0.01713249121549551 0.010688320902369975
2 0.34283322296698804 0.2802046193372484 0.02087688046419875 0.015495556312919424
3 0.9321542410486152 0.5915609270134229 0.01733117309399795 0.01020157577207423
3 0.6871336351906109 0.21179936556208054 0.01733117309399795 0.01064817697409815
3 0.5658459899754711 0.21308397126677853 0.017407589201114407 0.011069688220952164
3 0.8084212804057508 0.21083591128355705 0.017071358329802225 0.010086161978292789
2 0.8294509930841822 0.2763508022231544 0.021442359656860015 0.015023865155725673
2 0.46460993126767286 0.27924116505872487 0.02104499589985484 0.015254692743288558
2 0.7081633478690423 0.2773142565016779 0.020800464357082292 0.014622425873007595
2 0.5863866395683577 0.2782777107802014 0.020372534157230476 0.014682641765415288
3 0.9301979887064356 0.21019360843120807 0.01727004020830496 0.010608033045826346
3 0.5692694315742854 0.9737311241610739 0.01812590060800859 0.010201575772074421
3 0.2061400905571833 0.9743734270134229 0.018018918058045636 0.01004601805002115
3 0.6905570767894254 0.973088821308725 0.017804952958119583 0.009965730193477308
3 0.32571601497291597 0.9737311241610739 0.018018918058045636 0.010316989565855769
3 0.44700366018805576 0.9743734270134229 0.017545138193924004 0.009739920596948271
3 0.8113556589190203 0.972446518456376 0.01727004020830496 0.010086161978292693
3 0.9326433041341602 0.9711619127516778 0.017804952958119583 0.009775046534186154