3 0.20647478129387623 0.20046099290780142 0.017158980451452623 0.010177304964539028
3 0.7187736256615185 0.19441489361702127 0.01683497137919853 0.01147163120567375
3 0.46217194081434276 0.19648936170212764 0.017037477049357447 0.012304964539007084
3 0.5906010368290312 0.1950886524822695 0.017104978939410178 0.011914893617021296
3 0.20802732476509342 0.5996276595744681 0.016834971379198677 0.011790780141843886
3 0.33529538827087163 0.599290780141844 0.016146452100658914 0.011524822695035368
3 0.720839183497138 0.5969148936170213 0.01722648234150564 0.01125886524822704
3 0.9756183173128846 0.19219858156028372 0.018036505022140437 0.01147163120567375
3 0.46431850091802573 0.5982624113475178 0.01729398423155837 0.01187943262411352
3 0.8479722432228102 0.5962234042553191 0.01683497137919853 0.010283687943262407
3 0.5921535803002483 0.5975886524822696 0.018252511070309927 0.011418439716312226
3 0.9776973755265148 0.5952127659574468 0.01683497137919853 0.01125886524822704
2 0.3554514526406739 0.2677127659574468 0.02127659574468091 0.015815602836879446
2 0.8686413219570147 0.2622872340425532 0.021479101414839823 0.015390070921985834
2 0.2280618857328005 0.26856382978723403 0.02111459120855379 0.01593971631205676
2 0.6123096446700508 0.2643262411347518 0.021425099902797236 0.014804964539007131
2 0.7409952478669403 0.26347517730496456 0.02273463656982374 0.015336879432624073
2 0.48413705583756345 0.26686170212765953 0.021722108219030176 0.014982269503546112
2 0.2301274435684199 0.6695390070921986 0.02103358894049034 0.015567375886524815
2 0.3572605032940922 0.6688475177304964 0.022140619937358146 0.015939716312056665
2 0.7430608057025596 0.6668262411347518 0.022478129387622958 0.015691489361702223
2 0.10149584188357275 0.2704255319148936 0.020480073442056365 0.01569148936170213
2 0.48543309212657954 0.6681737588652482 0.02161410519494543 0.015514184397163148
2 0.6143752025056701 0.6678368794326242 0.022140619937358146 0.01563829787234056
3 0.2099308780645858 0.9964539007092198 0.017550491413759587 0.007092198581560372
2 0.8707068797926343 0.6661347517730496 0.021978615401231246 0.01563829787234056
3 0.7209201857652013 0.9964539007092198 0.018900529214818107 0.007092198581560372
3 0.4657630413651582 0.9964539007092198 0.01890052921481796 0.007092198581560372
3 0.5933416135651798 0.9964539007092198 0.017550491413759587 0.007092198581560372
3 0.8498487957662815 0.9955673758865248 0.017550491413759445 0.008865248226950371
3 0.3368344313640782 0.9964539007092198 0.017550491413759587 0.007092198581560372
3 0.977427367966303 0.9946808510638299 0.01620045361270107 0.01063829787234037
2 0.10163084566367858 0.6702127659574467 0.020871584404363333 0.014308510638297965
3 0.3339858516038449 0.19819148936170214 0.017536991035749013 0.010691489361702082
3 0.8467437088238472 0.19393617021276596 0.017604492925801744 0.009113475177304953