2 0.333544168790772 0.26864801087883955 0.021055349032812063 0.016066202938353247
3 0.3161789324750507 0.9756425981228669 0.018342030858480605 0.010493047408276274
3 0.19015693178381649 0.20364827751706482 0.017923404625869454 0.010829886478775612
3 0.19449824086274675 0.9756425981228669 0.018140470079815986 0.01053387638651884
2 0.45683734663239295 0.26766811540102387 0.02162902201824216 0.015759985601535884
3 0.6858103911954032 0.9743360708191124 0.01828001215735294 0.010294006139345129
2 0.21111925276493712 0.270607801834471 0.020776264877737937 0.015341488574552026
3 0.3129539600164168 0.20217843430034127 0.017520283068540216 0.010707399544048618
3 0.4359990630535274 0.200871906996587 0.018140470079815917 0.010870715457017894
3 0.8083593446234932 0.9736828071672353 0.018000928002278888 0.010135793848656174
3 0.43897596070765105 0.9756425981228669 0.01792340462586938 0.010452218430034084
3 0.5592922408951484 0.1998920115187713 0.017582301769667807 0.011391284929607509
3 0.5627652881582926 0.9756425981228669 0.018311021507916775 0.010334835117587317
3 0.6828334935412795 0.19858548421501704 0.018000928002278888 0.011044238614547765
2 0.7041679267291657 0.2657083244453925 0.021256909811476755 0.015219001639825081
0 0.07039881990646736 0.9070499146757679 0.00920202477980408 0.010615534343003597
3 0.8058785965783902 0.19760558873720135 0.01711716151121091 0.010294006139345129
2 0.5806266740830345 0.2673414835750853 0.02074525552717418 0.01475967563459894
2 0.8272130297662764 0.26489174488054607 0.0214584705901413 0.015453768264718424
3 0.1921415302198989 0.5898904116894197 0.017582301769667807 0.011125896571032474
3 0.3146904836479889 0.5892371480375426 0.017659825146077245 0.01057470536476103
2 0.2132278886032747 0.6561966723549488 0.021132872409221497 0.014933198792128906
3 0.5612768393312308 0.5879306207337884 0.017861385924741863 0.010993202391744793
2 0.3352806924223441 0.6555434087030716 0.020822778903583687 0.015106721949658777
3 0.4379836614896098 0.5889105162116041 0.017861385924741863 0.010100068492694163
3 0.6848180919773621 0.5869507252559726 0.01806294670340655 0.01078905750053328
2 0.45882194506847535 0.6548901450511945 0.021675536044087833 0.01545376826471852
2 0.5816189733010757 0.6548901450511945 0.020977825656402556 0.014249313406569968
3 0.9319005972696245 0.9723762798634812 0.01792340462586938 0.010018410536209407
3 0.8078631950144726 0.5856441979522184 0.017458264367412626 0.010493047408276463
2 0.7056563755562275 0.6532569859215016 0.021179386435067248 0.013820609135025658
3 0.9294198492245214 0.1969523250853242 0.017799367223614342 0.010911544435260226
2 0.8287014785933381 0.6519504586177474 0.022001134225007563 0.01481071185740196
3 0.9314044476606039 0.5853175661262798 0.01792340462586938 0.010375664095829696