3 0.20105895056448855 0.21484704919763517 0.017404102765245448 0.010548359638935854
2 0.2218088155897195 0.28064294763513514 0.020841950225047076 0.01495361328125
2 0.34299293854772495 0.2788646801097973 0.020811255158441722 0.015479010504645316
3 0.32212029325607255 0.21323044235641894 0.0174808404317589 0.010154311721389368
2 0.46503652337068085 0.2780563766891892 0.021870234956327006 0.015479010504645316
3 0.6887421687906262 0.20983556798986489 0.01768035836469383 0.010679708944784636
3 0.4444094386118714 0.21209881756756757 0.01787987629762869 0.010310920509132208
3 0.8100490720150532 0.2091889252533784 0.017342712632034817 0.010270505338101733
3 0.5664530234348273 0.2114521748310811 0.017480840431758828 0.011144483411634288
2 0.7098603746151214 0.2756314664273649 0.020811255158441722 0.014216036409945142
2 0.5875712292593227 0.27757139463682434 0.020765212558533624 0.014327178130278733
2 0.8316583989052344 0.27530814505912166 0.02203905782265666 0.015236519478462848
3 0.20302343482723229 0.5971745671452703 0.017143194699099817 0.01038669895481424
2 0.22377329985246325 0.6634554476351352 0.020887992824955102 0.01437769709406666
3 0.3240847775188163 0.5962046030405407 0.017480840431758828 0.01034628378378386
3 0.9328293384365378 0.20821896114864866 0.01768035836469383 0.01042711412584462
2 0.34471186227762574 0.6628088048986487 0.020412219292571865 0.01495361328125
2 0.5885534713906946 0.660545555320946 0.020765212558533624 0.014721226047825175
3 0.568417507697571 0.5949113175675677 0.01768035836469383 0.011144483411634383
3 0.6902155319876839 0.5939413534628378 0.018447735029828057 0.01101313410578541
2 0.7113337378121793 0.6602222339527027 0.020366176692663763 0.014276659166490617
2 0.8331317621022922 0.659252269847973 0.021363766357338342 0.014721226047825175
2 0.46675544710058164 0.661838840793919 0.02177814975651081 0.015357764991553988
3 0.4461283623417722 0.5958812816722973 0.017618968231483127 0.010154311721389414
3 0.8120135562777968 0.5929713893581081 0.017281322498824116 0.01038669895481424
3 0.9347938226992817 0.5923247466216217 0.01795661396414214 0.010113896550359035
3 0.3258037012487171 0.9790171030405407 0.017618968231483127 0.010230090167071543
3 0.20498791908997607 0.9790171030405407 0.017542230564969605 0.010310920509132302
3 0.44711060447314405 0.9790171030405407 0.017618968231483127 0.010113896550359035
3 0.5698908708946289 0.9790171030405407 0.018094741763866294 0.010154311721389225
3 0.6916888951847416 0.9777238175675678 0.017818486164417988 0.010270505338101733
3 0.8129957984091688 0.977077174831081 0.017618968231483127 0.010073481379328465
3 0.9347938226992817 0.9764305320945946 0.017204584832310663 0.009578395534206266