2 0.2224014381515518 0.28148922504194634 0.020525366371463318 0.015194476850880866
3 0.20161625701589275 0.21565318267617453 0.01754513819392393 0.010768608758913582
2 0.46436539972490043 0.2787594379194631 0.021488209321129832 0.015495556312919424
3 0.32571601497291597 0.9737311241610739 0.01766740396531017 0.010477565278943075
3 0.6900680137038804 0.973088821308725 0.017942501950929324 0.010086161978292693
3 0.8108665958334753 0.971804215604027 0.017545138193923858 0.009739920596948271
2 0.3430777545097605 0.2798834679110738 0.0213965099925902 0.015736419882550385
3 0.4438247501320138 0.2129233955536913 0.01780495295811973 0.0109793643823406
3 0.4467591286452833 0.9737311241610739 0.017468722086807546 0.010276845637583847
3 0.20577329324302457 0.973088821308725 0.018018918058045636 0.010397277422399232
3 0.32253710491687393 0.21388684983221481 0.0170713583298023 0.010527745189282716
3 0.5687803684887406 0.9737311241610739 0.01812590060800859 0.010276845637583847
3 0.5653569268899261 0.21179936556208057 0.017331173093998096 0.011149976077495818
3 0.6871336351906109 0.21067533557046986 0.01774382007242659 0.010808752687185409
2 0.7081633478690423 0.2766719536493289 0.021121412006971298 0.014903433370910192
2 0.5863866395683577 0.2781171350671141 0.020800464357082292 0.014451814177852308
3 0.8084212804057508 0.2095513055788591 0.01713249121549551 0.010161431843802428
2 0.8294509930841822 0.2760296507969799 0.0213965099925902 0.015194476850880866
3 0.5673131792321058 0.5925243812919464 0.017468722086807546 0.01068832090237
3 0.20357250935807245 0.5944512898489933 0.017331173093998096 0.011019508310612498
3 0.32424882571628116 0.5938089869966443 0.01766740396531017 0.010648176974098079
3 0.6890898875327907 0.5915609270134229 0.017942501950929324 0.010316989565855769
2 0.5878538288249924 0.6570758179530202 0.020128002614458074 0.014401634267512502
2 0.34478947530916776 0.6590027265100672 0.020678198585696164 0.014853253460570386
3 0.9326433041341602 0.9711619127516778 0.01788136906523604 0.009739920596948271
2 0.22435769049373153 0.6596450293624162 0.020754614692812475 0.014682641765415193
3 0.44578100247419344 0.5934878355704699 0.01788136906523604 0.009930604256239425
2 0.4663216520670801 0.6583604236577182 0.021686891199632564 0.01543534042051173
3 0.8103775327479305 0.5905974727348994 0.01694909255841595 0.010161431843802499
3 0.9301979887064356 0.20906957843959734 0.017468722086807692 0.010768608758913606
2 0.7096305371256773 0.6567546665268457 0.020372534157230476 0.013749295433095578
2 0.8309181823408169 0.6554700608221476 0.021197828114087467 0.014341418375104808
3 0.9321542410486152 0.5899551698825504 0.017667403965310132 0.010086161978292693
0 0.083568654742488 0.9075739303691277 0.008726719432692149 0.010648176974098079