3 0.2052447401391109 0.9798976109215016 0.017665356201667575 0.01052901023890816
3 0.9412796474705145 0.9766211604095562 0.01673218991662003 0.010375426621160387
3 0.3270488616235365 0.9805460750853242 0.01785976584438582 0.01078498293515357
3 0.6961809305741563 0.9785836177474403 0.017587592344580117 0.010699658703071767
3 0.8192292737719792 0.9779351535836177 0.017198773059143767 0.010494880546075365
3 0.5731325873763338 0.9798976109215016 0.017794962630146478 0.010836177474402575
3 0.10228539335551043 0.660767918088737 0.021385060699010677 0.015580204778156978
3 0.4500842441785112 0.9805460750853242 0.0173154188447747 0.010836177474402575
3 0.20139542921328896 0.20921501706484638 0.01785976584438582 0.01078498293515357
3 0.9402816779712273 0.5885836177474403 0.016848835702250965 0.010255972696245787
3 0.20313215535490559 0.5944709897610921 0.017794962630146478 0.010699658703071577
3 0.9382986996155009 0.20332764505119455 0.017056205987817038 0.010341296928327637
3 0.10079491942800362 0.27682593856655285 0.020853674342247382 0.016621160409556333
3 0.22397286905430508 0.660767918088737 0.021138808484900875 0.015273037542662186
3 0.3233161964833456 0.2074061433447099 0.017380222059014187 0.011092150170648457
3 0.8157558214887457 0.2031569965870307 0.01745798591610143 0.010699658703071673
2 0.8375815440445845 0.2691467576791809 0.02179980127014293 0.015767918088737173
3 0.3463991013954291 0.6601194539249146 0.02134617877046709 0.015392491467576784
3 0.8395645224003109 0.6565358361774744 0.02106104462781349 0.015938566552901157
3 0.8177387998444724 0.5898976109215017 0.016926599559338062 0.010255972696245787
3 0.22223614291268845 0.27535836177474404 0.020983280770726247 0.015887372013651865
2 0.7145332008467619 0.27029010238907847 0.021385060699010784 0.015580204778156978
3 0.7160236747742688 0.6581569965870306 0.020983280770726392 0.015511945392491573
3 0.4696807361645137 0.659470989761092 0.02217565991273167 0.01563139931740617
3 0.3250529226249622 0.5934982935153583 0.01725061563053521 0.010529010238907783
3 0.5701516395213203 0.20496587030716723 0.01725061563053521 0.011518771331058037
3 0.6951829610748692 0.5908703071672354 0.017198773059143767 0.010870307167235561
3 0.6931999827191428 0.2043003412969283 0.017522789130340773 0.011399317406143344
2 0.5929753315764461 0.6588225255972695 0.02170907677020779 0.015819112627986368
2 0.3446623752538126 0.27387372013651873 0.02146282455609788 0.016126279863481252
2 0.46820322287985483 0.27225255972696244 0.021877565127230315 0.016450511945392446
2 0.5909923532207197 0.2707849829351536 0.02192940769862176 0.016058020477815755
3 0.4483475180368946 0.5931569965870306 0.01699140277357755 0.01090443686006817
3 0.571642113448827 0.5918600682593856 0.0173154188447747 0.011040955631399356
3 0.44661079189527797 0.20626279863481228 0.017380222059014044 0.0112627986348123