2 0.4693323582551837 0.27650847457627115 0.02170696033726234 0.01552542372881362
3 0.32926955175083883 0.9778983050847457 0.01806762453755481 0.010101694915254408
3 0.4485804009291921 0.21049152542372881 0.01806762453755481 0.010915254237288157
3 0.20403510281338724 0.21340677966101695 0.01759012303191947 0.010423728813559307
2 0.3465628495224985 0.2778135593220339 0.020842295448679254 0.015661016949152517
3 0.3258108921965069 0.21194915254237287 0.01724167598726669 0.010508474576271187
2 0.22465800567839628 0.27959322033898304 0.020584186526714277 0.014711864406779683
3 0.45154865353179036 0.9778983050847457 0.017719177492901958 0.010152542372881422
3 0.5715951131377441 0.20952542372881353 0.017590123031919397 0.011084745762711918
3 0.2082422782414179 0.9778983050847457 0.01771917749290203 0.010152542372881422
3 0.6975780779488944 0.9772542372881355 0.017990191860965447 0.0101864406779661
3 0.6941194183945625 0.2080508474576271 0.017925664630474313 0.01091525423728811
2 0.7153617826722876 0.274728813559322 0.021139120708939196 0.014830508474576239
3 0.8196119762539791 0.9759491525423728 0.017241675987266548 0.009762711864406887
2 0.5923470704637357 0.2756949152542373 0.020816484556482797 0.014762711864406697
3 0.8166437236513808 0.20740677966101695 0.01764174481631245 0.010389830508474585
2 0.837886087929106 0.27391525423728813 0.021836014798244898 0.01535593220338986
3 0.5730792394390433 0.5924915254237287 0.017783704723393235 0.010966101694915362
3 0.20576443259055321 0.5950847457627119 0.01759012303191947 0.010796610169491601
3 0.327798330895638 0.5941186440677965 0.01784823195388466 0.01054237288135596
2 0.5938311967650348 0.6589999999999999 0.020842295448679254 0.015050847457627015
2 0.34829217929966444 0.6606271186440678 0.020661619203303786 0.01535593220338967
3 0.4505678396283231 0.593457627118644 0.017990191860965447 0.01027118644067779
3 0.6960939516475952 0.5915254237288136 0.018338638905618154 0.010830508474576277
2 0.47081648455648284 0.6599661016949152 0.021293986062118207 0.015237288135593304
2 0.22664544437752732 0.661271186440678 0.020971349909661884 0.014593220338983125
3 0.9396584358599329 0.206593220338983 0.0177191774929021 0.010677966101694948
2 0.7168459089735869 0.6580169491525424 0.02045513206573172 0.014661016949152478
3 0.8186182569044136 0.5905423728813559 0.017590123031919543 0.010677966101694854
2 0.8398606211821388 0.6570508474576271 0.02161662221457446 0.014830508474576239
3 0.9421233760646993 0.9753050847457626 0.017448163124838757 0.00945762711864404
3 0.9416329691129657 0.5895762711864407 0.018196678998537368 0.01027118644067779
3 0.5742794459261809 0.9788983050847455 0.021293986062118207 0.013542372881355883