3 0.19889240506329114 0.21032094594594597 0.015549093397194689 0.009003378378378385
3 0.564103660622648 0.2058277027027027 0.01637016763599037 0.011148648648648703
3 0.44195603831679786 0.20722972972972975 0.01599811837153613 0.011722972972972959
3 0.6880602121108451 0.5875844594594596 0.016370167635990515 0.01059121621621614
3 0.32119397878891554 0.589847972972973 0.015510605542251194 0.010979729729729684
2 0.2200350667122819 0.27657094594594595 0.020360075265138583 0.014662162162162151
2 0.4628549435511461 0.2729054054054054 0.0201034895655149 0.014054054054054082
2 0.34098956551488196 0.2746790540540541 0.020257440985289026 0.014493243243243227
2 0.8287461512145057 0.27197635135135134 0.020218953130345458 0.014611486486486455
2 0.5850410537119398 0.27244932432432434 0.02092456380431051 0.014442567567567626
2 0.7065728703386932 0.27241554054054057 0.021745638043106554 0.014831081081081075
2 0.22112555593568256 0.6554729729729731 0.020360075265138583 0.014662162162162151
2 0.5864009579199453 0.6538682432432432 0.02112983236400963 0.014493243243243227
2 0.3420672254533014 0.6551520270270271 0.021168320218953197 0.014898648648648797
2 0.4638684570646596 0.6545101351351352 0.020488368114950424 0.014273648648648798
3 0.20283099555251455 0.9707094594594595 0.016755046185425965 0.010185810810810759
2 0.7086897023605885 0.6528885135135135 0.021360759493670885 0.014543918918918925
2 0.8299905918576806 0.6522466216216217 0.021040027369141356 0.015
2 0.09896510434485119 0.2786824324324324 0.01948768388641805 0.014831081081081075
3 0.567105713308245 0.971722972972973 0.01788402326377018 0.010591216216216328
3 0.4453044816968868 0.9721621621621621 0.017409339719466385 0.010793918918919114
3 0.6885477249401302 0.9700675675675675 0.01728104686965454 0.010388513513513544
3 0.3234006158056791 0.9707094594594595 0.016498460485802283 0.010236486486486457
3 0.8098614437222034 0.9687837837837838 0.016755046185425893 0.009662162162162152
3 0.9321501881628466 0.9674831081081081 0.01649846048580221 0.010185810810810759
2 0.09914471433458777 0.6564527027027028 0.019949538145740707 0.01290540540540538
3 0.31980841601094767 0.20895270270270272 0.016318850496065733 0.009442567567567579
3 0.6861229900786863 0.20574324324324325 0.016755046185425893 0.008902027027027042
3 0.8075778309955526 0.2040033783783784 0.01690899760520016 0.008969594594594621
3 0.9298922340061583 0.20302364864864866 0.016652411905576477 0.009611486486486503
3 0.4433544303797468 0.5896621621621622 0.016113581936366687 0.01121621621621614
3 0.5650786862812179 0.5891554054054053 0.016562606910708204 0.009746621621621519
3 0.8092328087581253 0.5871114864864866 0.015844166951761864 0.009695945945946012
3 0.9312906260691071 0.5861655405405405 0.015420800547382919 0.008462837837837849
3 0.20066284639069448 0.5905574324324324 0.01593397194663021 0.010168918918918924