3 0.19367088607594937 0.21175347222222224 0.015981012658227847 0.00925347222222219
3 0.5689214135021098 0.20722222222222222 0.016824894514767885 0.011458333333333333
3 0.4434862869198313 0.20838541666666668 0.016442510548523255 0.012048611111111095
3 0.6966244725738397 0.6021701388888889 0.016824894514768027 0.010885416666666667
3 0.3195675105485233 0.6044965277777778 0.015941455696202533 0.011284722222222286
2 0.2148338607594937 0.2788368055555556 0.020925632911392406 0.015069444444444476
2 0.46418776371308024 0.27567708333333335 0.02066191983122358 0.014444444444444477
2 0.3392536919831224 0.2766840277777778 0.020820147679324847 0.014895833333333334
2 0.8404799578059071 0.27284722222222224 0.020780590717299673 0.015017361111111047
2 0.5901239451476793 0.2746875 0.02150580168776362 0.01484375
2 0.7152953586497891 0.27385416666666673 0.0223496835443038 0.015243055555555524
2 0.21671940928270048 0.6719444444444446 0.020925632911392406 0.015069444444444382
2 0.5921413502109705 0.6702951388888888 0.021716772151898735 0.014895833333333334
2 0.3410205696202532 0.6716145833333335 0.021756329113924052 0.0153125
2 0.46620516877637136 0.6709548611111112 0.02105748945147689 0.014670138888888951
3 0.19712552742616035 0.9947916666666666 0.017141350210970487 0.010416666666666666
2 0.7178270042194094 0.6692881944444444 0.021954113924050632 0.014947916666666667
2 0.8424973628691984 0.6686284722222223 0.021624472573839853 0.015416666666666667
2 0.09135021097046414 0.2808333333333333 0.020029008438818552 0.015243055555555524
3 0.5722573839662448 0.9947916666666666 0.018459915611814395 0.010416666666666666
3 0.44699367088607594 0.9947916666666666 0.018459915611814395 0.010416666666666666
3 0.6962025316455697 0.9947916666666666 0.01845991561181425 0.010416666666666666
3 0.32107067510548526 0.9947916666666666 0.017141350210970487 0.010416666666666666
3 0.8218090717299579 0.9939583333333334 0.017220464135020905 0.009930555555555429
3 0.9474947257383968 0.9926215277777779 0.016956751054852226 0.01046875
2 0.09135021097046414 0.672951388888889 0.020503691983122387 0.013263888888888952
3 0.3183676160337553 0.2101215277777778 0.016772151898734176 0.009704861111111095
3 0.694316983122363 0.20626736111111113 0.017220464135020905 0.009149305555555572
3 0.8192642405063293 0.20557291666666666 0.01737869198312246 0.00921875
3 0.9445543248945149 0.20498263888888887 0.01711497890295349 0.009878472222222238
3 0.4451213080168776 0.6043055555555555 0.01656118143459906 0.011527777777777715
3 0.5702267932489452 0.6037847222222222 0.017022679324894468 0.010017361111111048
3 0.8211629746835443 0.6016840277777779 0.016284282700421846 0.009965277777777715
3 0.9466112869198313 0.6007118055555556 0.015849156118143363 0.008697916666666666
3 0.1956882911392405 0.6052256944444445 0.016376582278481013 0.010451388888888953