3 0.1821397226068038 0.1981879340277778 0.01776135923490245 0.010394838121202241
3 0.30669007120253167 0.19685872395833337 0.01796641933264106 0.010114457872178803
3 0.6847577960179326 0.587646484375 0.017966419332640992 0.010675218370225632
3 0.43363804555643465 0.5896402994791666 0.01837653952811836 0.011059443155924479
3 0.5570526766877638 0.19420030381944445 0.017619394551852536 0.01084136962890625
3 0.4316189922863924 0.19536336263020837 0.01837653952811836 0.010716756184895834
3 0.5585669666402954 0.5883110894097223 0.018849755138284498 0.011184056599934896
3 0.18365401255933544 0.5909695095486112 0.018029514747329906 0.011017905341254276
2 0.32965680214926163 0.6580946180555556 0.02205184743374209 0.016729354858398438
3 0.8079200454905063 0.19204033745659724 0.017556299137163767 0.010114457872178803
3 0.3084567428138186 0.590304904513889 0.018108384015690905 0.010633680555555618
2 0.5807765526107596 0.6567654079861112 0.02213071670210316 0.015722062852647507
2 0.4553428682093882 0.6574300130208334 0.021799465774986863 0.01698896620008687
2 0.7059578553533756 0.656100802951389 0.021799465774986718 0.015368991427951452
3 0.6822339794303798 0.19287109375000003 0.017146178941686543 0.010192341274685313
3 0.8099390987605486 0.5869818793402778 0.01831344411342959 0.010114457872178757
2 0.2052326443829114 0.6587592230902778 0.021752144213970176 0.015784369574652714
3 0.685262559335443 0.9804280598958334 0.018376539528118505 0.01063368055555543
2 0.8311391580959916 0.6547715928819445 0.022430419921875 0.0156597561306423
3 0.3102234144251055 0.982421875 0.01776135923490245 0.010758293999565845
3 0.4354047171677215 0.982421875 0.01845540879647943 0.01063368055555543
3 0.560081256592827 0.9817572699652779 0.01837653952811836 0.01055579715304892
3 0.18605163831751056 0.9817572699652779 0.018108384015690905 0.01084136962890625
3 0.8109486253955697 0.9797634548611113 0.018376539528118505 0.00980811648898642
3 0.9331013482331224 0.19087727864583337 0.017887550064280063 0.010597334967719169
2 0.0825751582278481 0.2669745551215278 0.0149930479154305 0.01519245571560333
2 0.32789013053797467 0.26381768120659727 0.022083395141086547 0.01615820990668406
3 0.9351204015031646 0.5859849717881945 0.017887550064280063 0.010436375935872396
2 0.20333978194224683 0.26531304253472227 0.021625953384592563 0.015908983018663225
3 0.9356251648206751 0.979098849826389 0.017556299137163767 0.010275416904025482
2 0.7039388020833334 0.2599962022569445 0.022351550653514074 0.015659756130642393
2 0.5787574993407173 0.2613254123263889 0.02187833504334779 0.01578436957465281
2 0.8291201048259493 0.25933159722222227 0.021294702457476267 0.015607833862304688
2 0.45332381493934604 0.2626546223958333 0.021673274945609177 0.015659756130642393
2 0.08465730691257911 0.6600884331597223 0.014204355231820292 0.015607833862304688
0 0.06415129713871308 0.9113091362847223 0.00947219913015888 0.011672125922309155