3 0.3096912517943364 0.2423442725752508 0.016469854638359614 0.010322081780871841
3 0.18654981730392795 0.243664179136641 0.016469854638359614 0.010481914216040155
3 0.18867294548479707 0.6340265446677928 0.016844524317336518 0.010682993731252
3 0.808001924833616 0.6297368483432748 0.016532299584855824 0.010322081780871746
3 0.4355802639305755 0.6333665913870978 0.0166571894778481 0.01008491107062199
2 0.20977933740049584 0.7013417792986931 0.02037266379436906 0.013797148274531984
3 0.9313931391100091 0.6290768950625797 0.015962489448078418 0.01012100226566009
3 0.3116894900822132 0.6333665913870978 0.016969414210328864 0.010682993731252
3 0.9298944603941014 0.23722963464986377 0.016391798455239512 0.009852896245377663
3 0.8060036865457392 0.23805457625073265 0.015658070333909598 0.01008491107062199
3 0.4338318054286832 0.2410243660138606 0.017312861416057698 0.010682993731251905
3 0.5602203771368915 0.6320466848257077 0.017047470393448966 0.010559252491121692
3 0.682112912697377 0.23838455289108024 0.016906969263832654 0.010682993731251905
3 0.6836115914132845 0.6310567549046651 0.017375306362553692 0.010641746651208565
3 0.5577225792770455 0.2397044594524704 0.016844524317336518 0.010600499571165033
2 0.7035939742920526 0.30553479920180665 0.020294607611248742 0.013848707124586279
2 0.45531286702335894 0.3080096240044133 0.020762944709969925 0.014622089875400798
2 0.5792036408717212 0.3076796473640658 0.020528776160609406 0.013745589424477594
2 0.3329207718909043 0.7000218727373029 0.020606832343729578 0.014230242614988061
2 0.3309225336030275 0.3094945188859773 0.02096589078608252 0.014622089875400798
2 0.08713746248205663 0.7013417792986931 0.0204819424507373 0.014797389965585496
2 0.827484748140415 0.304544869280764 0.021122003152322866 0.014570531025346504
2 0.4570613255252512 0.6993619194566079 0.021324949228435315 0.014735519345520342
2 0.20790598900561133 0.311144402087715 0.020684888526849823 0.014343672085107605
2 0.7050926530079602 0.6980420128952176 0.020450719977489377 0.013910577744651433
2 0.581201879159598 0.6987019661759127 0.02037266379436906 0.014065254294814318
2 0.8289834268563225 0.6967221063338275 0.021449839121427592 0.014127124914879472
2 0.08513922419417982 0.3121343320087577 0.01982627051252774 0.015199548996008996