3 0.4433356870464689 0.6291356438758391 0.016612861687103915 0.010121287915530578
2 0.2224014381515518 0.6956139890939598 0.020250268385844275 0.013899835164114999
3 0.19978227044509933 0.24969523385067116 0.016490595915717714 0.010608033045826346
3 0.5653569268899261 0.6281721895973155 0.016307197258638374 0.010397277422399421
3 0.806954091149116 0.2442356596057047 0.01592511672305652 0.010005874121749135
3 0.6871336351906109 0.6275298867449666 0.01694909255841595 0.010316989565855769
3 0.20149399124450654 0.6300990981543625 0.016368330144331512 0.010477565278942886
3 0.4421130293326066 0.24712602244127518 0.01687267645129964 0.010728464830641826
3 0.8084212804057508 0.626566432466443 0.016689277794220227 0.009890460327967693
3 0.322048041831329 0.6294567953020135 0.016307197258638374 0.010397277422399421
3 0.5634006745477464 0.24600199244966447 0.017010225444109236 0.010808752687185385
3 0.9301979887064356 0.6262452810402686 0.016429463030024506 0.009775046534186154
3 0.9282417363642559 0.24343278104026847 0.01630719725863852 0.010161431843802405
2 0.4628982104682656 0.312962064807047 0.01979177174314589 0.014180842662017596
3 0.6846883197628864 0.2447173867449665 0.01675041067991351 0.010477565278942981
2 0.5844303872261779 0.31248033766778527 0.02017385227872789 0.013849655253775192
2 0.34112150216758086 0.3139255190855705 0.020372534157230476 0.014732821675755
2 0.10245871642166049 0.6956139890939598 0.020128002614458074 0.014963649263317886
3 0.32058085257469426 0.24825005243288592 0.016123798601559033 0.009930604256239518
2 0.34283322296698804 0.6949716862416108 0.02020441872157453 0.014010230966862498
2 0.7062070955268627 0.31119573196308725 0.020204418721574385 0.013960051056522692
2 0.8274947407420026 0.30975055054530204 0.020754614692812475 0.014281202482697116
2 0.5858975764828127 0.6943293833892619 0.020479516707193432 0.012815949100775962
2 0.46436539972490043 0.6943293833892619 0.020831030799928933 0.014281202482697116
2 0.22056745158075838 0.3158524276426175 0.02037253415723055 0.014732821675755
2 0.7076742847834976 0.6924024748322148 0.020097436171611575 0.013638899630348079
2 0.8289619299986373 0.6917601719798658 0.02115197844981765 0.013960051056522692
2 0.10050246407948081 0.3169764576342282 0.020128002614458074 0.015314908635696345