3 0.1834772843800997 0.24025138828397213 0.017079291206776814 0.010754096798780494
2 0.08046335743505491 0.30927768401567945 0.020260882988576714 0.01495361328125
3 0.5602030774489482 0.2362498638937282 0.01714260646611615 0.010754096798780494
3 0.43458560291977244 0.23791716572299654 0.017015975947437475 0.010972930163871979
3 0.6858205519781239 0.23524948279616728 0.016303679279870358 0.010149699885670695
3 0.30820834527852514 0.2387508166376307 0.016184963168609123 0.010472739615091485
0 0.062418508523353775 0.9253457099303136 0.009536860937982403 0.011139660346798716
3 0.18575663371631457 0.6352351916376306 0.017015975947437475 0.010931247618140294
2 0.08248944573391259 0.7032611062717771 0.02049831521109911 0.015068240282012273
3 0.3099811725400256 0.6349017312717771 0.01688934542875887 0.010592576934070053
3 0.8119445485820139 0.23474929224738678 0.01606624705734789 0.010149699885670695
3 0.6873401182022671 0.6325675087108015 0.017744101429839478 0.010795779344512273
3 0.4358519081065585 0.6342348105400697 0.016889345428758938 0.010879144435975641
2 0.20513110307414106 0.30827730291811845 0.020688260989116983 0.014432581459603662
2 0.8332184757200195 0.301941555966899 0.021543016990197523 0.014380478277439011
3 0.5627356878225201 0.6332344294425087 0.016762714910080263 0.011014612709603662
3 0.8134641148061572 0.6312336672473868 0.016952660688098208 0.010509211842606685
2 0.32998879449124513 0.3064432709059234 0.0215746746198673 0.014891089462652473
3 0.9370555010364752 0.23408237151567945 0.015757585168068855 0.010347691977896338
2 0.7070944791161294 0.3026084766986063 0.02136890002701461 0.014380478277439011
2 0.4556062690204208 0.30477596907665505 0.021368900027014467 0.0147764624618902
2 0.5809704825122393 0.30394231816202094 0.02076740506329114 0.014380478277439011
2 0.2065240387796057 0.7032611062717771 0.02034002706275087 0.014432581459603662
2 0.8347380419441628 0.6992595818815331 0.022081196694581723 0.01416164491234762
3 0.9390815893353329 0.6309002068815331 0.016620255576566982 0.010227854658917674
2 0.3320148827901028 0.7025941855400697 0.02113146780449214 0.014495105278201284
2 0.5829965708110969 0.7012603440766552 0.021099810174822507 0.013671875
2 0.7091205674149871 0.6999265026132405 0.020814891507795516 0.014057438548018315
2 0.4573790962819213 0.7019272648083624 0.021748791583050354 0.01495361328125