2 0.5844291895206623 0.30879194630872486 0.019942595305420197 0.013892617449664423
2 0.46313835042414747 0.3099161073825504 0.020926310768916243 0.014278523489932885
2 0.7062054985861753 0.30766778523489935 0.019827615575920637 0.013959731543624135
2 0.34160477634313363 0.311510067114094 0.02068357578441727 0.014563758389261732
2 0.8274963376826902 0.3066946308724832 0.02076022893741683 0.014010067114094037
2 0.22118267298061528 0.31328859060402686 0.019750962422921004 0.014010067114094037
2 0.7081601539876674 0.6911241610738256 0.02001924845842005 0.01332214765100673
2 0.4653485163356386 0.693036912751678 0.021041290498415806 0.014446308724832307
2 0.5863838449221546 0.691761744966443 0.020019248458419906 0.013422818791946345
2 0.3438149422546248 0.6936912751677853 0.02017255476441932 0.013540268456375959
2 0.8294509930841822 0.6898322147651007 0.021245698906415072 0.013590604026845768
2 0.22289459339760845 0.6943288590604028 0.019865942152420563 0.01332214765100673
3 0.4426080809457296 0.24535234899328862 0.01700422444043191 0.010352348993288654
3 0.5638861445167445 0.24439597315436246 0.01700422444043191 0.01043624161073827
3 0.5663390454127347 0.6268959731543625 0.016429325792934255 0.01040268456375846
3 0.4443200013627228 0.6278523489932887 0.016429325792934255 0.009932885906040193
2 0.1014248969440943 0.31409395973154364 0.019904268728920416 0.014848993288590672
3 0.3208317718802167 0.24647651006711413 0.016493203420433998 0.010201342281879135
3 0.6871316390147516 0.6259228187919463 0.016812591557932934 0.010570469798657693
3 0.32278642728170887 0.6281711409395974 0.016608183149933557 0.010167785234899232
3 0.6851769836132595 0.2431040268456376 0.016608183149933523 0.010234899328859133
3 0.8084224781112663 0.6246476510067115 0.01586720267093674 0.010083892617449616
2 0.10318791946308725 0.6943288590604028 0.019980921881920088 0.014681208053691346
3 0.9280652744182879 0.24127516778523495 0.015739447415937035 0.009848993288590577
3 0.8067872108472729 0.24214765100671143 0.01570112083943704 0.009630872483221538
3 0.200754607706197 0.24808724832214768 0.015982182400436085 0.010469798657718172
3 0.20251763022518995 0.6287248322147652 0.016608183149933595 0.010520134228187886
3 0.9301987871767793 0.623993288590604 0.015982182400436157 0.010050335570469807
0 0.08387132490716454 0.9082214765100671 0.008559602084965763 0.010570469798657693