3 0.19895029330040137 0.9737282229965156 0.01795527720195829 0.010749128919860596
3 0.825770740528382 0.9717247386759582 0.017015833811140947 0.01
3 0.3230362104706038 0.974390243902439 0.017677413663829203 0.011184668989547314
0 0.0723106778988224 0.9197038327526132 0.009870771402108246 0.01087108013937268
3 0.19502050897543333 0.1867595818815331 0.01728046575221629 0.010923344947735197
3 0.7001499580999426 0.9730662020905922 0.017346623737485002 0.010592334494773467
3 0.4484055925550214 0.9737282229965156 0.01728046575221622 0.010975609756097432
3 0.5745291756715035 0.9737282229965156 0.01728046575221622 0.010679442508710887
3 0.6971066907775769 0.18109756097560978 0.017015833811140947 0.010749128919860596
3 0.8222246725179729 0.18010452961672474 0.016552727914259328 0.01022648083623693
3 0.19640982666607862 0.5805749128919862 0.017346623737485148 0.010313588850174067
3 0.3194901424601949 0.18459930313588852 0.01701583381114102 0.010261324041811832
3 0.5714859083491378 0.18226480836236936 0.017677413663829203 0.011132404181184654
3 0.4451109248886341 0.18358885017421603 0.017478939708022855 0.010749128919860596
2 0.21629691703788648 0.2544599303135889 0.0207736073744101 0.015365853658536537
2 0.0917478939708023 0.2562891986062718 0.02150134521236714 0.01653310104529614
3 0.3212631764653994 0.5799128919860628 0.017015833811141093 0.010156794425087127
2 0.7188858995280729 0.249616724738676 0.021369029241829502 0.015662020905923366
2 0.8445066819565122 0.24878048780487808 0.021104397300754373 0.015592334494773468
3 0.44688395889383853 0.5789198606271777 0.017015833811141093 0.010226480836237025
2 0.2180699510430909 0.6479442508710802 0.02061482820976491 0.015540069686411091
3 0.5730075420103207 0.578240418118467 0.017148149781678657 0.010505226480836238
3 0.824249106867199 0.5759059233449477 0.016552727914259328 0.009965156794425147
3 0.6991311251268029 0.5769163763066202 0.0171481497816788 0.010348432055749299
2 0.3412825828077449 0.2529616724738676 0.021792440347549968 0.016027874564459903
2 0.7209103338772992 0.6449477351916376 0.021369029241829502 0.015069686411149709
2 0.4686631676443347 0.6466027874564461 0.021911524721033717 0.015662020905923366
1 0.9473294226613154 0.5745818815331011 0.01161734221320497 0.009843205574912871
2 0.5932783486966877 0.2504529616724739 0.021183786883076827 0.015662020905923366
2 0.46714153398315184 0.25179442508710803 0.021951219512195162 0.015958188153310193
2 0.5947867507608169 0.645609756097561 0.02097208133021652 0.015470383275261384
2 0.8465311163057381 0.6439372822299653 0.021289639659506907 0.014895470383275248
2 0.09365324394654435 0.6482752613240419 0.021911524721033828 0.016271777003484356
2 0.3430556168129493 0.6472822299651568 0.021541040003528366 0.015905923344947722
1 0.9448021876240462 0.18010452961672474 0.011048383539893125 0.010749128919860596
1 0.9483482556344551 0.9710627177700348 0.01114100471926968 0.010226480836236836
1 0.07871477087284434 0.8990418118466899 0.006404092974021958 0.009616724738676035