3 0.18522771760407147 0.21387442678343618 0.01658619339684194 0.009895528048822584
3 0.6804254208534516 0.2079957245802158 0.016273000130497133 0.011154018549805194
3 0.4323894036278219 0.21001275730096883 0.016468745921962683 0.01196427955728717
3 0.5565313845752317 0.20865082922456296 0.01653399451911772 0.011585008447402
3 0.1867284353386402 0.6019894493673067 0.016273000130497203 0.011464331276074807
3 0.30974814041498105 0.6016618970451333 0.01560746443951462 0.011205737337516829
3 0.6824220279263996 0.5993517911940144 0.01665144199399705 0.01094714339895885
3 0.9286963330288397 0.2058407750922318 0.017434425159858966 0.011154018549805194
3 0.43446430901735605 0.6006620004827086 0.016716690591152234 0.011550529255594386
3 0.8053112358084301 0.5986794469537633 0.016273000130497133 0.009998965624245756
3 0.5580321023098003 0.6000068958383615 0.017643220670755553 0.01110229976209375
3 0.9307059898212188 0.5976967899872426 0.016273000130497133 0.01094714339895885
2 0.3292313715255122 0.2792642140468227 0.020566357823306763 0.015377719546253853
2 0.8252903562573403 0.2739888977002379 0.020762103614772313 0.014963969244560877
2 0.20609421897429203 0.28009171465020855 0.020409761190134393 0.015498396717580997
2 0.5775153334203315 0.27597145122918315 0.020709904737048167 0.014395062579733192
2 0.7019052590369307 0.27514395062579733 0.021975727521858293 0.014912250456849244
2 0.45362129714211136 0.27843671344343685 0.020996998564530828 0.01456745853877178
2 0.20809082604723997 0.669965176016274 0.020331462873548173 0.015136365203599657
2 0.3309800339292705 0.6692928317760232 0.021401539866892822 0.015498396717580902
2 0.7039018661098785 0.6673275178429816 0.02172778285266874 0.015257042374926802
2 0.08375309930836487 0.28190187222011515 0.019796424376875885 0.015257042374926802
2 0.4548740702074905 0.668637727131676 0.020892600809082534 0.015084646415888024
2 0.5795119404932794 0.6683101748095025 0.021401539866892822 0.015205323587215169
3 0.18897298708077775 0.990690618211909 0.01731697768497978 0.010360997138227001
2 0.8272869633302884 0.6666551736027306 0.021244943233720524 0.015205323587215169
3 0.683413806603158 0.9901389511429851 0.017917264778807177 0.010602351480881293
3 0.43638261777371773 0.99136296245216 0.017643220670755553 0.010602351480881293
3 0.5600287093827482 0.990690618211909 0.017838966462220957 0.010326517946419245
3 0.8073078428813779 0.9893804089232147 0.016912436382617784 0.0100506844119572
3 0.31174474748792896 0.990690618211909 0.016651441993997124 0.009930007240630244
3 0.9311235808430117 0.9873978553942695 0.016716690591152092 0.010154121987380848
2 0.08388359650267518 0.6706202806606213 0.02017486624037584 0.013912353894424707
3 0.3084823176301709 0.21166775850774058 0.016951585540910894 0.010395476330034757
3 0.8041237113402061 0.20753025549081125 0.017016834138066077 0.008861152294590195