3 0.2021053201014377 0.6712064807046981 0.016811543565606574 0.01000587412174923
3 0.32253710491687393 0.670564177852349 0.016612861687103988 0.009890460327967693
0 0.08326299031402243 0.9069316275167787 0.009429747618162973 0.01068832090237
3 0.44431381321755875 0.6699218750000001 0.016811543565606647 0.010316989565855769
3 0.6871336351906109 0.6679949664429531 0.01694909255841595 0.010477565278942886
2 0.22252370392293805 0.7360790687919464 0.020280834828690843 0.014401634267512502
3 0.5658459899754711 0.6692795721476511 0.017010225444109236 0.0103571334941275
3 0.8084212804057508 0.6673526635906041 0.016490595915717787 0.010046018050020962
2 0.3430777545097605 0.7354367659395974 0.020601782478579706 0.014682641765415193
2 0.10068586273656016 0.3587261430369128 0.019272142214754442 0.014622425873007595
2 0.5863866395683577 0.7347944630872484 0.021121412006971155 0.013899835164114999
2 0.7081633478690423 0.7335098573825504 0.020555932814309744 0.013749295433095578
2 0.10282551373581916 0.7360790687919464 0.020525366371463318 0.015134260958473079
3 0.3215589787457841 0.2893574349832215 0.017270040208304922 0.010316989565855673
2 0.3416105652531258 0.3561569316275168 0.02107556234270134 0.015023865155725673
3 0.20027133353064425 0.29080261640100674 0.016490595915717714 0.010979364382340578
2 0.4628982104682656 0.35487232592281887 0.02055593281430989 0.014732821675755
2 0.46460993126767286 0.7347944630872484 0.02107556234270134 0.014732821675755
3 0.9292198625353457 0.2842190121644296 0.016429463030024506 0.01020157577207423
3 0.44260209241815146 0.2885545564177852 0.01720890732261182 0.010768608758913558
3 0.5638897376332913 0.2869487992869128 0.017010225444109236 0.010477565278942981
2 0.22081198312353081 0.3574415373322148 0.020448950264346934 0.014401634267512595
2 0.8294509930841822 0.7322252516778524 0.021243677778357284 0.013899835164114999
2 0.5844303872261779 0.35390887164429535 0.020403100600077117 0.014451814177852308
3 0.807443154234661 0.28502189072986583 0.01521444692687407 0.009890460327967693
3 0.9306870517919805 0.6673526635906041 0.016429463030024506 0.010086161978292693
3 0.6856664459339761 0.2856641935822148 0.016184931487252245 0.010086161978292789
2 0.7062070955268627 0.35294541736577184 0.020250268385844202 0.014903433370910192
2 0.8274947407420026 0.3516608116610738 0.020448950264346934 0.014793037568162788
0 0.09463370705294179 0.6175741925335572 0.0063731033335072355 0.013538539809668654
0 0.03307289115997513 0.9846502726510067 0.006755183869089189 0.008736322390153267