2 0.46369568054286825 0.31545012584905 0.021401539866892822 0.015791469847946826
2 0.33980164426464826 0.3167775747336482 0.022119274435599696 0.015619073888908049
2 0.09590238809865587 0.7071337447850221 0.020892600809082573 0.015981105402889294
3 0.31883074513897947 0.2491294004068544 0.01731697768497978 0.010860945419439366
2 0.8361216233850972 0.3126400717167189 0.021401539866892964 0.01542943833396539
2 0.7117316977684978 0.31331241595696996 0.02137544042803089 0.015015688032272512
3 0.44271173169776845 0.24797434748129502 0.017108182174083334 0.010860945419439366
3 0.6902518595850189 0.24516429334896386 0.017369176562703925 0.010602351480881293
2 0.46544434294662657 0.705806295900424 0.021727782852668596 0.015429438333965581
3 0.4442124494323371 0.6391580181360548 0.017643220670755553 0.011154018549805194
3 0.19531515072425937 0.25043960969554874 0.01696463526034193 0.011205737337516829
2 0.34155030666840663 0.7064786401406751 0.021779981730392885 0.015550115505292537
3 0.32007046848492754 0.6391580181360548 0.016847187785462674 0.010395476330034757
3 0.9380268824220278 0.24385408406026957 0.01717343077123852 0.011102299762093561
3 0.6922484666579668 0.6368479122849361 0.017577972073600512 0.010602351480881293
2 0.21641654704423854 0.3179326276592076 0.021075296881117048 0.014963969244560877
2 0.5878376614902778 0.31446746888252936 0.020892600809082534 0.015308761162638341
2 0.5898342685632258 0.7051511912560768 0.021166644917134304 0.015205323587215169
2 0.7137283048414457 0.7044960866117297 0.02112749575884134 0.014963969244560877
2 0.21816520944799683 0.7077888494293694 0.020918700247944608 0.014843292073233733
2 0.09408847709774237 0.3194152329069406 0.020253164556962026 0.015550115505292537
3 0.1968028187393971 0.6401406751025754 0.017108182174083265 0.011205737337516829
3 0.8146417852016181 0.24500913698582902 0.01723867936839356 0.010809226631727733
2 0.8376223411196658 0.7031686377271316 0.021858280046979105 0.015084646415888024
3 0.8161425029361867 0.6355204634003379 0.016847187785462747 0.010154121987380657
3 0.9395276001565965 0.6348653587559907 0.01731697768497978 0.010481674309554337
3 0.5663578233067988 0.24631934627452332 0.016390447605376463 0.012481467434403317
3 0.568850319718126 0.6391580181360548 0.017917264778807323 0.01306761369513507
0 0.07622341119665926 0.9169913457228561 0.009408847709774248 0.01094714339895847