2 0.08127365261646874 0.2755059821397786 0.01995302101004829 0.014963969244560877
3 0.30689025185958496 0.5940937144433334 0.01620775153334202 0.01110229976209375
3 0.5539214406890252 0.20241009550736128 0.01632519900822128 0.011550529255594244
3 0.4317760668145635 0.5934386097989862 0.016912436382617784 0.01127469572113215
3 0.18411849145243375 0.5947660586835843 0.01620775153334202 0.01151605006378644
3 0.18274827091217538 0.20654759852429058 0.015476967245204254 0.011688446022825172
3 0.6798120840401931 0.592111160914388 0.017108182174083192 0.010688549460400681
3 0.9285919352733916 0.9798469123883736 0.016716690591152092 0.0100506844119572
3 0.4297794597416155 0.20373754439195946 0.016038105180738615 0.011809123194152364
3 0.6773065379094348 0.2015998344998793 0.016390447605376317 0.011240216529324583
3 0.6808038627169515 0.9824845705616659 0.017643220670755553 0.010205840775092291
3 0.8051937883335507 0.9811571216770677 0.01731697768497978 0.009964486432438
3 0.5554221584235939 0.5924559528324655 0.017643220670755553 0.01127469572113215
3 0.5569228761581625 0.983139675206013 0.017369176562703783 0.010688549460400872
3 0.43352472921832175 0.9837947798503601 0.01804776197311769 0.01086094541943927
3 0.3091348036017225 0.9837947798503601 0.01678193918830749 0.010447195117746201
0 0.06566618817695417 0.9197841602592833 0.009447996868067358 0.010981622590766226
3 0.1861150985253817 0.983139675206013 0.016912436382617715 0.010395476330034757
3 0.9280960459350124 0.5898182946591731 0.016781939188307417 0.011326414508843974
2 0.08145634868850318 0.6630693376547253 0.019900822132324143 0.014274385408405952
2 0.45101135325590497 0.27221321932213904 0.020892600809082534 0.014343343792021464
2 0.8226804123711339 0.2677481639830362 0.020409761190134466 0.014791573285522195
2 0.698786376092914 0.2689032169085956 0.021819130888685853 0.014670896114195048
2 0.3266214276393058 0.2728683239664862 0.020135717082082696 0.015136365203599561
2 0.2033537778937753 0.273695824569872 0.020605506981599943 0.015084646415888024
2 0.3281221453738744 0.6620694410923007 0.021323241550306744 0.015377719546253757
2 0.574905389534125 0.27055821811536734 0.020527208665013653 0.014222666620694414
2 0.452264126321284 0.6607592318036064 0.020918700247944608 0.014791573285522289
2 0.2053503849667232 0.6623969934144743 0.020996998564530828 0.015308761162638245
2 0.7012919222236721 0.6597593352411819 0.021610335377789266 0.015136365203599657
2 0.8246770194440819 0.6587766782746611 0.021166644917134304 0.015550115505292537
2 0.5769019966070729 0.6604316794814328 0.021127495758841194 0.014670896114195144
3 0.8038888163904475 0.5916974106126952 0.01632519900822128 0.009119746233148174
3 0.8018139110009134 0.20118608419818637 0.01633824872765246 0.00872323552735922
3 0.9256687981208404 0.19985863531358825 0.016155552655617945 0.008430162396993391
3 0.30583322458567136 0.20561666034548148 0.015894558266997285 0.007688859773126926