3 0.19807174735120772 0.21790268456375841 0.01713197969543147 0.010050335570469807
3 0.5609605491772561 0.2137248322147651 0.01766855176642942 0.010654362416107404
3 0.31886434095322463 0.21677852348993287 0.017272510475930924 0.01
3 0.44186710046673255 0.5957382550335572 0.01815402173542737 0.010721476510067116
3 0.6851769836132595 0.5941275167785236 0.017604674138929424 0.01020134228187923
3 0.5629152045787484 0.5947651006711411 0.0184606343474262 0.010973154362415964
2 0.3411193063741355 0.6615771812080538 0.021565087043913755 0.015788590604026733
3 0.1996559125132014 0.597013422818792 0.017208632848431177 0.01060402684563769
3 0.4399124450652404 0.21516778523489938 0.017745204919428985 0.010520134228187908
3 0.3205762613702177 0.5963758389261745 0.017464143358430155 0.010050335570469807
2 0.46265288045514946 0.6609228187919465 0.021117943651415512 0.015620805369127501
3 0.8045131673082822 0.21179530201342284 0.017540796511429715 0.010117449664429519
3 0.8064678227097742 0.5931711409395973 0.017540796511429715 0.009848993288590577
2 0.5844291895206623 0.6602852348993289 0.021616189145913463 0.014899328859060385
2 0.7057200286171772 0.6596476510067114 0.021437331788914195 0.014966442953020001
2 0.22032671277211874 0.6622147651006712 0.021117943651415585 0.015738255033557115
3 0.3222881817872109 0.97501677852349 0.017272510475930924 0.010167785234899232
3 0.6827368582427691 0.21276845637583894 0.01668483630293323 0.009731543624161081
3 0.6861606990767555 0.9743791946308726 0.017604674138929424 0.010167785234899232
3 0.9257912308792968 0.21083892617449665 0.017668551766429133 0.010520134228187933
3 0.4433362858992267 0.97501677852349 0.017885735699928396 0.010318791946308845
3 0.2019810581541921 0.97501677852349 0.01760467413892957 0.010436241610738459
3 0.5643843900112425 0.9743791946308726 0.01793683780192825 0.01020134228187923
2 0.827010867713692 0.6583557046979867 0.02161618914591361 0.01520134228187904
3 0.8074387626477703 0.9724496644295304 0.018051817531427955 0.009882550335570764
3 0.9277586618062891 0.5921979865771813 0.017745204919429127 0.010318791946308655
1 0.10160375430109359 0.28486577181208056 0.014257486457942966 0.014848993288590672
2 0.3394073859571424 0.2814932885906041 0.021399005212414342 0.01573825503355702
3 0.9282441317752872 0.9718120805369129 0.01687646918543264 0.01
2 0.2184870371001261 0.2830872483221477 0.02107961707491566 0.015369127516778557
2 0.8250434367866998 0.2769966442953021 0.02076022893741683 0.015134228187919424
2 0.7037653732156851 0.27795302013422823 0.0215139849419139 0.015251677852348943
2 0.5819890641501722 0.27939597315436243 0.021322352059414778 0.01531879194630875
2 0.46094096003815627 0.28068791946308724 0.02107961707491566 0.015016778523489904
1 0.10318791946308725 0.6628523489932886 0.014257486457942966 0.015369127516778462
0 0.08375634517766499 0.9075671140939598 0.009096174155963612 0.01040268456375846