2 0.46460993126767286 0.7071754404362417 0.021686891199632564 0.015615988097734809
2 0.22276823546571053 0.7078177432885907 0.02037253415723055 0.014341418375104808
2 0.7081633478690423 0.7052485318791947 0.020922730128468566 0.014401634267512502
2 0.343322286052533 0.7078177432885907 0.021365943549743704 0.014853253460570386
2 0.5863866395683577 0.7065331375838927 0.021121412006971155 0.014732821675755
2 0.8289619299986373 0.7039639261744968 0.02194670596382829 0.014622425873007501
0 0.08387431917095357 0.9075739303691277 0.008864268425501644 0.010316989565855769
2 0.10068586273656016 0.3291802118288591 0.02005158650734169 0.014963649263317981
2 0.4631427420110381 0.32484466757550334 0.021151978449817796 0.015084081048133366
3 0.5653569268899261 0.6406970952181209 0.016490595915717787 0.01072846483064173
3 0.4438247501320138 0.6413393980704699 0.016949092558416097 0.010567889117554614
2 0.3418550967958982 0.3262898489932886 0.021518775763976473 0.014903433370910192
3 0.3222925733741015 0.6416605494966443 0.01649059591571775 0.01072846483064173
2 0.5849194503117229 0.3238812132969799 0.02099914623558488 0.014903433370910192
3 0.686644572105066 0.6397336409395974 0.016872676451299785 0.010608033045826346
2 0.10300891239289853 0.7078177432885907 0.020922730128468566 0.01543534042051173
2 0.7062070955268627 0.3225966075922819 0.020831030799928933 0.014963649263317981
3 0.9277526732787109 0.2559576866610738 0.01675041067991351 0.010527745189282693
2 0.22117878043768954 0.3274138789848994 0.020250268385844275 0.014562209980599808
3 0.5634006745477464 0.2583663223573826 0.01713249121549551 0.011109832149224038
3 0.806465028063571 0.2567605652265101 0.016490595915717787 0.009890460327967693
3 0.20027133353064425 0.2623807151845638 0.017132491215495437 0.011109832149224038
3 0.8079322173202059 0.6384490352348994 0.01713249121549551 0.009775046534186154
2 0.8279838038275475 0.3219543047399329 0.021488209321129832 0.015084081048133366
3 0.20161625701589275 0.6426240037751679 0.017132491215495437 0.01068832090237
3 0.9292198625353457 0.6378067323825504 0.01733117309399795 0.010086161978292693
3 0.32082538411746675 0.2614172609060403 0.01655172880141085 0.0103571334941275
3 0.6851773828484312 0.25724229236577184 0.017071358329802225 0.010121287915530578
3 0.4423575608753791 0.25965092806208057 0.017132491215495364 0.01093922045406875