3 0.32571601497291597 0.9737311241610739 0.018217599936548222 0.010477565278943075
3 0.20186078855866524 0.21581375838926178 0.01760627107961707 0.010316989565855698
2 0.22252370392293805 0.28116807361577184 0.020403100600077044 0.014622425873007595
3 0.4467591286452833 0.9737311241610739 0.017545138193924004 0.010397277422399232
3 0.32253710491687393 0.2145291526845638 0.01754513819392393 0.010437421350671154
2 0.3430777545097605 0.2794017407718121 0.02132009388547374 0.015615988097734904
3 0.20577329324302457 0.9737311241610739 0.01754513819392393 0.01035713349412769
3 0.4438247501320138 0.2132445469798658 0.01774382007242659 0.010567889117554543
2 0.46460993126767286 0.2782777107802014 0.021686891199632564 0.015495556312919424
3 0.5653569268899261 0.2122810927013423 0.017468722086807546 0.011069688220952188
3 0.5687803684887406 0.973088821308725 0.01804948450089213 0.010477565278943075
3 0.6900680137038804 0.973088821308725 0.017942501950929324 0.010241719700345963
3 0.6871336351906109 0.21115706270973159 0.017468722086807692 0.010808752687185409
2 0.7081633478690423 0.2763508022231544 0.021121412006971298 0.014732821675755
3 0.8113556589190203 0.971804215604027 0.01733117309399795 0.010086161978292693
3 0.8084212804057508 0.21019360843120807 0.017468722086807692 0.010316989565855698
2 0.5868757026539025 0.27795655935402686 0.020953296571315064 0.014451814177852308
3 0.5673131792321058 0.5934878355704699 0.017468722086807546 0.010768608758913653
3 0.3240042941735087 0.5947724412751679 0.017468722086807546 0.01068832090237
2 0.8294509930841822 0.27554792365771813 0.02194670596382829 0.015084081048133366
3 0.44578100247419344 0.5944512898489933 0.017468722086807546 0.010241719700346152
3 0.20357250935807245 0.5954147441275168 0.01780495295811973 0.010768608758913653
2 0.34478947530916776 0.6602873322147652 0.02104499589985484 0.014853253460570386
3 0.6890898875327907 0.5925243812919464 0.01815646705085523 0.01068832090237
2 0.4663216520670801 0.6596450293624162 0.021442359656860015 0.015314908635696345
2 0.5878538288249924 0.6590027265100672 0.020479516707193432 0.014732821675755
2 0.22460222203650396 0.6609296350671141 0.020754614692812475 0.014682641765415193
2 0.7096305371256773 0.6583604236577182 0.020800464357082292 0.013799475343435385
3 0.8103775327479305 0.5915609270134229 0.01774382007242659 0.010437421350671154
3 0.9301979887064356 0.2095513055788591 0.017606271079617142 0.010899076525796995
3 0.9326433041341602 0.9711619127516778 0.017667403965310132 0.009930604256239425
2 0.8309181823408169 0.6567546665268457 0.021274244221203924 0.014281202482697116
3 0.9321542410486152 0.5912397755872484 0.01774382007242659 0.010477565278942886