3 0.32128511356792566 0.9772510593220338 0.01826391586859029 0.010503012447034053
2 0.46134449206315065 0.27586069915254235 0.02183024263582987 0.015653138241525446
3 0.19579981502193927 0.21259931144067792 0.01778531790415555 0.010421908103813564
3 0.44034793620407814 0.20984176377118643 0.01798602027633789 0.010797015691207624
2 0.3385763948636324 0.2769961599576271 0.02136708331540906 0.01577479475635594
2 0.21667286172889957 0.2784560381355932 0.021135503655198725 0.015470653469279701
3 0.19975210788952938 0.9772510593220338 0.018202161292534224 0.010503012447034053
3 0.4433121558547707 0.9778998940677966 0.01798602027633789 0.010148180945445043
3 0.3178268573087843 0.21113943326271184 0.01750742231190315 0.010421908103813564
3 0.5633630517078208 0.208544094279661 0.017723563328099413 0.011050466763771189
3 0.6893423868622558 0.9766022245762711 0.01844917959675856 0.010421908103813469
3 0.566821307966962 0.9772510593220338 0.018402863664716492 0.010421908103813469
3 0.6863781672115632 0.20757084216101693 0.018063213496408097 0.010969362420550842
2 0.7076217413748601 0.2739141949152542 0.021166380943226867 0.014710300251589009
3 0.8113694291491008 0.9759533898305085 0.01784707248021169 0.00987445378707624
3 0.8084052094984083 0.2064353813559322 0.017584615531973213 0.01022421626721396
2 0.5846066258711176 0.27521186440677964 0.021259012807311 0.01465961003707624
2 0.8296487836617052 0.27326536016949154 0.021660417551675675 0.015115821967690693
3 0.319555985438355 0.5937897245762712 0.017723563328099413 0.010264768438824111
3 0.5653391981416157 0.5924920550847458 0.01784707248021169 0.010797015691207624
3 0.1977759614557343 0.5947629766949153 0.01792426570028175 0.010584116790254257
2 0.5855946990880151 0.6576999470338983 0.021413399247451125 0.014882646980932274
2 0.46307362019272136 0.6589976165254237 0.022077260940054133 0.015531481726694855
3 0.44232408263787315 0.5934653072033899 0.018202161292534155 0.010107628773834752
3 0.6878602770369094 0.5915188029661017 0.018402863664716492 0.010634807004767027
2 0.3403055229932031 0.659322033898305 0.020934801283016388 0.01500430349576277
2 0.7091038512002065 0.6570511122881355 0.020811292130904255 0.014264226363877128
2 0.21864900816269464 0.6599708686440677 0.02121269687526886 0.014598781779660992
3 0.9314203250021509 0.20594875529661014 0.017646370108029205 0.010797015691207624
3 0.8103813559322034 0.5905455508474576 0.017785317904155697 0.010305320610434402
3 0.9338905080443947 0.974655720338983 0.017646370108029205 0.009838970636917186
2 0.8316249300955003 0.6560778601694914 0.021706733483717742 0.014831956766419505
3 0.9338905080443947 0.5898967161016948 0.01784707248021169 0.010148180945444854
0 0.07636646492945022 0.9104210805084745 0.009301783018449415 0.011050466763771282