3 0.20166139240506328 0.21190972222222224 0.016758966244725716 0.009965277777777809
3 0.7020174050632911 0.20598958333333336 0.01644251054852311 0.011232638888888905
3 0.45139767932489455 0.20802083333333332 0.01664029535864984 0.012048611111111142
3 0.5768328059071731 0.20664930555555558 0.016706223628691935 0.011666666666666667
3 0.20317774261603377 0.6027604166666667 0.016442510548523255 0.011545138888888763
3 0.32747890295358656 0.6024305555555556 0.015770042194092875 0.011284722222222286
3 0.7040348101265824 0.6001041666666668 0.016824894514768027 0.011024305555555619
3 0.9528744725738397 0.20381944444444447 0.01761603375527407 0.011232638888888905
3 0.4534941983122363 0.6014236111111111 0.016890822784810126 0.011631944444444571
3 0.8282041139240508 0.5994270833333334 0.01644251054852311 0.010069444444444381
3 0.5783491561181435 0.600763888888889 0.01782700421940933 0.011180555555555619
3 0.9549050632911393 0.5984375 0.01644251054852311 0.011024305555555619
2 0.34716508438818566 0.27776041666666673 0.02078059071729953 0.015486111111111143
2 0.8483913502109705 0.27244791666666673 0.020978375527426256 0.015069444444444476
2 0.222745253164557 0.27859375 0.020622362869198264 0.015607638888888952
2 0.5980353375527426 0.2744444444444445 0.020925632911392406 0.01449652777777781
2 0.7237209915611815 0.27361111111111114 0.022204641350210778 0.015017361111111047
2 0.4728507383966245 0.2769270833333333 0.021215717299578156 0.014670138888888858
2 0.22476265822784813 0.6712152777777778 0.02054324894514763 0.01524305555555543
2 0.34893196202531646 0.6705381944444446 0.021624472573839565 0.015607638888888952
2 0.7257383966244726 0.6685590277777778 0.021954113924050632 0.015364583333333333
2 0.09912974683544305 0.2804166666666667 0.020002637130801665 0.015364583333333333
2 0.47411656118143464 0.6698784722222223 0.021110232067510597 0.015190972222222286
2 0.6000527426160338 0.6695486111111112 0.021624472573839565 0.0153125
3 0.20544567510548525 0.994201388888889 0.017497362869198264 0.010434027777777905
2 0.8504087552742617 0.6678819444444445 0.0214662447257383 0.0153125
3 0.7050369198312237 0.9936458333333336 0.018103902953586402 0.010677083333333334
3 0.4544303797468354 0.9933333333333333 0.017721518987341773 0.013333333333333334
3 0.5803665611814346 0.994201388888889 0.01802478902953577 0.010399305555555429
3 0.8302215189873418 0.9928819444444443 0.01708860759493671 0.010121527777777525
3 0.3294963080168776 0.994201388888889 0.016824894514767885 0.01
3 0.9553270042194093 0.9908854166666666 0.016890822784810126 0.01022569444444457
2 0.09926160337552743 0.6718750000000001 0.020385021097046437 0.014010416666666666
3 0.32619989451476794 0.20968750000000003 0.017128164556962026 0.010468749999999952
3 0.8270042194092827 0.20552083333333335 0.017194092827004123 0.008923611111111096