3 0.19219877103927327 0.19819298245614034 0.016190221747261552 0.009350877192982427
3 0.5723617419182474 0.1936140350877193 0.017045150948437046 0.01157894736842105
3 0.4452845311247662 0.1947894736842105 0.016657761154154398 0.012175438596491214
3 0.7017365749398878 0.5927192982456141 0.017045150948437192 0.011000000000000038
3 0.31974352123964733 0.5950701754385964 0.016150146940956456 0.011403508771929865
2 0.21363879241250333 0.2659824561403509 0.021199572535399443 0.015228070175438594
2 0.4662570130911034 0.26278947368421046 0.020932407160032012 0.014596491228070173
2 0.33968741651082024 0.2638070175438596 0.0210927063852524 0.015052631578947361
2 0.8474752872027784 0.2599298245614035 0.021052631578947448 0.015175438596491233
2 0.5938418380977825 0.2617894736842105 0.021787336361207506 0.015
2 0.7206518835158964 0.26094736842105265 0.022642265562383145 0.015403508771929732
2 0.21554902484637992 0.6632280701754386 0.021199572535399443 0.015228070175438499
2 0.5958856532193427 0.6615614035087719 0.022001068661501453 0.015052631578947361
2 0.3414774245257814 0.6628947368421053 0.02204114346780655 0.015473684210526433
2 0.4683008282126636 0.6622280701754386 0.021333155223083124 0.014824561403508862
3 0.19650013358268767 0.9906315789473683 0.01744589901148809 0.010578947368420966
2 0.7232166711194229 0.6605438596491228 0.02224151749933218 0.01510526315789472
2 0.8495191023243388 0.6598771929824562 0.02190756078012294 0.015578947368420965
2 0.08853860539674059 0.26799999999999996 0.020291210259150427 0.015403508771929732
3 0.5764493721613678 0.9906315789473683 0.01862142666310457 0.010999999999999848
3 0.4496259684744856 0.991315789473684 0.01812717071867495 0.011210526315789669
3 0.7022441891530857 0.9899649122807017 0.017993588030991343 0.010789473684210786
3 0.32204114346780655 0.9906315789473683 0.0171787336361208 0.010631578947368325
3 0.8285599786267699 0.9886315789473682 0.01744589901148816 0.010035087719298114
3 0.9558909965268502 0.987280701754386 0.017178733636120654 0.010578947368420966
2 0.08853860539674059 0.6642456140350878 0.02077210793481166 0.01340350877192975
3 0.31852791878172587 0.1965438596491228 0.016991717873363635 0.009807017543859663
3 0.6993988779054234 0.19264912280701754 0.01744589901148816 0.009245614035087755
3 0.825981832754475 0.19194736842105262 0.01760619823670855 0.00931578947368422
3 0.952912102591504 0.19135087719298244 0.017339032861341332 0.009982456140350896
3 0.4469409564520438 0.594877192982456 0.016777985573069688 0.01164912280701761
3 0.5736842105263157 0.5943508771929823 0.017245524979962533 0.010122807017543778
3 0.8279054234571198 0.5922280701754385 0.01649746192893401 0.010070175438596417
3 0.9549959925193694 0.5912456140350877 0.016056639059577944 0.00878947368421052
3 0.19424258616083354 0.5958070175438597 0.016590969810312592 0.010561403508771909