3 0.1815923056371894 0.19835087719298244 0.016978359604595244 0.010070175438596512
3 0.6884985305904354 0.19236842105263158 0.016657761154154398 0.011350877192982457
3 0.4345979161100721 0.1944210526315789 0.01685813518567988 0.012175438596491214
3 0.5616751269035534 0.19303508771929823 0.016924926529521756 0.011789473684210539
3 0.18312850654555168 0.5933157894736841 0.01665776115415447 0.011666666666666667
3 0.30905690622495324 0.5929824561403508 0.01597648944696775 0.011403508771929865
3 0.6905423457119958 0.5906315789473684 0.017045150948437192 0.011140350877193061
3 0.9426395939086294 0.19017543859649122 0.01784664707453913 0.011350877192982457
3 0.43672188084424257 0.5919649122807018 0.01711194229227878 0.01175438596491233
3 0.8163371627037136 0.5899473684210526 0.016657761154154398 0.010175438596491138
3 0.5632113278119155 0.5912982456140351 0.01806037937483293 0.011298245614035144
3 0.944696767298958 0.5889473684210526 0.016657761154154398 0.011140350877193061
2 0.32900080149612615 0.2648947368421053 0.021052631578947302 0.015649122807017572
2 0.8367886721880843 0.25952631578947366 0.02125300561047293 0.015228070175438594
2 0.20295217739780924 0.26573684210526316 0.020892332353726915 0.015771929824561444
2 0.5831552230830884 0.2615438596491228 0.021199572535399374 0.014649122807017629
2 0.7104862409831685 0.2607017543859649 0.02249532460593093 0.015175438596491233
2 0.45633181939620626 0.2640526315789473 0.02149345444830351 0.014824561403508766
2 0.2049959925193695 0.6624912280701754 0.020812182741116722 0.015403508771929827
2 0.3307908095110873 0.6618070175438597 0.021907560780122796 0.01577192982456135
2 0.7125300561047287 0.6598070175438596 0.02224151749933218 0.015526315789473794
2 0.0777184076943628 0.267578947368421 0.02026449372161365 0.015526315789473699
2 0.4576142131979695 0.6611403508771929 0.02138658829815654 0.015350877192982466
2 0.5851990382046486 0.6608070175438596 0.021907560780122796 0.015473684210526433
3 0.18542612877371092 0.988877192982456 0.01772642265562384 0.01054385964912285
2 0.8388324873096447 0.6591228070175439 0.021747261554902555 0.015473684210526433
3 0.6915575741383916 0.9883157894736843 0.018340903018968752 0.010789473684210786
3 0.43868554635319257 0.9895614035087719 0.01806037937483293 0.010789473684210786
3 0.5652551429334758 0.988877192982456 0.018260753406358413 0.010508771929824736
3 0.8183809778252739 0.9875438596491227 0.017312316323804408 0.010228070175438309
3 0.31110072134651345 0.988877192982456 0.017045150948437046 0.010105263157894721
3 0.9451242318995456 0.9855263157894736 0.017111942292278925 0.01033333333333341
2 0.07785199038204649 0.6631578947368421 0.020651883515896353 0.014157894736842232
3 0.30776115415442157 0.19610526315789473 0.017352391130109578 0.010578947368421012
3 0.8151215602457922 0.19189473684210523 0.017419182473951238 0.009017543859649113