2 0.09889443345091627 0.7208474576271187 0.020222834035963165 0.015118644067796557
2 0.34190398348102896 0.7202033898305085 0.020377699389142214 0.01403389830508464
2 0.4646605867676159 0.7195593220338984 0.021048782586251317 0.014220338983050737
2 0.22011528865181104 0.7208474576271187 0.020300266712552705 0.013983050847457624
3 0.19949238578680206 0.6546779661016949 0.016531876451862687 0.01045762711864408
2 0.8327239094898047 0.7163220338983051 0.021216553385528848 0.013881355932203404
2 0.5876882044222661 0.7182542372881355 0.019874386991310347 0.013508474576271207
2 0.7101996042329862 0.7176101694915253 0.020106685021078725 0.013677966101694968
3 0.32064871375720555 0.6540338983050847 0.017048094295792852 0.01045762711864408
2 0.34017465370386296 0.3347966101694915 0.02068743009550024 0.01442372881355927
2 0.2182698098597608 0.33642372881355936 0.020300266712552705 0.014542372881355922
2 0.09691990019788349 0.33771186440677964 0.019951819667899853 0.01511864406779665
3 0.4436763314118558 0.6533728813559322 0.016777079927729508 0.010033898305084676
2 0.46293125699044996 0.3335084745762712 0.02048094295792832 0.014491525423728812
3 0.9344962574206315 0.6498135593220338 0.016286672975995724 0.010067796610169542
3 0.6889572399552611 0.6517627118644068 0.017241675987266548 0.01045762711864408
2 0.5857007657231351 0.3331694915254237 0.020145401359373694 0.013677966101694873
3 0.5669362470962747 0.652728813559322 0.016777079927729508 0.01045762711864408
2 0.8312397831885056 0.3302542372881355 0.02116493160113565 0.01442372881355927
3 0.19738879807278667 0.2699152542372881 0.016660930912845248 0.01054237288135596
2 0.7087154779316871 0.3308983050847457 0.020222834035963345 0.013677966101694873
3 0.811971952163813 0.650457627118644 0.016660930912845463 0.01010169491525422
3 0.5649617138432418 0.2663389830508474 0.016725458143336598 0.010677966101694948
3 0.31893228942613777 0.26845762711864407 0.01635120020648715 0.010220338983050775
3 0.4421922051105566 0.2678135593220339 0.016919039834810294 0.01076271186440683
3 0.6874731136539619 0.26505084745762714 0.016854512604318868 0.01045762711864408
3 0.9330121311193323 0.263593220338983 0.016028564054030896 0.009983050847457568
3 0.8099974189107804 0.26440677966101694 0.015783360578164003 0.010067796610169448
0 0.07969112965671513 0.9181016949152542 0.008917663253893145 0.010338983050847144