0 0.06883472122536866 0.9187223088990794 0.009593104905471089 0.0102808347008285
3 0.3084984258775936 0.208777567191325 0.017437751309049974 0.010724240811295388
3 0.18498232170820825 0.20976749711236764 0.017703142331658636 0.010399420055953283
3 0.5565297533603026 0.20547780078784952 0.017578252438666286 0.011105776301697219
3 0.43238919972595585 0.2069626956694135 0.01778119851477874 0.010858293821436556
3 0.6829183250685109 0.5973250612005654 0.017921699644395193 0.010523161296083591
2 0.3312283864021923 0.6666201556735509 0.02190256498352474 0.01616885537702993
3 0.43438743801383267 0.5986449677619555 0.018546149109356577 0.010858293821436603
3 0.18698055999608507 0.6002948509636934 0.0176406973851625 0.010724240811295437
3 0.8048108606289964 0.2034979409457642 0.01764069738516257 0.01036332886091523
3 0.5580284320762102 0.5979850144812605 0.018858373841837413 0.011157335151751513
3 0.8068090989168732 0.5963351312795228 0.018265146850123953 0.010043663990578553
3 0.3099971045935012 0.5996348976829982 0.017109915339945176 0.010007572795540452
2 0.20808695191178386 0.667280108954246 0.021324949228435315 0.01585950227670416
2 0.45536894003653916 0.6659602023928558 0.021652785197540186 0.016106984756964777
2 0.5800090532428552 0.6653002491121608 0.022027454876517017 0.015199548996008996
2 0.7038998270912175 0.6639803425507705 0.021902564983524594 0.015086119525889547
3 0.6834178846404801 0.9866974968106745 0.017921699644395193 0.010559252491121503
3 0.6809200867806341 0.20465285918698062 0.017109915339945107 0.010007572795540546
3 0.3122451226673626 0.9880174033720649 0.017500196255546115 0.01044066713599672
3 0.43588611672974026 0.9880174033720649 0.01812464572050764 0.010523161296083591
3 0.5595271107921179 0.9873574500913698 0.01804658953738747 0.010600499571164938
2 0.0866315309767715 0.2782376499844843 0.014838480411147709 0.015086119525889547
3 0.9287016344773588 0.2028379876650691 0.01770314233165871 0.010724240811295388
3 0.8078082180608116 0.9853775902492844 0.01812464572050764 0.010363328860915372
2 0.8277906009395797 0.6633203892700755 0.02219917847938154 0.015550149176378392
3 0.18897879828396186 0.9880174033720649 0.0176406973851625 0.010559252491121503
3 0.9306998727652355 0.5953452013584801 0.01812464572050764 0.010363328860915181
2 0.32972970768628473 0.2751028719011826 0.021730841380660358 0.016230725997095085
2 0.08806776474618296 0.6679400622349412 0.015540986059229411 0.015550149176378392
3 0.9311994323372047 0.9847176369685893 0.017172360286441243 0.010363328860915372
2 0.20621360351689935 0.2764227784625728 0.02137178293830742 0.01585950227670416
2 0.825792362651703 0.2706481872564907 0.02127811551856321 0.015374849086193694
2 0.7019015888033406 0.271143152217012 0.02202745487651716 0.015673890416508605
2 0.4538702613206315 0.27394795365996616 0.02157472901441987 0.015374849086193694
2 0.5775112553830092 0.27262804709857597 0.021824508800404565 0.01561201979644345