3 0.3333960538395075 0.9921597960992907 0.01907356872789312 0.010902350675975185
3 0.20212597202721677 0.19191877216312056 0.018314502063870277 0.011337172055075371
3 0.2062604627929582 0.9921597960992907 0.018605208445836508 0.011252328859153522
3 0.7184205063991792 0.990802304964539 0.018815163055034407 0.010658426487699444
2 0.22602849676665948 0.66228945035461 0.022061384320323462 0.015876283036901667
2 0.22396125138378875 0.25996301529255317 0.021722226874696205 0.015939915433843054
3 0.4610484562317745 0.9921597960992907 0.018815163055034265 0.010573583291777594
2 0.610406935144184 0.6609319592198581 0.021802978647464607 0.015218748268506298
3 0.5902512926611945 0.9914810505319148 0.019186621209768894 0.010859929078014072
3 0.8460729087914461 0.9894448138297872 0.018395253836638748 0.010695545385915465
2 0.4817209100604817 0.6609319592198581 0.022739699211577976 0.016247472019060374
3 0.3297783744194837 0.1903915946365248 0.018459855254853354 0.01116748566323139
2 0.35148445093962627 0.25843583776595747 0.022400541765950646 0.01637473681294324
2 0.7390929602278864 0.6595744680851063 0.022142136093091937 0.014635451296542593
2 0.35329329064963816 0.661610704787234 0.02214213609309179 0.015992942431294257
3 0.4579475881574684 0.18903410350177305 0.019218921918876197 0.011337172055075371
2 0.47965366467761095 0.2572480330230496 0.022578195666041172 0.016120207225177315
3 0.7153196383248731 0.18682818040780141 0.01866980986405133 0.011209907261192361
2 0.7375425261907333 0.255211796320922 0.022012933256662436 0.015388434660350185
3 0.5866336132411708 0.18801598515070922 0.018669809864051184 0.011740177235704767
2 0.608856501107031 0.2569086602393617 0.02223903822041399 0.015091483474623241
3 0.84297204071714 0.18581006205673758 0.018314502063870277 0.010780388581837315
3 0.20393481173722863 0.5930574024822696 0.018605208445836508 0.011697755637743702
2 0.867262173965871 0.6582169769503546 0.022658947438809647 0.015452067057291666
2 0.8651949285830003 0.25436336436170215 0.023046555948097857 0.015876283036901574
3 0.9716580658008424 0.18513131648936168 0.018314502063870277 0.011422015250997362
3 0.33158721412949566 0.5923786569148937 0.018669809864051184 0.011337172055075371
3 0.716870072362026 0.5900030474290779 0.018895914827802594 0.01142201525099741
3 0.8450392861000107 0.5889849290780141 0.018605208445836435 0.011209907261192408
3 0.5887008586240414 0.5910211657801419 0.018750561636819513 0.01142201525099741
3 0.4600148335403391 0.5916999113475176 0.019331974400751975 0.01085992907801426
3 0.9742421225294308 0.9887660682624113 0.018459855254853354 0.009937259322362403
3 0.9737253111837131 0.5883061835106383 0.018314502063870277 0.01094477227393611