3 0.19951613600034562 0.20658703071672355 0.01647297705966215 0.009795221843003408
3 0.6913336501490472 0.2007679180887372 0.016161921631312828 0.01104095563139931
3 0.44499071153929226 0.2027645051194539 0.016356331274031147 0.011843003412969276
3 0.5682853069512247 0.20141638225255973 0.016421134488270633 0.011467576791808891
3 0.20100660992785238 0.5907679180887372 0.01616192163131297 0.011348122866894149
3 0.3231865900548667 0.5904436860068258 0.015500928846070844 0.011092150170648551
3 0.6933166285047739 0.5881569965870307 0.016537780273901712 0.010836177474402764
3 0.9379098803300643 0.19863481228668942 0.0173154188447747 0.01104095563139931
3 0.44705145375210603 0.5894539249146757 0.01660258348814091 0.011433447098976141
3 0.8153670022033093 0.5874914675767917 0.016161921631312828 0.009897610921501609
3 0.5697757808787315 0.5888054607508533 0.017522789130340773 0.01098976109215035
3 0.9399058193286387 0.5865187713310579 0.016161921631312828 0.010836177474402764
2 0.3425368298267594 0.27131399317406146 0.020425973128267084 0.01522184300341299
2 0.8352097464034215 0.26609215017064847 0.02062038277098555 0.014812286689419807
2 0.22024020391411414 0.27213310580204775 0.020270445414092533 0.015341296928327685
2 0.5891260206506242 0.26805460750853244 0.02056854019959396 0.014249146757679227
2 0.7126668682766665 0.26723549488054604 0.021825722555838725 0.014761092150170612
2 0.46607767745280165 0.270494880546075 0.020853674342247417 0.014419795221843022
2 0.22222318226984059 0.6580546075085324 0.020192681557005217 0.014982935153583602
2 0.344273555968376 0.6573890784982935 0.02125545427053181 0.01534129692832759
2 0.714649846632393 0.6554436860068259 0.021579470341729103 0.01510238907849839
2 0.09873417721518987 0.2739249146757679 0.019661295200241923 0.015102389078498295
2 0.4673218991661986 0.656740614334471 0.020749989199464237 0.014931740614334407
2 0.5911089990063506 0.6564163822525597 0.02125545427053181 0.015051194539249196
3 0.20323584049768867 0.9755290102389078 0.017198773059143694 0.010255972696245787
2 0.837192724759148 0.6547781569965869 0.02109992655635704 0.015051194539249196
3 0.6943016373612131 0.9749829351535836 0.017794962630146478 0.010494880546075365
3 0.4489566682507452 0.9761945392491466 0.017522789130340773 0.010494880546075365
3 0.571758759234458 0.9755290102389078 0.017717198773059092 0.01022184300341299
3 0.8173499805590355 0.9742320819112626 0.016796993130859375 0.009948805460750615
3 0.32516956841059313 0.9755290102389078 0.016537780273901567 0.009829351535836016
3 0.9403205598997709 0.9722696245733787 0.016602583488141056 0.010051194539249384
2 0.09886378364366873 0.6587030716723549 0.020037153842830627 0.01377133105802064
3 0.32192940769862183 0.2044027303754266 0.016835875059402924 0.010290102389078442
3 0.8141875837041518 0.20030716723549485 0.016900678273642267 0.00877133105802045