3 0.8084212804057508 0.6233549182046981 0.016368330144331512 0.009815190462458077
2 0.10300891239289853 0.6924024748322148 0.020632348921426274 0.014562209980599808
3 0.9306870517919805 0.622712615352349 0.01569586840170715 0.00985031639969596
3 0.6871336351906109 0.624639523909396 0.01713249121549551 0.010276845637583847
3 0.32253710491687393 0.6268875838926175 0.016612861687103988 0.010161431843802499
3 0.44406928167478626 0.626566432466443 0.016429463030024648 0.010086161978292693
3 0.566335053061016 0.625924129614094 0.016429463030024648 0.010121287915530578
3 0.2024721174155964 0.6275298867449666 0.016307197258638374 0.010276845637583847
2 0.4650989943532178 0.6911178691275168 0.020999146235585023 0.014512030070260001
2 0.34356681759530544 0.6917601719798658 0.020280834828690843 0.013849655253775192
2 0.7081633478690423 0.6891909605704699 0.020250268385844202 0.013749295433095578
2 0.22289050123709672 0.6924024748322148 0.01948610731468035 0.013849655253775192
2 0.5868757026539025 0.6904755662751679 0.02032668449296066 0.013849655253775192
2 0.8294509930841822 0.6885486577181209 0.021197828114087467 0.013960051056522692
2 0.1008692613936395 0.314888973364094 0.019822338185992494 0.014903433370910192
2 0.22117878043768954 0.31360436765939603 0.02032668449296066 0.014180842662017596
2 0.3416105652531258 0.3119986105285235 0.020754614692812475 0.014853253460570481
3 0.807443154234661 0.24166644819630875 0.01569586840170715 0.009739920596948367
3 0.6851773828484312 0.24262990247483227 0.01675041067991351 0.010527745189282693
3 0.5634006745477464 0.24375393246644297 0.01720890732261182 0.010567889117554519
2 0.4631427420110381 0.31039285339765105 0.02055593281430989 0.014281202482697116
3 0.9287307994498009 0.24118472105704702 0.016368330144331512 0.010046018050020962
3 0.4423575608753791 0.24503853817114096 0.01707135832980237 0.01093922045406875
3 0.2005158650734167 0.2477683252936242 0.016307197258638374 0.010648176974098172
3 0.32082538411746675 0.24600199244966447 0.016490595915717714 0.010241719700346057
2 0.8279838038275475 0.30718133913590606 0.020555932814309744 0.014010230966862405
2 0.5844303872261779 0.3092688234060403 0.01979177174314589 0.013749295433095672
2 0.7066961586124076 0.3081447934144296 0.020097436171611575 0.013849655253775192
0 0.08387431917095357 0.9075739303691277 0.008933042921906406 0.010648176974098079