3 0.19958240897820692 0.20697858842188738 0.01658619339684194 0.009895528048822537
3 0.6947801122275871 0.201099886218667 0.016273000130497133 0.011154018549805194
3 0.44674409500195733 0.20311691893942002 0.016468745921962683 0.01196427955728717
3 0.5708860759493671 0.20175499086301416 0.01653399451911772 0.011585008447402
3 0.20108312671277564 0.595093611005758 0.016273000130497203 0.011464331276074807
3 0.32410283178911653 0.5947660586835843 0.01560746443951455 0.011205737337516829
3 0.6967767193005351 0.5924559528324655 0.01665144199399705 0.01094714339895885
3 0.9430510244029752 0.198944936730683 0.017434425159858966 0.011154018549805194
3 0.44881900039149153 0.5937661621211598 0.016716690591152234 0.011550529255594386
3 0.8196659271825655 0.5917836085922146 0.016273000130497133 0.009998965624245756
3 0.5723867936839357 0.5931110574768127 0.017643220670755553 0.01110229976209375
3 0.9450606811953542 0.5908009516256938 0.016273000130497133 0.01094714339895885
2 0.3435860628996476 0.2723683756852739 0.020566357823306763 0.015377719546253853
2 0.8396450476314757 0.2670930593386891 0.020762103614772313 0.014963969244560877
2 0.2204489103484275 0.27319587628865977 0.020409761190134393 0.015498396717580997
2 0.5918700247944669 0.2690756128676344 0.020709904737048167 0.014395062579733192
2 0.716259950411066 0.2682481122642485 0.021975727521858293 0.014912250456849244
2 0.46797598851624683 0.271540875081888 0.020996998564530828 0.014567458538771876
2 0.22244551742137544 0.6630693376547253 0.020331462873548173 0.015136365203599657
2 0.345334725303406 0.6623969934144743 0.021401539866892822 0.015498396717580902
2 0.718256557484014 0.6604316794814328 0.02172778285266874 0.015257042374926802
2 0.09810779068250033 0.2750060338585663 0.019796424376875885 0.015257042374926802
2 0.4692287615816259 0.6617418887701272 0.020892600809082534 0.015084646415888024
2 0.5938666318674147 0.6614143364479537 0.021401539866892822 0.015205323587215169
3 0.2033276784549132 0.9837947798503601 0.01731697768497978 0.010360997138227001
2 0.8416416547044238 0.6597593352411819 0.021244943233720524 0.015205323587215169
3 0.6977684979772935 0.9832431127814364 0.017917264778807177 0.010602351480881293
3 0.4507373091478532 0.9844671240906111 0.017643220670755553 0.010602351480881293
3 0.5743834007568837 0.9837947798503601 0.017838966462220957 0.010326517946419245
3 0.8216625342555134 0.9824845705616659 0.016912436382617784 0.0100506844119572
3 0.32609943886206444 0.9837947798503601 0.01665144199399705 0.009930007240630244
3 0.9454782722171472 0.9805020170327206 0.016716690591152092 0.010154121987380848
2 0.09823828787681065 0.6637244422990725 0.02017486624037584 0.013912353894424707
3 0.32283700900430634 0.20477192014619175 0.016951585540910894 0.010395476330034757
3 0.8184784027143416 0.20063441712926244 0.017016834138066077 0.008861152294590195