3 0.19709197281252688 0.21010169491525418 0.017783704723393235 0.011016949152542376
2 0.7089090596231608 0.271728813559322 0.02116493160113565 0.014830508474576239
0 0.0776520691731911 0.908728813559322 0.009304826636840749 0.010576271186440635
2 0.5858943474146089 0.27303389830508473 0.02068743009550024 0.014593220338983031
3 0.3191129656715134 0.20847457627118643 0.017783704723393235 0.01076271186440683
2 0.4623892282543233 0.2736779661016949 0.0215391895379851 0.015711864406779626
2 0.8314333648799793 0.27076271186440676 0.02161662221457446 0.01511864406779665
2 0.33961971952163816 0.27464406779661016 0.02125526972382353 0.01608474576271192
3 0.4416372709283317 0.2070169491525424 0.018196678998537368 0.010711864406779672
3 0.8097005936505204 0.20408474576271185 0.017448163124838757 0.010542372881355911
3 0.6871762883937022 0.20506779661016944 0.017925664630474313 0.010677966101694948
2 0.21784393013851847 0.276271186440678 0.020842295448679323 0.015474576271186417
3 0.5646519831368837 0.20635593220338982 0.017719177492901958 0.011186440677966137
3 0.1986922481287103 0.5933898305084746 0.017641744816312522 0.010830508474576277
2 0.7099027789727265 0.6563220338983051 0.020480942957928173 0.014322033898305145
2 0.8329174911812784 0.6553559322033898 0.0215391895379851 0.014542372881355922
3 0.3208422954486793 0.5924237288135593 0.01771917749290203 0.010508474576271283
2 0.34159425277467087 0.6589322033898304 0.020842295448679254 0.015
2 0.5868880667641744 0.6566610169491526 0.021087498924546144 0.014949152542372985
2 0.21993461240643547 0.6595762711864406 0.02104878258625139 0.014491525423728717
3 0.9327153058590726 0.2036101694915254 0.01751269035532989 0.010762711864406782
3 0.6891508216467349 0.5901525423728813 0.018196678998537368 0.01071186440677972
3 0.44361180418136453 0.5921016949152542 0.018235395336832192 0.010220338983050775
3 0.5666265163899166 0.5911186440677966 0.018119246321947863 0.01088135593220329
2 0.4643637615073561 0.6576271186440678 0.02241675987266627 0.01516949152542376
3 0.8116751269035534 0.5891694915254237 0.0177191774929021 0.010389830508474536
3 0.9346898391121052 0.5885254237288136 0.017848231953884373 0.010389830508474536
3 0.20128624279445925 0.9762033898305085 0.01819667899853744 0.01071186440677972
3 0.3225716252258453 0.9768474576271187 0.018338638905618227 0.010677966101694665
3 0.4443603200550632 0.9768474576271187 0.017990191860965447 0.010423728813559591
3 0.5676202357394821 0.9762033898305085 0.01806762453755481 0.010508474576271283
3 0.690634947948034 0.9755593220338983 0.018196678998537368 0.010220338983050775
3 0.8126559408070206 0.9749152542372881 0.01764174481631245 0.010220338983050775
3 0.9351802460638389 0.9736101694915252 0.017848231953884373 0.010067796610169731