3 0.8084212804057508 0.6249606753355705 0.016246064372945238 0.009890460327967693
3 0.9301979887064356 0.6243183724832215 0.01551246974462788 0.010276845637583847
2 0.10300891239289853 0.6956139890939598 0.020326684492960698 0.014793037568162692
3 0.6871336351906109 0.6262452810402686 0.01655172880141078 0.010527745189282693
3 0.5658459899754711 0.6272087353187921 0.016612861687103915 0.010477565278942886
3 0.3222925733741015 0.62849334102349 0.016949092558416097 0.010276845637583847
3 0.44406928167478626 0.6281721895973155 0.016612861687103915 0.010046018050020962
3 0.2025943831869826 0.6291356438758391 0.016184931487252172 0.010527745189282693
2 0.22289050123709672 0.6949716862416108 0.020097436171611506 0.013849655253775192
2 0.8294509930841822 0.6904755662751679 0.021274244221203924 0.013849655253775192
3 0.6851773828484312 0.24455681103187923 0.01630719725863852 0.010276845637583847
2 0.4648544628104453 0.6936870805369127 0.021151978449817796 0.014281202482697116
3 0.9287307994498009 0.24343278104026847 0.01586398383736324 0.010161431843802405
2 0.34356681759530544 0.6949716862416108 0.020601782478579706 0.013799475343435385
3 0.44260209241815146 0.24712602244127518 0.016811543565606647 0.0103571334941275
3 0.806954091149116 0.24375393246644297 0.01562709390530242 0.010005874121749135
3 0.5634006745477464 0.2455202653104027 0.017545138193924004 0.010728464830641826
2 0.7081633478690423 0.6917601719798658 0.020021020064495118 0.013377964096581346
3 0.3215589787457841 0.24792890100671144 0.016047382494442614 0.009815190462458077
3 0.2005158650734167 0.24953465813758388 0.016184931487252172 0.010567889117554519
2 0.5863866395683577 0.6924024748322148 0.01986818785026235 0.01358871972000846
2 0.1008692613936395 0.3160130033557047 0.019638939528913157 0.014903433370910192
2 0.22117878043768954 0.31504954907718125 0.020204418721574458 0.014341418375104904
2 0.3416105652531258 0.3134437919463087 0.020280834828690843 0.014451814177852308
2 0.4633872735538106 0.312319761954698 0.020051586507341616 0.014070446859270096
2 0.8274947407420026 0.30910824769295303 0.0206323489214262 0.013899835164114905
2 0.5844303872261779 0.31151688338926176 0.020097436171611575 0.013428144006921154
2 0.7062070955268627 0.3099111262583893 0.019868187850262203 0.013428144006921154
0 0.083568654742488 0.9082162332214765 0.008627378493440828 0.010316989565855769