2 0.08144812581841991 0.7175511853448276 0.02152380408391533 0.01661397999730601
2 0.07944299705368835 0.3278084590517242 0.02020793833206024 0.01508768015894399
1 0.7002809908336971 0.3253333782327586 0.020834541071038857 0.008637000774515116
2 0.5754617252291576 0.32384832974137934 0.020787545865615396 0.012530096646012888
2 0.3263244762112615 0.32483836206896555 0.021899765727302473 0.014798920730064632
2 0.20263309553688347 0.32665342133620695 0.02078754586561547 0.015201121363146513
3 0.30652382965953734 0.6489089439655172 0.01644832189818855 0.010281898235452521
2 0.45089310072020955 0.3236833243534483 0.02106951709815587 0.01485048491379312
3 0.6807309853775645 0.6462688577586208 0.016714628062254346 0.010204551959859979
3 0.4313430952640768 0.6482489224137932 0.01671462806225449 0.010941919787176744
3 0.5559117197730249 0.647588900862069 0.01710625477411613 0.010859417093211239
3 0.18333373117634222 0.6495689655172414 0.01683994861005019 0.011240992052801744
3 0.8050489687909211 0.6452788254310345 0.016017532515140858 0.009663128030711239
2 0.8261028208206025 0.7135910560344828 0.021852770521879013 0.015139244342672479
2 0.20451290375381928 0.7175511853448276 0.021320158193747277 0.015314562567349223
2 0.7017848374072458 0.714911099137931 0.021273162988323817 0.015139244342672479
2 0.3280789638804016 0.7168911637931035 0.021602129426287607 0.015675511853448256
2 0.5769655718027062 0.7155711206896552 0.02172744997408331 0.014963926117995735
2 0.45264758838934965 0.7162311422413794 0.02219740202831734 0.015376439587823256
3 0.9288656700130948 0.6442887931034483 0.016589307514458643 0.010400495858028004