3 0.20136783293019453 0.9730872483221479 0.017208632848431177 0.010436241610738459
3 0.3215599768337138 0.9730872483221479 0.016876469185432497 0.010654362416107309
2 0.2200839777876197 0.6615771812080538 0.020760228937416976 0.014966442953020001
3 0.44285081593022857 0.9730872483221479 0.017745204919428985 0.010167785234899232
3 0.6856624535822574 0.9724496644295304 0.017668551766429133 0.010117449664429614
3 0.5638861445167445 0.9730872483221479 0.01793683780192825 0.01020134228187923
2 0.3406338364051375 0.6609228187919465 0.020926310768916243 0.015083892617449616
3 0.8069532926787722 0.9711577181208054 0.017208632848431177 0.009697986577181154
2 0.46216741048615134 0.6609228187919465 0.02079855551391683 0.014848993288590578
2 0.5839437195516642 0.6602852348993289 0.021513984941914047 0.014228187919463077
2 0.7052345586481791 0.659010067114094 0.02079855551391683 0.0143959731543625
3 0.19917044254420335 0.5973489932885907 0.016876469185432497 0.009781879194630961
2 0.8265126222191941 0.6583557046979867 0.021245698906415072 0.014345637583892502
3 0.3200907914012197 0.5963758389261745 0.017272510475930924 0.009295302013422694
3 0.4411388955132355 0.5960570469798658 0.01766855176642942 0.010083892617449616
3 0.6846915136442614 0.5941275167785236 0.017004224440432057 0.009781879194630961
3 0.5624169590842505 0.5947651006711411 0.017809082546928836 0.01040268456375846
3 0.8059823527407761 0.5931711409395973 0.017464143358430297 0.009513422818791924
3 0.9277586618062891 0.9705201342281878 0.016608183149933523 0.010050335570469996
2 0.10031342622559876 0.6628523489932886 0.01900998194392397 0.014446308724832307
3 0.927260416311791 0.59251677852349 0.01741304125643059 0.009966442953020191
0 0.08387132490716454 0.9069295302013423 0.008968418900964125 0.010318791946308845
2 0.8250434367866998 0.27538590604026847 0.020402514223418294 0.01468120805369125
1 0.9262894763737948 0.2089093959731544 0.01485793615644084 0.008305369127516778
1 0.704250843184683 0.2723322147651007 0.018511736449425907 0.007718120805369134