3 0.19375519949758577 0.23831047650243078 0.016906969263832727 0.011322323471925352
2 0.09221971649484535 0.30727559433506874 0.02037266379436906 0.01496237828575924
3 0.3172713036669711 0.23699056994104054 0.016266908562247166 0.010765487891338871
3 0.5650528513636957 0.23435075681826018 0.017640697385162427 0.01098203506156691
3 0.8138335182043586 0.23303085025686993 0.016391798455239512 0.010280834700828405
3 0.6889436252120579 0.23352581521739127 0.017047470393448966 0.010280834700828405
3 0.44091229772934876 0.23600064001999788 0.016782079370840378 0.011105776301697219
3 0.9372247324807517 0.23204092033582732 0.015900044501582278 0.010765487891338871
2 0.09421795478272216 0.6949981467434403 0.020716111000097858 0.015086119525889547
3 0.19525387821349338 0.6280128887528875 0.017312861416057698 0.010858293821436603
3 0.3185202025968941 0.6273529354721925 0.01710991533994525 0.010363328860915181
3 0.8148326373482969 0.6237231924283695 0.017109915339945107 0.009548699030057322
3 0.442660756231241 0.6270229588318449 0.01671963442434424 0.010682993731252
3 0.6909418634999347 0.6250430989897596 0.017312861416057555 0.010682993731252
2 0.2151113711992692 0.3062856644140261 0.020638054816977648 0.014457101555227054
3 0.5675506492235416 0.6260330289108023 0.016391798455239512 0.010858293821436603
2 0.834815020227065 0.30001610824742264 0.02127811551856321 0.01450866040528135
2 0.33850258547566225 0.30414081625176703 0.021449839121427592 0.014673648725455093
2 0.7104246868067335 0.3008410498482915 0.020716111000097966 0.014281801465042451
3 0.9392229707686284 0.6230632391476743 0.016844524317336518 0.00947651663998112
2 0.5860343533864021 0.3021609564096817 0.020247773901376782 0.013962136594705727
2 0.46214357953803986 0.3028209096903768 0.020887834602962344 0.014395230935161901
2 0.2164851600221845 0.6949981467434403 0.02037266379436906 0.014230242614988061
2 0.8363136989429726 0.6910384270592697 0.021824508800404423 0.014395230935161806
2 0.3400012641915699 0.6943381934627452 0.021168836862194968 0.01445710155522696
2 0.7124229250946104 0.6923583336206599 0.02107516944245076 0.014178683764933767
2 0.5880325916742789 0.69367824018205 0.020638054816977648 0.014065254294814318
2 0.4641418178259167 0.69367824018205 0.02160595148766808 0.014910819435704945