3 0.5803345014567097 0.6965779049295774 0.017704428107349613 0.010583367146236734
3 0.32297882911364123 0.29843268595950706 0.01723936613713847 0.010378018231459028
2 0.5998350309662543 0.3649867957746478 0.021489070347688898 0.015048389703455125
3 0.45075861458407807 0.2972532460387324 0.017704428107349613 0.010825573558538698
3 0.19840636757569527 0.6979258362676055 0.01711107317983889 0.011299455669564319
2 0.4723118314104168 0.36566076144366194 0.021200411193764805 0.015638109663842385
3 0.5782818141399156 0.2957368232834507 0.018185526697223293 0.010951942121478831
3 0.4522981300716737 0.6972518705985915 0.017431805573087916 0.010994064975792335
2 0.21995958440203403 0.7673443001760564 0.021328704151064384 0.014816714004731467
3 0.8333282132515907 0.293883417693662 0.01677430416692733 0.009946258974746911
2 0.09429663272704118 0.7673443001760564 0.021088154856127545 0.016006684639084483
3 0.3247749305158361 0.6979258362676055 0.017367659094438197 0.010783450704225287
3 0.9626475142096231 0.693208076584507 0.017576135150050177 0.010662347498074307
3 0.7076011150979481 0.6952299735915493 0.017784611205661868 0.010825573558538698
2 0.34478863185457925 0.36667170994718307 0.02203431541621244 0.015459087533010537
3 0.19673855913080002 0.30028609154929575 0.017303512615788334 0.010909819267165517
2 0.7276148164366911 0.3636388644366197 0.021328704151064384 0.01558545609595067
2 0.21816348299983912 0.3683566241197183 0.021168337954439873 0.01487989828620158
3 0.7055484277811539 0.29472587477992956 0.017303512615788334 0.010378018231459028
3 0.9611079987220276 0.2932094520246478 0.01677430416692733 0.010098954321632903
2 0.60137454645385 0.7659963688380281 0.021408887249376642 0.014585038306007997
2 0.3465847332567741 0.7666703345070423 0.02203431541621244 0.015406433965118822
3 0.8348677287391864 0.6945560079225351 0.017367659094438197 0.010499121437610105
2 0.7291543319242867 0.7646484374999999 0.021537180206676367 0.014816714004731467
2 0.8548814300779294 0.36262791593309857 0.02190602245891286 0.015459087533010537
2 0.47410793281261165 0.7659963688380281 0.022242791471824275 0.015585456095950766
2 0.8564209455655252 0.7633005061619718 0.021745656262288058 0.014532384738116282
2 0.09224394541024701 0.36970455545774644 0.02014199429604276 0.015227411834286973