2 0.20951025596650846 0.2586839463975695 0.02110541621340981 0.015607833862304688
3 0.1881840058016878 0.19106038411458337 0.01796641933264106 0.010934829711914062
3 0.9423004021624473 0.9716389973958334 0.01761939455185268 0.009579658508300781
2 0.3340606045622363 0.2571885850694445 0.02187833504334779 0.016033596462673643
3 0.3128605452267933 0.18956502278645837 0.018518504211168272 0.010893291897243907
2 0.4594942889636076 0.2560255262586806 0.02195720431170886 0.01578436957465281
2 0.7111188027426162 0.2540317111545139 0.021673274945609177 0.015067842271592913
3 0.4380418479694093 0.18806966145833337 0.018108384015690978 0.01084136962890625
2 0.5854327366824895 0.2556932237413195 0.02118428548177088 0.014901691012912294
3 0.6894139800896625 0.18624199761284724 0.01845540879647943 0.011184056599934896
3 0.5637279140295359 0.18723890516493058 0.01768248996654145 0.011402130126953125
3 0.8140905195147681 0.18507893880208337 0.018171479430379747 0.010555797153049062
2 0.8357953421677216 0.25320095486111116 0.022130716702103016 0.015067842271592913
3 0.1899506774129747 0.5835096571180556 0.018108384015690905 0.011142518785264694
2 0.21152930923655064 0.6519639756944445 0.021215833189115265 0.015015920003255209
3 0.8171190994198313 0.9723036024305556 0.018171479430379747 0.010394838121202383
3 0.19222211234177214 0.9742974175347223 0.018171479430379747 0.010436375935872396
3 0.3148795984968355 0.5828450520833334 0.01837653952811843 0.010976367526584265
3 0.9397765855748946 0.18474663628472224 0.018029514747329906 0.011059443155924479
2 0.33582727617352326 0.6512993706597223 0.02142089328685395 0.015420913696289062
3 0.4400609012394515 0.5821804470486112 0.018628921186873728 0.010353300306532181
3 0.6924425599947258 0.9736328125 0.01831344411342959 0.010436375935872396
3 0.5672612572521097 0.9742974175347223 0.01831344411342959 0.010275416904025482
2 0.4612609605748945 0.650634765625 0.021831013482331175 0.0156597561306423
3 0.8161095727848101 0.5791897243923612 0.018660468894218185 0.01089329189724386
3 0.5657469672995781 0.5811835394965278 0.01823457484506852 0.011184056599934896
2 0.8378143954377638 0.64764404296875 0.02220958597046423 0.014673233032226562
3 0.6909282700421941 0.5801866319444445 0.019102136797039725 0.011017905341254276
2 0.5869470266350211 0.6499701605902778 0.020979225384032126 0.01490169101291239
3 0.31639388844936717 0.9749620225694445 0.01831344411342959 0.010472721523708893
3 0.44107042787447265 0.9749620225694445 0.017887550064280063 0.010036574469672436
2 0.7126330926951477 0.6493055555555556 0.021499762555215022 0.013842476738823849
3 0.9417956388449367 0.578525119357639 0.018376539528118505 0.01059733496771912