2 0.3450286171771199 0.6509731543624162 0.02040251422341844 0.014563758389261732
2 0.46631945627363475 0.65001677852349 0.021271249957414924 0.01479865771812096
2 0.7096293394201616 0.6487248322147651 0.020479167376418 0.013892617449664423
3 0.6900700098797397 0.9640939597315439 0.01668483630293323 0.00978187919463077
2 0.5878530303546486 0.6490436241610739 0.02068357578441727 0.01479865771812096
3 0.5682937008142268 0.9647315436241611 0.017068102067931766 0.010117449664429614
3 0.446760126733213 0.9653859060402686 0.016953122338432203 0.01040268456375846
2 0.10263857186658945 0.2737751677852349 0.02063247368241749 0.01585570469798654
3 0.20564763397267743 0.9653859060402686 0.016876469185432497 0.010050335570469996
3 0.32571202262119714 0.9653859060402686 0.017208632848431177 0.010570469798657693
2 0.22436377883010258 0.6512919463087249 0.020019248458419975 0.014614093959731539
3 0.2019810581541921 0.2069798657718121 0.01754079651142986 0.011409395973154374
2 0.8309201785166764 0.6474496644295303 0.02076022893741683 0.0143959731543625
3 0.8108626034817566 0.9628187919463088 0.016557081047933814 0.009882550335570764
1 0.9297133172077814 0.9621644295302015 0.011395768745954604 0.00978187919463077
3 0.3225309167717098 0.20585570469798659 0.017208632848431143 0.01057046979865774
1 0.9282441317752872 0.5809563758389262 0.011344666643954896 0.009664429530201347
3 0.6871316390147516 0.2024832214765101 0.01695312233843206 0.010654362416107356
2 0.22252410315810994 0.27281879194630876 0.01994259530542027 0.014127516778523556
3 0.4438217558682247 0.20441275167785236 0.017464143358430155 0.010771812080536876
2 0.8289655231151841 0.26719798657718125 0.021117943651415366 0.014563758389261732
2 0.3435722072701258 0.2713758389261745 0.020198105815419174 0.01479865771812077
2 0.7076746840186693 0.26800335570469797 0.020172554764419173 0.014446308724832211
3 0.8079370081422683 0.20167785234899333 0.016250468435934987 0.009848993288590624
2 0.10447824753858209 0.6512919463087249 0.021002963921915987 0.01585570469798673
3 0.5653553299492385 0.20312080536912755 0.01713197969543147 0.010906040268456395
2 0.46485027084114067 0.26976510067114096 0.021245698906415072 0.015083892617449711
3 0.6886008244472457 0.5832046979865773 0.017068102067931475 0.010117449664429425
3 0.8098916635437606 0.5819295302013423 0.01687646918543264 0.009697986577181154
3 0.5673099853507308 0.5838590604026846 0.017272510475930886 0.01023489932885904
3 0.20357799884168573 0.5857885906040269 0.017208632848431177 0.01040268456375846
3 0.44577641126971695 0.5848154362416108 0.016748713930433083 0.010083892617449616
3 0.3242428371887031 0.5854530201342283 0.016876469185432497 0.010318791946308655
2 0.5863838449221546 0.2686409395973155 0.020479167376418 0.014731543624161058
0 0.08387132490716454 0.9075671140939598 0.008891765747964428 0.010805369127516921
1 0.9259062106087964 0.20119127516778523 0.009006745477463978 0.010218120805369135