2 0.07741795100854929 0.29804344846491226 0.020295045543347576 0.015646201685855298
3 0.3074071600320598 0.22651795504385963 0.017850051867652945 0.010462282415021965
3 0.1818655239780924 0.2285327576754386 0.01677936836261018 0.011133883292214932
3 0.4349942809911835 0.22584635416666668 0.017642307306972946 0.011175858347039498
3 0.5615586594977291 0.22433525219298248 0.01757838590368695 0.010871539199561369
3 0.6883787236174191 0.2231599506578947 0.017051034326576245 0.010871539199561369
3 0.18352748046353193 0.6256167763157894 0.017051034326576245 0.010913514254385935
3 0.8162215301896873 0.22181674890350878 0.016411820293714827 0.0101841976768092
3 0.3091969593240716 0.625280975877193 0.017370641343006955 0.010624935752467195
2 0.07984696433342238 0.6947916666666667 0.020966220277851992 0.015772126850328996
3 0.9425302230830884 0.2214809484649123 0.016715446959323966 0.010504257469846531
3 0.4370397658963398 0.6249451754385964 0.016987112923290103 0.010708885862116138
3 0.6909355797488644 0.6222587719298246 0.017514464500400808 0.010955489309210597
2 0.20308742986908898 0.29653234649122806 0.021014161330316597 0.014880156935307032
3 0.8177556438685546 0.621922971491228 0.01698711292329025 0.010546232524671002
3 0.5636041444028853 0.6239377741228069 0.01772220906108066 0.010787589089912331
2 0.8371877504675393 0.29032003837719295 0.021701316415642442 0.015226451137609634
3 0.9445757079882446 0.6209155701754385 0.01737064134300681 0.010546232524671002
2 0.32939612276249 0.29502124451754386 0.021957002028787007 0.015530770285087763
2 0.7103676863478492 0.29166324013157896 0.0210461220319596 0.015111019736842101
2 0.5830362510018701 0.2928385416666667 0.021381709399211878 0.014995588336074566
2 0.4564718724953246 0.29384594298245614 0.021381709399211878 0.015530770285087763
2 0.2048772291611007 0.6947916666666667 0.02093425957620896 0.014827688116776396
2 0.8392332353726957 0.6900904605263157 0.021381709399211878 0.014533862733004336
2 0.5850817359070264 0.6927768640350876 0.021205925540175023 0.014712256716008862
2 0.3311859220545017 0.6941200657894736 0.021381709399211878 0.015173982319078997
2 0.7124131712530056 0.6914336622807017 0.021333768346747307 0.014533862733004336
2 0.4580059861741918 0.6934484649122806 0.02182915922221487 0.015646201685855204