2 0.70285689390148 0.2488068056778169 0.02211449851452455 0.015459087533010537
3 0.1718523436382891 0.1859595070422535 0.01853833232979732 0.011173087106624138
0 0.047793053929541716 0.9124944982394366 0.009052671799455517 0.01104671854368386
2 0.8301235075427182 0.24813284000880279 0.022852183018997534 0.015764478226782615
3 0.2984774924930292 0.18410610145246478 0.018185526697223293 0.010867696412852108
2 0.4472973229606062 0.25082870268485913 0.022547487245410905 0.016385790327904885
2 0.5750771084310431 0.2504917198503521 0.021328704151064384 0.015164227552816859
3 0.42574410613426755 0.18309515294894366 0.018618515428109647 0.011130964252310728
2 0.3197741234047687 0.2521766340228873 0.021537180206676294 0.016448974609375
3 0.6807905052459425 0.18073627310739435 0.01841003937249781 0.011130964252310728
3 0.8080571188871808 0.18006230743838028 0.018329856274185267 0.010583367146236781
2 0.7049095812182741 0.6509958186619718 0.02185791259992539 0.014816714004731467
3 0.17352015208318436 0.5846102002640845 0.018121380218573502 0.011562723509022892
3 0.5535238916047043 0.18225269586267606 0.01805723373992371 0.011520600654709483
2 0.19353385342192747 0.25403003961267606 0.021328704151064384 0.01588031607614435
2 0.8316630230303138 0.6493109044894366 0.022082425275199765 0.015227411834286879
2 0.5766166239186387 0.6516697843309859 0.021697546403300877 0.015459087533010537
3 0.30001700798062486 0.5839362345950704 0.018618515428109574 0.01125733281525091
2 0.32182681072156283 0.6530177156690141 0.022082425275199765 0.0157012939453125
2 0.19520166186682275 0.6536916813380281 0.021777729501613132 0.015343249683648802
3 0.4275402075364624 0.5832622689260564 0.018474185851147528 0.010662347498074307
2 0.4488368384482018 0.65234375 0.022371084429123854 0.016006684639084483
3 0.5550634070923 0.5825883032570423 0.018474185851147528 0.011299455669564319
3 0.9358369043576177 0.17921985035211266 0.018185526697223436 0.010994064975792242
3 0.6828431925627367 0.5815773547535211 0.018474185851147386 0.011130964252310681
3 0.810109806203975 0.58056640625 0.018121380218573575 0.010867696412852108
3 0.9378895916744119 0.5798924405809859 0.018185526697223436 0.010825573558538698
3 0.42882313710945874 0.9819129621478871 0.0189713210606836 0.01108884139799746
3 0.30181310938281974 0.9819129621478871 0.0189713210606836 0.010994064975792146
3 0.17582942531457782 0.9825869278169014 0.018826991483721484 0.010746593206701315
3 0.6843827080503324 0.9812389964788731 0.01911565063764572 0.010499121437610105
3 0.5566029225798955 0.9819129621478871 0.01930809007359516 0.010662347498074496
3 0.811136149862372 0.980565030809859 0.01841003937249781 0.010704470352387717
3 0.9384027635036105 0.9792170994718309 0.018538332329797246 0.01022005752778379