2 0.1992182331407401 0.7145987587108015 0.02117895424899659 0.01489108946265238
2 0.07569016216976139 0.7145987587108015 0.021178954248996608 0.015964415015243958
3 0.426899905724871 0.25108885017421606 0.016762714910080263 0.011014612709603662
3 0.3022954753451242 0.6472397648083624 0.016952660688098208 0.010389374523628021
3 0.30128243119569537 0.252089231271777 0.016303679279870358 0.01079577934451218
2 0.5740445684294095 0.3167805422473868 0.02133724239734483 0.014828565644054853
3 0.552770641291404 0.24925481816202094 0.01682603016941953 0.011316811166158515
2 0.3240759245578442 0.7139318379790942 0.0215746746198673 0.015537168921493958
2 0.7001685650332996 0.315613430966899 0.021463872916023367 0.01506824028201218
3 0.6809207261941518 0.6445720818815331 0.016762714910080405 0.011139660346798716
2 0.3225563583337009 0.31911476480836237 0.02268269165830505 0.015599692740091485
2 0.4481738328628766 0.31761419316202094 0.0216696475088762 0.015901891196646336
3 0.932155675252503 0.6425713196864112 0.017205921725455275 0.01003507288490861
2 0.7016881312574429 0.7119310757839722 0.02113146780449214 0.014828565644054947
3 0.6783881158205797 0.24808770688153312 0.016889345428758938 0.010550894388338464
2 0.19757203639791826 0.32028187608885017 0.02113146780449214 0.015297494283536632
3 0.8040055903497553 0.24708732578397213 0.016121647909269857 0.010592576934070147
3 0.4284194719490143 0.6462393837108015 0.016493625057888303 0.0107540967987804
3 0.1761714787412341 0.25358980291811845 0.017617470911160872 0.011493961985518315
3 0.17895735015216338 0.6472397648083624 0.016066247057347962 0.010795779344512273
2 0.5760706567282671 0.7125979965156795 0.021210611878666297 0.015297494283536632
3 0.5547967295902616 0.6459059233449478 0.016889345428758938 0.011275128620426737
2 0.8257860395624753 0.3144463196864112 0.02162216106437168 0.01577684355945119
3 0.9306361090283598 0.24675386541811847 0.016184963168609123 0.010191382431402473
2 0.449946660124377 0.7132649172473868 0.021748791583050354 0.015776843559451283
2 0.8273056057866186 0.7105972343205575 0.021701305138545835 0.015068240282012273
3 0.8065382007233274 0.6435717007839722 0.016762714910080405 0.010311219750381042
2 0.07309423653685 0.32178244773519166 0.020656603359447367 0.015005716463414653
0 0.05511270288448816 0.9273464721254356 0.009180712604198829 0.010795779344512084