3 0.5739715189873419 0.3001736111111111 0.01776107594936709 0.011319444444444382
2 0.34430379746835443 0.36961805555555555 0.020622362869198264 0.01421875
3 0.6991429324894516 0.2991666666666667 0.01728639240506329 0.0109375
2 0.4697389240506329 0.3689583333333334 0.0214662447257383 0.015017361111111047
2 0.5951740506329115 0.3676215277777778 0.02038502109704651 0.014375
3 0.3228507383966244 0.3023263888888889 0.01728639240506329 0.010798611111111142
2 0.21987078059071732 0.3712847222222223 0.020187236286919857 0.013732638888888952
3 0.4500527426160338 0.8245486111111111 0.01708860759493671 0.010677083333333334
2 0.7208597046413503 0.36663194444444447 0.02038502109704651 0.013784722222222191
3 0.32511867088607593 0.8252083333333333 0.017497362869198264 0.011024305555555619
2 0.22227056962025316 0.8930034722222223 0.02034546413502112 0.015538194444444571
3 0.5754878691983123 0.8238715277777778 0.01782700421940933 0.010677083333333334
3 0.448285864978903 0.30149305555555556 0.01735232067510539 0.010763888888888858
3 0.19868143459915613 0.30399305555555556 0.017616033755274287 0.01097222222222219
3 0.8238264767932489 0.2976736111111111 0.016890822784810126 0.010399305555555618
3 0.7011735232067511 0.8232118055555556 0.01761603375527407 0.010677083333333334
3 0.20119989451476797 0.8252083333333333 0.017497362869198264 0.01046875
2 0.09614978902953587 0.3726215277777778 0.02126845991561179 0.014322916666666666
2 0.84603111814346 0.36564236111111115 0.020741033755274356 0.014618055555555618
2 0.34707278481012666 0.8923263888888889 0.0214662447257383 0.015607638888888763
3 0.8263449367088609 0.8225520833333334 0.01728639240506329 0.010677083333333334
2 0.5971914556962026 0.8916666666666668 0.021031118143459964 0.015416666666667045
2 0.4720068565400845 0.8923263888888889 0.02217827004219414 0.015607638888888763
2 0.7228771097046415 0.8910069444444446 0.02111023206751045 0.014895833333333334
2 0.09841772151898734 0.8923263888888889 0.021835443037974682 0.01633680555555581
2 0.8480485232067511 0.8896701388888889 0.020582805907172805 0.014722222222222097
3 0.9490110759493672 0.2973437500000001 0.016310654008438626 0.010642361111111142
0 0.0761471518987342 0.9182465277777777 0.009915611814346003 0.0109375
3 0.9505274261603377 0.8205555555555556 0.015400843881856635 0.010833333333333334
1 0.09633438818565401 0.49557291666666664 0.021954113924050632 0.0071875
1 0.2203850210970464 0.49423611111111115 0.02138713080168781 0.006527777777777715