3 0.8089079480802644 0.6281711409395974 0.016365448165434403 0.01023489932885904
2 0.10337955234558649 0.6988255033557048 0.020325861070418696 0.015553691275167694
3 0.9301987871767793 0.6275335570469799 0.016365448165434403 0.009882550335570386
3 0.6871316390147516 0.6294630872483222 0.016748713930432937 0.01060402684563769
3 0.20246652812319016 0.6323489932885906 0.016365448165434546 0.01023489932885904
2 0.4650930058256397 0.6968959731543625 0.02079855551391683 0.014446308724832307
2 0.3438149422546248 0.69753355704698 0.020721902360917123 0.014681208053691346
3 0.5658407999182368 0.6304194630872485 0.01668483630293323 0.010469798657718077
2 0.22289459339760845 0.6988255033557048 0.02037696317241851 0.014513422818791923
3 0.32278642728170887 0.6317114093959731 0.01649320342043407 0.010570469798657693
2 0.5863838449221546 0.6968959731543625 0.020376963172418584 0.013473154362416154
2 0.7081601539876674 0.6956208053691275 0.020134228187919465 0.013590604026845768
3 0.44406449085272376 0.6310570469798659 0.016608183149933523 0.01023489932885904
2 0.10123326406159508 0.320503355704698 0.019980921881920088 0.01479865771812077
3 0.8069532926787722 0.24793624161073832 0.015330630599938791 0.009781879194630866
2 0.8299364630531804 0.6943288590604028 0.021002963921915953 0.01374161073825519
2 0.5849146594896604 0.316006711409396 0.02027475896841888 0.014345637583892597
2 0.22142540796511428 0.31954697986577185 0.020134228187919465 0.014278523489932885
2 0.7066909685551732 0.31456375838926176 0.020249207917418882 0.014228187919463077
3 0.6856624535822574 0.24872483221476516 0.016301570537934695 0.010352348993288654
2 0.3421030218376316 0.3179362416107383 0.02107961707491566 0.01520134228187923
2 0.46338108540864653 0.31666107382550335 0.020325861070418588 0.015016778523489904
3 0.20088236296119652 0.25402684563758393 0.015739447415937035 0.010654362416107404
3 0.44285081593022857 0.2516275167785235 0.017272510475930886 0.010285234899328847
3 0.5643843900112425 0.25001677852348997 0.016953122338432203 0.010520134228187886
3 0.9282441317752872 0.24760067114093962 0.016186590808435278 0.010050335570469807
2 0.8279818076516883 0.3136073825503356 0.020325861070418876 0.014077181208053654
3 0.3205762613702177 0.2529026845637584 0.016812591557932754 0.010167785234899328
0 0.08387132490716454 0.9088590604026846 0.008866214696964528 0.01020134228187923