2 0.46460993126767286 0.7033216233221476 0.02132009388547374 0.015314908635696345
2 0.343322286052533 0.7039639261744968 0.020800464357082292 0.014793037568162692
2 0.2224014381515518 0.7046062290268457 0.02067819858569609 0.014281202482697116
2 0.7076742847834976 0.7020370176174497 0.020403100600077117 0.014120626769609809
2 0.5863866395683577 0.7026793204697988 0.020831030799928933 0.014732821675755
2 0.7062070955268627 0.31906394190436244 0.02060178247857956 0.014682641765415288
2 0.4628982104682656 0.3209908504614094 0.02087688046419875 0.015194476850880866
2 0.5844303872261779 0.3201879718959732 0.020403100600077117 0.014562209980599808
2 0.3416105652531258 0.32211488045302017 0.021488209321129832 0.015134260958473172
2 0.22081198312353081 0.3233994861577182 0.020128002614458074 0.014732821675755
2 0.8289619299986373 0.7007524119127517 0.021243677778357284 0.014512030070260001
2 0.8274947407420026 0.3181004876258389 0.020754614692812475 0.014963649263317981
2 0.10068586273656016 0.32484466757550334 0.019975170400225267 0.014562209980599808
2 0.10264211507873983 0.7046062290268457 0.0209532965713151 0.015375124528104038
3 0.5658459899754711 0.636843278104027 0.016490595915717787 0.010648176974098079
3 0.200149067759258 0.2580451709312081 0.016689277794220372 0.01106968822095221
3 0.5638897376332913 0.25403077810402686 0.017132491215495364 0.010437421350671154
3 0.44260209241815146 0.25531538380872487 0.01655172880141078 0.01093922045406875
3 0.3222925733741015 0.6378067323825504 0.017071358329802337 0.010316989565855769
3 0.6871336351906109 0.6358798238255035 0.01655172880141078 0.010648176974098079
3 0.806954091149116 0.2521038695469799 0.01562709390530242 0.010046018050020962
3 0.6851773828484312 0.25322789953859065 0.01661286168710406 0.01020157577207423
3 0.3210699156602392 0.2567605652265101 0.016307197258638374 0.010527745189282693
3 0.44406928167478626 0.6378067323825504 0.016307197258638374 0.010316989565855769
3 0.9287307994498009 0.25146156669463093 0.01630719725863852 0.009850316399695866
3 0.8089103434912956 0.6345952181208054 0.015986249608749514 0.010086161978292693
3 0.2021053201014377 0.6384490352348994 0.016246064372945238 0.01068832090237
3 0.9301979887064356 0.6336317638422819 0.016429463030024506 0.00985031639969596
0 0.0831407245426362 0.9062893246644296 0.009139366411120672 0.010477565278943075