3 0.9416919579211128 0.9826151877133106 0.01672954462916366 0.01021745180514093
3 0.4500076953816909 0.9858815059726961 0.018311021507916775 0.010416493074072074
3 0.200940591653346 0.21568366040955628 0.017318722289875597 0.010217451805140741
3 0.5725566488097809 0.985228242320819 0.01792340462586938 0.010375664095829885
3 0.32696259234458025 0.9858815059726961 0.017799367223614342 0.010493047408276274
3 0.8191430044930228 0.9839217150170647 0.017799367223614342 0.009712193199392231
3 0.205033825927766 0.9858815059726961 0.017582301769667807 0.010375664095829885
3 0.6960979014559122 0.9845749786689418 0.017582301769667665 0.010656363321245787
2 0.22388751107054908 0.6664355802047781 0.021504984615986975 0.015045478482295304
1 0.10319911867628632 0.284113027943686 0.014566642427339387 0.014871955324765339
2 0.34631242709638393 0.665782316552901 0.021923610848598056 0.01569874213417241
3 0.32324147027692574 0.2147037649317406 0.017318722289875597 0.010294006139345129
2 0.46960560493800485 0.665782316552901 0.021551498641832652 0.015515011732081993
2 0.5928987827796258 0.6651290529010239 0.02179957344634287 0.014647395944432635
3 0.6926248541927679 0.21029423528156996 0.017318722289875455 0.010018410536209454
3 0.5695797511556573 0.21160076258532423 0.017799367223614342 0.011207554527517042
3 0.4465346481185466 0.21290728988907848 0.01792340462586938 0.010911544435260226
3 0.8161661068388992 0.20947765571672353 0.017799367223614342 0.0100184105362095
2 0.7164400354257571 0.6638225255972695 0.021504984615986832 0.014871955324765432
2 0.8389889888538471 0.6628426301194539 0.02229572305536346 0.015219001639825175
1 0.10450151139996543 0.6677421075085324 0.015024030348155257 0.015157758172461512
2 0.3445759034648118 0.2808467096843003 0.021427461239577467 0.015821229068899358
2 0.22190291263446665 0.2824798688139931 0.021132872409221497 0.015392524797354952
3 0.2026771152849181 0.6004559513651877 0.017458264367412626 0.010870715457017847
2 0.7139592873806541 0.2770904436860068 0.021923610848598056 0.015392524797354952
2 0.5909141843435434 0.2785602869027304 0.021504984615986975 0.015280245107188553
2 0.8370043904177648 0.27643718003412965 0.021303423837322286 0.015106721949658682
2 0.46786908130643273 0.2801934460324232 0.021380947213731794 0.014984235014931737
3 0.44827117175011877 0.599476055887372 0.018342030858480605 0.01078905750053328
3 0.32522606871300813 0.5998026877133106 0.01806294670340655 0.010176622826898551
3 0.695105602237871 0.5975162649317406 0.018000928002278888 0.010334835117587508
3 0.8186468548840021 0.5965363694539249 0.018342030858480605 0.009788747533596431
3 0.5710681999827191 0.5981695285836177 0.018993227220320062 0.010952373413502603
3 0.9392112098760097 0.2086610761518771 0.01792340462586938 0.010656363321245692
3 0.9416919579211128 0.5955564739761091 0.0184505635854538 0.010416493074072074
0 0.08539975145267203 0.9179420861774743 0.009132253741035549 0.010452218430034084