3 0.43145591672914924 0.98602787456446 0.017148149781678657 0.010383275261323963
2 0.07474529175671503 0.2670905923344948 0.021210250077184307 0.0160975609756098
2 0.07645216777665065 0.659581881533101 0.021620429585851014 0.016097560975609704
2 0.32381687469677595 0.2639198606271777 0.021369029241829502 0.015783972125435544
2 0.5775856745909231 0.6572473867595818 0.021620429585851104 0.015592334494773657
2 0.19909584086799278 0.26543554006968645 0.020998544524324075 0.015296167247386734
2 0.8288272394478015 0.6552439024390244 0.02118378688307668 0.015296167247386734
2 0.44994045781325814 0.262595818815331 0.021911524721033717 0.015958188153310193
2 0.32558990870198035 0.6589024390243903 0.021210250077184307 0.015
2 0.451462091474441 0.6579094076655052 0.02220261985621662 0.015418118466899007
2 0.7037092577074053 0.6565853658536586 0.021580734794689662 0.014773519163763163
2 0.2008688748731972 0.659581881533101 0.021104397300754158 0.014721254355400788
2 0.5755612402416972 0.26125435540069686 0.020773607374410172 0.015174216027874554
3 0.555806465840427 0.5895470383275261 0.017743571649097983 0.010871080139372869
2 0.8268028050985755 0.2597560975609756 0.020456049045119933 0.015243902439024359
3 0.6819300489569091 0.5885540069686411 0.01761125567856042 0.010801393728223162
3 0.17934106646672252 0.591219512195122 0.017558329290345308 0.010714285714285742
3 0.3040621002955057 0.5908885017421603 0.017478939708022785 0.010557491289198424
3 0.8070480306973052 0.587212543554007 0.01694967582587202 0.009686411149825744
2 0.7011820226701363 0.26041811846689894 0.020151722312883216 0.014947735191637624
3 0.17793851717902354 0.19806620209059236 0.018087593172495926 0.010801393728222971
3 0.5542848321792442 0.19372822299651568 0.017478939708022855 0.010923344947735197
3 0.4294314823799233 0.5898780487804878 0.017148149781678657 0.009965156794425147
3 0.8050235963480792 0.1915679442508711 0.01741278172275393 0.009965156794425098
3 0.3025536982313765 0.19606271777003487 0.017148149781678657 0.01034843205574911
3 0.4281612490627619 0.19506968641114983 0.017677413663829203 0.010871080139372822
3 0.18174921713050768 0.98602787456446 0.017558329290345308 0.010226480836236836
3 0.6799056146076832 0.192404181184669 0.017346623737485002 0.010749128919860596
3 0.8080536320733914 0.9833623693379792 0.017280465752216076 0.010226480836236836
3 0.682948881930049 0.9847038327526133 0.017346623737485002 0.01043554006968634
3 0.3055837339566886 0.98602787456446 0.01741278172275393 0.010627177700348132
3 0.5573280995016099 0.9853658536585367 0.017743571649097983 0.010313588850174256
0 0.055109601728928696 0.9260104529616725 0.010267719313721156 0.011132404181184939
1 0.9291227451153355 0.586219512195122 0.010757288404710656 0.010226480836237025
1 0.9276011114541525 0.1912369337979094 0.010757288404710656 0.00972125435540074
1 0.9306311471794646 0.9827003484320559 0.01139240506329114 0.010627177700348132