3 0.2057753892276769 0.9737248322147652 0.017809082546928763 0.010117449664429614
3 0.6900700098797397 0.9730872483221479 0.01793683780192825 0.010167785234899232
3 0.5687791707832249 0.9737248322147652 0.018051817531427813 0.010083892617449616
3 0.44651739174871397 0.9743791946308726 0.017885735699928396 0.01
3 0.32571202262119714 0.9737248322147652 0.018192348311927224 0.01020134228187923
3 0.2016105679146936 0.2164597315436242 0.017464143358430155 0.010469798657718148
2 0.22203863318911188 0.28213087248322155 0.020198105815419243 0.01468120805369125
3 0.8108626034817566 0.9724496644295304 0.017809082546928836 0.009932885906040382
2 0.3428312267911287 0.2802013422818792 0.02107961707491566 0.015620805369127501
3 0.3222881817872109 0.21501677852348997 0.017336388103430668 0.010469798657718148
2 0.34454314720812185 0.659010067114094 0.020249207917419024 0.015083892617449616
3 0.4438217558682247 0.21357382550335577 0.017745204919428985 0.010906040268456417
2 0.4646075358566416 0.2792449664429531 0.021513984941914047 0.01550335570469798
3 0.6871316390147516 0.2111577181208054 0.017668551766429133 0.010973154362416129
2 0.5878530303546486 0.6573993288590605 0.020479167376418 0.015251677852349039
2 0.7081601539876674 0.27731543624161076 0.02107961707491566 0.014848993288590672
2 0.46631945627363475 0.6583557046979867 0.02165451572241346 0.01520134228187904
3 0.5658407999182368 0.21244966442953023 0.017464143358430155 0.011275167785234904
3 0.8084224781112663 0.21035234899328864 0.017745204919429127 0.010469798657718125
2 0.5863838449221546 0.27859060402684566 0.020555820529417852 0.01479865771812077
3 0.20345024358668623 0.5947651006711411 0.017272510475930886 0.010654362416107498
2 0.7096293394201616 0.6567617449664431 0.02045361632541829 0.014228187919463077
2 0.8294509930841822 0.27667785234899334 0.021692842298913315 0.01520134228187923
2 0.22436377883010258 0.6596476510067114 0.020530269478417854 0.0143959731543625
2 0.8309201785166764 0.6554697986577183 0.02127124995741507 0.014681208053691346
3 0.3242428371887031 0.5938087248322149 0.01754079651142986 0.010352348993288463
3 0.9301987871767793 0.20971476510067116 0.017745204919429127 0.010771812080536899
3 0.5673099853507308 0.5921979865771813 0.017336388103430737 0.01060402684563769
3 0.6890862944162437 0.5915604026845639 0.017885735699928542 0.010570469798657693
3 0.44577641126971695 0.5931711409395973 0.017464143358430155 0.010083892617449616
3 0.8098916635437606 0.5906040268456377 0.017464143358430297 0.010352348993288463
3 0.9326389125472695 0.9711577181208054 0.017540796511430007 0.009697986577181154
3 0.9321534425782715 0.5899496644295303 0.017809082546928836 0.010167785234899232