2 0.2277427253878601 0.27674295774647883 0.021542325016086338 0.01570422535211274
3 0.2059322942732537 0.20867957746478874 0.01847251018803168 0.010985915492957759
2 0.3543692357188818 0.2747183098591549 0.022239400872238607 0.016126760563380364
3 0.3328135053978694 0.20732394366197182 0.017909487381139653 0.010739436619718296
0 0.08220132980624865 0.9347007042253519 0.009745656681203979 0.011443661971831033
2 0.48189390147994565 0.27371478873239435 0.02245388575105461 0.015880281690140805
2 0.7377073353828554 0.2716901408450704 0.022038321298348502 0.014929577464788792
2 0.6099279688281976 0.2728697183098591 0.021823836419532353 0.014929577464788792
3 0.7151328018874669 0.2034507042253521 0.01868699506684783 0.011091549295774664
3 0.5878628369199971 0.20463028169014083 0.018325051833845616 0.01139084507042251
3 0.20786265818259814 0.6068309859154929 0.018405483663401744 0.01125
3 0.8424027668549366 0.20244718309859153 0.017909487381139507 0.010422535211267576
2 0.22992779009079858 0.6752288732394365 0.022199184957460472 0.01528169014084502
2 0.8644678987631371 0.2706866197183098 0.022494101665832603 0.015158450704225383
3 0.9706915349967826 0.2017781690140845 0.018271430614141722 0.011214788732394397
3 0.3346098162579538 0.606144366197183 0.018271430614141722 0.010950704225352107
2 0.35616554657896615 0.6745598591549296 0.021864052334310345 0.015580985915492913
3 0.7171838135411454 0.6037852112676055 0.01882104811610771 0.011126760563380458
3 0.8444537785086151 0.6024471830985915 0.018325051833845904 0.010792253521126819
2 0.8665189104168155 0.6711795774647887 0.02245388575105461 0.015158450704225288
3 0.46238918281261165 0.605475352112676 0.01868699506684783 0.010334507042253449
3 0.5899138485736756 0.604806338028169 0.018405483663401744 0.011302816901408429
2 0.7392489454493458 0.672200704225352 0.020925680989490054 0.01436619718309847
2 0.48369021234002996 0.6745598591549296 0.022319832701794447 0.015827464788732374
2 0.6114695788946879 0.6738908450704224 0.021274218917566368 0.014929577464788698
3 0.972233145063273 0.602112676056338 0.018271430614141722 0.010545774647887356
3 0.2097930220919425 0.9982394366197181 0.017426896403803533 0.0035211267605632203
3 0.3351326231500679 0.9982394366197181 0.018767426896403816 0.0035211267605632203
3 0.4624830199470937 0.9982394366197181 0.018767426896403816 0.0035211267605632203
3 0.5911739472367198 0.9982394366197181 0.018767426896403816 0.0035211267605632203
3 0.7185243440337455 0.9982394366197181 0.018767426896403816 0.0035211267605632203
3 0.8445342103381711 0.9973591549295774 0.018767426896403816 0.005281690140845209
3 0.9718846071351969 0.9973591549295774 0.018767426896403816 0.005281690140845209
1 0.4603381711589332 0.2061443661971831 0.018405483663401744 0.010862676056338075