0 0.051021038239315496 0.9190418118466899 0.009209191549420027 0.010923344947735055
1 0.9236316323380233 0.1910975609756098 0.010585277643011506 0.010505226480836238
1 0.9266616680633354 0.9822125435540069 0.010677898822387772 0.009459930313588908
3 0.4257134036078155 0.5899128919860628 0.017889119216689363 0.010627177700348512
2 0.07077581264058572 0.26662020905923345 0.020813302165571364 0.016393728222996534
2 0.44749261235831167 0.6579442508710802 0.021871829929872563 0.01571428571428574
2 0.5731133947867507 0.6566027874564461 0.021752745556388668 0.015418118466899007
2 0.3218850615269263 0.6586062717770036 0.021342566047722018 0.015365853658536632
3 0.17346623737485115 0.1974390243902439 0.017478939708022712 0.01083623693379792
3 0.6789794028139197 0.9837282229965156 0.017346623737485002 0.010592334494773467
2 0.699236977903233 0.6562717770034844 0.021461650421205767 0.014947735191637624
3 0.30009262117937635 0.5905923344947736 0.017346623737485148 0.010592334494773658
3 0.42723503726899836 0.9850696864111499 0.017346623737485148 0.01043554006968634
3 0.5518369867242977 0.5892508710801394 0.017743571649097983 0.010975609756097432
3 0.804084152957262 0.9830662020905923 0.017346623737485002 0.010470383275261383
3 0.3021302871256561 0.9844076655052265 0.017412781722754 0.010749128919860596
3 0.17537158735059322 0.5912543554006969 0.018034666784280885 0.010679442508710887
3 0.298319587174172 0.1957665505226481 0.017201076169893696 0.010801393728222971
2 0.19651567944250872 0.6589372822299653 0.02041635425395849 0.015069686411149709
3 0.5533586203854806 0.9844076655052265 0.01720107616989377 0.010383275261323963
3 0.17751510607330306 0.9850696864111499 0.01728046575221629 0.010592334494773467
3 0.6774577691527368 0.5879094076655053 0.018166982754818595 0.010592334494773658
2 0.824857760331672 0.6549477351916377 0.021580734794689662 0.015069686411149709
3 0.5498125523750717 0.1929268292682927 0.017889119216689363 0.01118466898954703
3 0.42394036960261106 0.19459930313588852 0.017677413663829203 0.010749128919860596
3 0.80105411723195 0.19094076655052264 0.0171481497816788 0.01034843205574911
3 0.6754333348035109 0.19193379790940768 0.017558329290345454 0.010627177700348416
3 0.803078551581176 0.5869163763066202 0.01720107616989377 0.010069686411149708
2 0.5715917611255679 0.260801393728223 0.021342566047722018 0.015121951219512179
2 0.07248268866052134 0.659616724738676 0.02113086049486173 0.016027874564459997
2 0.69771534424205 0.2601219512195122 0.021051470912539116 0.015174216027874554
2 0.3198473955806466 0.2636236933797909 0.020892691747893925 0.015783972125435544
1 0.9256560666872493 0.5862543554006969 0.01071759361354907 0.010226480836237025
2 0.44571957835310727 0.26229965156794427 0.021342566047722018 0.015783972125435544
2 0.8233361266704892 0.25979094076655057 0.021541040003528366 0.015662020905923366
2 0.19499404578132584 0.26547038327526135 0.021421955630044544 0.015243902439024359
0 0.057729457945574034 0.9717247386759582 0.0069730516473338385 0.022073170731707326