3 0.19492815600410537 0.2146283783783784 0.01630602121108445 0.009695945945945918
3 0.6817610331850839 0.20886824324324327 0.01599811837153613 0.010929054054054083
3 0.43791481354772493 0.2108445945945946 0.016190557646253823 0.011722972972972959
3 0.5599598015737257 0.20951013513513517 0.01625470407115967 0.011351351351351392
3 0.19640352377694154 0.5949155405405406 0.01599811837153613 0.011233108108108165
3 0.3173451932945604 0.5945945945945946 0.015343824837495785 0.010979729729729684
3 0.6837239137872051 0.5923310810810811 0.016370167635990515 0.010726351351351393
3 0.925838179952104 0.20675675675675678 0.017139924734861273 0.010929054054054034
3 0.4399546698597332 0.5936148648648649 0.016434314060896217 0.01131756756756772
3 0.804537290455012 0.5916722972972973 0.01599811837153613 0.009797297297297215
3 0.5614351693465618 0.5929729729729731 0.017345193294560392 0.01087837837837848
3 0.9278138898392063 0.5907094594594594 0.01599811837153613 0.010726351351351393
2 0.3364993157714677 0.27869932432432437 0.020218953130345458 0.015067567567567627
2 0.8241789257612042 0.2735304054054054 0.020411392405063292 0.014662162162162151
2 0.21544218268901816 0.2795101351351352 0.020065001710571333 0.015185810810810855
2 0.5805892918234691 0.275472972972973 0.020360075265138583 0.014104729729729778
2 0.7028780362641122 0.27466216216216216 0.021604515908313283 0.014611486486486455
2 0.4587880602121109 0.27788851351351357 0.02064231953472469 0.014273648648648607
2 0.2174050632911393 0.6615202702702703 0.0199880260006842 0.014831081081081075
2 0.33821843995894635 0.6608614864864866 0.02104002736914121 0.01518581081081076
2 0.7048409168662334 0.6589358108108109 0.021360759493670885 0.014949324324324303
2 0.09516763599042082 0.2812837837837838 0.019462025316455696 0.014949324324324399
2 0.46001967157030454 0.6602195945945947 0.020539685254875133 0.01478040540540538
2 0.5825521724255902 0.6598986486486487 0.02104002736914121 0.014898648648648797
3 0.1986101607937051 0.9757770270270271 0.01702446117003079 0.010152027027027088
2 0.8261418063633255 0.6582770270270271 0.02088607594936709 0.014898648648648797
3 0.6846989394457751 0.9752364864864866 0.017614608279165358 0.010388513513513544
3 0.44184057475196714 0.9764358108108108 0.017345193294560392 0.010388513513513544
3 0.5633980499486829 0.9757770270270271 0.01753763256927808 0.010118243243243417
3 0.8065001710571332 0.9744932432432433 0.016626753335614197 0.009847972972972912
3 0.3193080738966815 0.9757770270270271 0.01637016763599037 0.009729729729729873
3 0.9282244269586042 0.9725506756756757 0.016434314060896363 0.009949324324324682
2 0.09529592884023265 0.6621621621621623 0.019834074580910042 0.013631756756756772
3 0.3161007526513856 0.21246621621621622 0.016665241190557692 0.010185810810810759
3 0.8033698255217244 0.20841216216216218 0.016729387615463612 0.00868243243243242