3 0.19770125711170922 0.21790268456375841 0.017413041256430374 0.010234899328859062
3 0.31886434095322463 0.21677852348993287 0.017272510475930924 0.009731543624161081
3 0.4399124450652404 0.21501677852348997 0.018077368582427665 0.010520134228187908
3 0.6851769836132595 0.5938087248322149 0.017540796511429715 0.010285234899328847
3 0.8045131673082822 0.21164429530201342 0.017336388103430595 0.009815436241610721
3 0.44162436548223355 0.5954194630872484 0.01815402173542737 0.010855704697986539
3 0.1996559125132014 0.5966946308724833 0.017208632848431177 0.010805369127516921
3 0.5629152045787484 0.5944463087248323 0.018051817531427813 0.01102348993288596
2 0.3411193063741355 0.6609228187919465 0.021565087043913755 0.015671140939597306
3 0.5614460191462544 0.2137248322147651 0.0174130412564303 0.01093959731543625
3 0.3205762613702177 0.5963758389261745 0.01754079651142986 0.01
3 0.8069532926787722 0.5928523489932886 0.017668551766429133 0.009731543624160963
2 0.46265288045514946 0.6609228187919465 0.021194596804415218 0.015083892617449616
2 0.5844291895206623 0.6596476510067114 0.02165451572241346 0.014513422818791923
2 0.7062054985861753 0.659010067114094 0.021437331788914195 0.014848993288590578
2 0.22019895751711924 0.6615771812080538 0.021399005212414415 0.01520134228187904
3 0.6861606990767555 0.9737248322147652 0.01741304125643059 0.00996644295302038
3 0.6832223282117671 0.21276845637583894 0.01687646918543264 0.009731543624161081
3 0.32228818178721086 0.97501677852349 0.017208632848431177 0.010234899328858849
3 0.5643843900112425 0.9743791946308726 0.017745204919428985 0.010050335570469996
3 0.4435790208837257 0.97501677852349 0.017745204919428985 0.01020134228187923
3 0.9257912308792968 0.21083892617449668 0.017464143358430297 0.01028523489932887
2 0.827010867713692 0.6583557046979867 0.02185892413041244 0.015134228187919424
3 0.8074387626477703 0.9724496644295304 0.017272510475930886 0.009479865771812304
2 0.1014248969440943 0.28501677852348994 0.014257486457942966 0.014563758389261732
3 0.20186607842469254 0.9743791946308726 0.017272510475930886 0.01040268456375846
3 0.9282441317752872 0.5918791946308725 0.018013490954927956 0.010285234899328847
2 0.3394073859571424 0.2818120805369128 0.021322352059414778 0.01585570469798654
2 0.21837205737062654 0.283255033557047 0.020951861819916172 0.01531879194630875
3 0.9282441317752872 0.9718120805369129 0.01668483630293323 0.010167785234899232
0 0.08399908016216401 0.9075671140939598 0.009211153885463164 0.010050335570469996
2 0.7037653732156851 0.27812080536912753 0.0215139849419139 0.015134228187919424
2 0.8250434367866998 0.27731543624161076 0.020875208666916535 0.014848993288590672
2 0.10337955234558649 0.6628523489932886 0.014193608830443223 0.015134228187919424
2 0.46094096003815627 0.28117449664429534 0.021041290498415806 0.014446308724832211
2 0.5824745341191702 0.27939597315436243 0.021399005212414342 0.015251677852348943