3 0.19796954314720816 0.21323825503355706 0.015483936905938061 0.008942953020134231
3 0.5614460191462544 0.20847315436241615 0.01630157053793484 0.011073825503355698
3 0.4399124450652404 0.21035234899328864 0.015931080298436304 0.011644295302013413
3 0.6851769836132595 0.5886744966442954 0.016301570537934695 0.010520134228187886
3 0.31984805641672065 0.5909228187919463 0.015445610329438208 0.010906040268456346
2 0.21837205737062654 0.2782382550335571 0.02027475896841888 0.014563758389261732
2 0.4599700201001602 0.27531879194630876 0.020019248458419906 0.013959731543624135
2 0.33876860968214495 0.2763590604026846 0.02017255476441932 0.014395973154362404
2 0.8245579668177018 0.27040268456375843 0.020134228187919465 0.014513422818791923
2 0.5821295949306716 0.27362416107382553 0.02083688209041654 0.014345637583892597
2 0.7039314550471844 0.27295302013422823 0.021654515722413316 0.014731543624161058
2 0.22019895751711924 0.6561073825503356 0.02027475896841888 0.014563758389261732
2 0.5839437195516642 0.6545134228187919 0.021041290498415806 0.0143959731543625
2 0.3406338364051375 0.6557885906040269 0.02107961707491566 0.01479865771812096
2 0.4619246755016523 0.6551510067114095 0.02040251422341844 0.014177852348993459
3 0.2019810581541921 0.9692281879194631 0.01668483630293323 0.010117449664429614
2 0.7057200286171772 0.6535402684563759 0.02127124995741507 0.014446308724832307
2 0.8265126222191941 0.6529026845637584 0.02095186181991624 0.014899328859060385
2 0.09872926106360509 0.27812080536912753 0.019406023234422393 0.014731543624161058
3 0.5653553299492385 0.9692281879194631 0.017809082546928836 0.010520134228188075
3 0.44406449085272376 0.9698825503355706 0.017336388103430737 0.010721476510067305
3 0.6856624535822574 0.9685906040268457 0.017208632848431177 0.010318791946308845
3 0.32204544680271185 0.9692281879194631 0.01642932579293429 0.010167785234899232
3 0.8064678227097742 0.9673154362416108 0.01668483630293323 0.00959731543624154
3 0.9282441317752872 0.966023489932886 0.01642932579293411 0.010117449664429614
2 0.09872926106360509 0.6570805369127517 0.019865942152420563 0.012818791946308654
3 0.3186854835962253 0.2105536912751678 0.01625046843593502 0.0093791946308725
3 0.6829412666507684 0.2060570469798658 0.01668483630293323 0.008842281879194664
3 0.8040021462882841 0.20538590604026846 0.016838142608932644 0.008909395973154375
3 0.9253951895887986 0.20481543624161075 0.016582632098933812 0.009546979865771826
3 0.441496610227234 0.5907382550335571 0.01604606002793572 0.011140939597315385
3 0.5627107961707492 0.5902348993288591 0.016493203420433963 0.009681208053691156
3 0.8058418219602766 0.5882046979865773 0.015777773992436746 0.009630872483221538
3 0.9273881715667905 0.587265100671141 0.015356181650938501 0.008406040268456346
3 0.19982199434470072 0.5916275167785235 0.015867202670936525 0.010100671140939614