3 0.1688264102380782 0.20433098591549292 0.017038142560949442 0.010105633802816906
3 0.6775175162651033 0.1983274647887324 0.016716415242725362 0.01139084507042251
3 0.4227228855365696 0.20038732394366196 0.016917494816615468 0.012218309859154933
3 0.5502475512976336 0.19899647887323943 0.016984521341245406 0.01183098591549296
3 0.17036802030456852 0.6006866197183097 0.016716415242725435 0.01170774647887318
3 0.29673982984199615 0.6003521126760564 0.016032744691499286 0.011443661971831033
3 0.6795685279187818 0.5979929577464789 0.01710516908557938 0.011179577464788698
3 0.9325534424823049 0.19612676056338027 0.017909487381139507 0.01139084507042251
3 0.4248543290198041 0.5993309859154929 0.017172195610209464 0.011795774647887357
3 0.8058062844069492 0.597306338028169 0.016716415242725362 0.010211267605633718
3 0.5517891613641238 0.5986619718309859 0.018123972259955656 0.011338028169014176
3 0.9346178594409095 0.5963028169014084 0.016716415242725362 0.011179577464788698
2 0.3167539500965182 0.27110915492957743 0.02112676056338023 0.01570422535211274
2 0.8263298062486594 0.26572183098591545 0.02132784013727055 0.015281690140845114
2 0.19026149281475654 0.27195422535211267 0.020965896904268262 0.015827464788732374
2 0.5718032816186458 0.26774647887323944 0.021274218917566368 0.014700704225352107
2 0.6995826481733037 0.2669014084507042 0.02257453349538859 0.01522887323943659
2 0.44453331665117607 0.27026408450704226 0.021569135625938356 0.014876760563380269
2 0.19231250446843495 0.6701056338028168 0.020885465074712208 0.01545774647887318
2 0.31855026095660255 0.669419014084507 0.021984700078644392 0.015827464788732374
2 0.7016336598269822 0.6674119718309858 0.022319832701794735 0.015580985915492913
2 0.0645867591334811 0.27380281690140845 0.02033584757274611 0.015580985915493006
2 0.4458202259240723 0.66875 0.021461893186530284 0.01540492957746475
2 0.5738542932723242 0.6684154929577465 0.021984700078644465 0.015528169014084672
3 0.1722581682991349 0.9955985915492958 0.017426896403803533 0.008802816901408429
2 0.828380817902338 0.6667253521126759 0.021823836419532353 0.015528169014084672
3 0.6796489597483377 0.9955985915492958 0.018767426896403816 0.008802816901408429
3 0.42628869664688634 0.9955985915492958 0.018767426896403816 0.008802816901408429
3 0.5529688281976121 0.9955985915492958 0.01742689640380346 0.008802816901408429
3 0.8076696217916636 0.9947183098591548 0.017426896403803606 0.01056338028169004
3 0.2982680346035604 0.9955985915492958 0.017426896403803533 0.008802816901408429
3 0.9350468291985413 0.9942781690140845 0.017172195610209464 0.010369718309859385
2 0.06472081218274112 0.6707746478873239 0.020724601415600202 0.01420774647887337
3 0.29543951526417384 0.20207746478873237 0.01741349109887756 0.010616197183098563
3 0.8045864016586831 0.19785211267605632 0.017480517623507497 0.009049295774647845