2 0.22252370392293805 0.2813286493288591 0.020403100600077044 0.014451814177852308
3 0.2021053201014377 0.21677721266778524 0.017468722086807546 0.010086161978292789
2 0.343322286052533 0.2795623164848994 0.020953296571315064 0.015134260958473172
3 0.32278163645964647 0.21517145553691278 0.017208907322611856 0.0101212879155306
3 0.6871336351906109 0.21147821413590606 0.01788136906523604 0.010648176974098172
2 0.46460993126767286 0.2787594379194631 0.021442359656860015 0.015254692743288558
3 0.44406928167478626 0.214047425545302 0.01780495295811973 0.010397277422399327
2 0.7086524109545873 0.2766719536493289 0.020922730128468566 0.014562209980599808
3 0.5658459899754711 0.2129233955536913 0.017545138193924004 0.010939220454068775
3 0.8084212804057508 0.21067533557046986 0.017407589201114407 0.009890460327967716
3 0.2038170409008449 0.5957358955536913 0.017667403965310205 0.010316989565855769
2 0.8299400561697272 0.2760296507969799 0.02156462542824629 0.014853253460570481
2 0.5863866395683577 0.27795655935402686 0.020250268385844348 0.014231022572357404
2 0.2247244878078902 0.6615719379194632 0.02087688046419875 0.014512030070260001
3 0.32424882571628116 0.5950935927013423 0.017606271079617104 0.010648176974098079
3 0.9301979887064356 0.2105147598573826 0.01733117309399795 0.010357133494127525
2 0.3450340068519402 0.6602873322147652 0.020754614692812475 0.014963649263317886
3 0.44578100247419344 0.5947724412751679 0.017132491215495364 0.010121287915530578
3 0.5673131792321058 0.5938089869966443 0.01727004020830496 0.010648176974098079
3 0.6890898875327907 0.5928455327181209 0.01788136906523604 0.010527745189282693
3 0.8103775327479305 0.5918820784395974 0.017606271079617142 0.010316989565855769
2 0.8314072454263619 0.6570758179530202 0.021274244221203924 0.014070446859270192
2 0.710119600211222 0.6583604236577182 0.021243677778357284 0.013960051056522692
2 0.5878538288249924 0.6596450293624162 0.0206323489214262 0.014512030070260001
2 0.4665661836098525 0.6602873322147652 0.021518775763976473 0.015134260958473079
3 0.9321542410486152 0.5912397755872484 0.017468722086807692 0.010121287915530578
3 0.44700366018805576 0.973088821308725 0.01794250195092918 0.009965730193477308
3 0.6905570767894254 0.972446518456376 0.017804952958119583 0.010086161978292693
3 0.5687803684887406 0.973088821308725 0.018018918058045636 0.010121287915530578
3 0.32596054651568834 0.973088821308725 0.01780495295811973 0.010121287915530578
3 0.8113556589190203 0.9711619127516778 0.017468722086807692 0.009699776668676729
3 0.20626235632856948 0.973088821308725 0.01740758920111448 0.009930604256239425
3 0.9326433041341602 0.9705196098993291 0.017071358329802225 0.009549236937657118