3 0.4470446528434999 0.21218644067796608 0.017719177492901958 0.010796610169491506
3 0.450258108921965 0.9808983050847458 0.01784823195388466 0.01027118644067779
3 0.20274455820356188 0.21510169491525422 0.017783704723393235 0.01045762711864408
3 0.3247784565086466 0.2136440677966102 0.01717714875677541 0.01057627118644073
2 0.4680418136453583 0.27803389830508474 0.021577905876279783 0.015711864406779626
3 0.20695173363159255 0.9802372881355933 0.017783704723393235 0.009983050847457662
2 0.22374171900542028 0.28064406779661016 0.020893917233072375 0.01511864406779665
2 0.3452723049126732 0.2790169491525423 0.021048782586251317 0.01594915254237293
3 0.5703045685279188 0.21122033898305084 0.017383635894347476 0.011220338983050861
3 0.6928288737847371 0.2097457627118644 0.01764174481631245 0.01076271186440683
3 0.5737632280822507 0.9802372881355933 0.017925664630474025 0.010305084745762466
3 0.6962875333390691 0.9795932203389831 0.01806762453755481 0.01027118644067779
2 0.7140712380624623 0.27610169491525427 0.021216553385528848 0.014830508474576239
3 0.8183214316441538 0.9789491525423729 0.017448163124838757 0.010033898305085056
3 0.8153531790415554 0.20894915254237287 0.01730620321775797 0.010220338983050824
2 0.8365955433192807 0.2751186440677966 0.02187473113653958 0.015237288135593208
2 0.5910565258539103 0.2770677966101695 0.020661619203303786 0.014372881355932255
3 0.5717886948292179 0.5971016949152542 0.017719177492901958 0.011016949152542376
3 0.32650778628581256 0.5984067796610169 0.01724167598726669 0.010677966101694854
3 0.20435773896584358 0.5993728813559321 0.017241675987266617 0.010576271186440635
3 0.6948034070377699 0.596135593220339 0.01806762453755481 0.01071186440677972
2 0.3472468381657059 0.6649152542372881 0.02148756775359205 0.01535593220338967
2 0.5925406521552095 0.6642542372881356 0.02076486277208989 0.014661016949152478
2 0.4700163468983911 0.6642542372881356 0.02202959648971874 0.015288135593220318
3 0.4492772950184978 0.5980847457627118 0.017512690355330037 0.010220338983050775
2 0.22560010324356877 0.6655593220338983 0.020842295448679323 0.014661016949152478
3 0.8173277122945883 0.5951525423728813 0.017448163124838757 0.010508474576271283
2 0.7160457713154951 0.6629661016949151 0.021577905876279783 0.014271186440677942
3 0.9383678912501076 0.20828813559322032 0.017590123031919543 0.010796610169491553
2 0.8385700765723135 0.6616610169491525 0.021048782586251317 0.014271186440677942
3 0.9408328314548738 0.9776440677966101 0.017990191860965447 0.009762711864406887
3 0.9403424245031402 0.5945084745762711 0.017848231953884373 0.010305084745762845
3 0.32855975221543493 0.9815254237288135 0.019358169147380255 0.011389830508474764