2 0.22079151386260001 0.277247748940678 0.020409887386539653 0.014943475238347426
3 0.3251567473974017 0.9762049788135592 0.01806321349640795 0.010503012447034053
3 0.19979495800352748 0.21106660487288134 0.01806321349640795 0.01091867220603812
2 0.3424480286931085 0.27546345338983047 0.02104287179111459 0.01583562301377119
3 0.20411777832745417 0.9762049788135592 0.018202161292534224 0.010503012447034053
2 0.4652161258926267 0.2743279925847457 0.02136708331540906 0.015713966498940694
3 0.8152410629785769 0.9742584745762711 0.017723563328099413 0.009991041280455496
3 0.4442195700335541 0.20814684851694915 0.01778531790415555 0.011091018935381338
3 0.4474308079884711 0.9762049788135592 0.01784707248021169 0.010381355932203557
3 0.6932140206917318 0.9755561440677967 0.01826391586859029 0.010543564618643964
3 0.32194550944248473 0.20976893538135594 0.01724496536366475 0.010634807004766931
3 0.5672346855372967 0.20701138771186442 0.01784707248021169 0.011222813493114407
3 0.570692941796438 0.9762049788135592 0.018510934172814696 0.010543564618643964
3 0.6902498010410393 0.20587592690677967 0.01784707248021169 0.010837567862817773
2 0.7114933752043362 0.27221927966101694 0.021135503655198725 0.014771128509004257
3 0.8127708799363331 0.2049026747881356 0.017445667735847013 0.010345872782044505
2 0.5884782597005936 0.2740035752118644 0.02088848535097432 0.01442643505031782
2 0.8340144540996299 0.27140823622881355 0.021660417551675675 0.01517665022510594
3 0.32367463757205533 0.5933924788135593 0.01750742231190315 0.010837567862817726
3 0.5692108319710918 0.5920948093220338 0.017584615531973213 0.011050466763771093
3 0.20164759528521034 0.594041313559322 0.01750742231190315 0.01126336566472465
3 0.4464427347715736 0.5930680614406779 0.01778531790415555 0.010381355932203367
2 0.34442417512690354 0.6602224576271186 0.020764976198862188 0.015176650225105845
2 0.46694525402219733 0.6602224576271186 0.02166041755167553 0.01534899695444911
2 0.2226441511442829 0.6608712923728813 0.02108918772315666 0.014943475238347522
2 0.5899603695259399 0.6595736228813559 0.020934801283016388 0.014943475238347522
3 0.6922259474748343 0.5911215572033898 0.01812496807246409 0.010797015691207624
3 0.9377621418738706 0.9736096398305085 0.017445667735847013 0.009686899993379256
3 0.9357859954400758 0.20441604872881355 0.017646370108029205 0.010756463519597475
2 0.7129754850296824 0.6582759533898305 0.021135503655198725 0.01410201767743653
3 0.8147470263701281 0.5901483050847457 0.017723563328099413 0.010675359176377129
2 0.8354965639249763 0.6566538665254237 0.02128989009533885 0.01465961003707624
3 0.9377621418738706 0.5894994703389831 0.017785317904155697 0.010421908103813469
0 0.08042336248709454 0.9100238347457625 0.009162835222323178 0.010878120034428018