2 0.09005497315088432 0.7090728440766552 0.02113146780449214 0.015360018102134063
2 0.3388839423543422 0.7084059233449478 0.021210611878666297 0.014724359279725641
2 0.46475467792087505 0.7077390026132405 0.021289755952840453 0.01489108946265238
2 0.7162428880165836 0.7064051611498259 0.02097317965614383 0.014380478277439011
2 0.21377298989988092 0.7090728440766552 0.02007093721055884 0.014109541730182968
3 0.19300558483658978 0.640713469076655 0.016762714910080263 0.010509211842606685
2 0.5906254134874079 0.7070720818815331 0.020894035581969672 0.014276271913109706
3 0.31710349314162223 0.6403800087108015 0.0176174709111608 0.011014612709603662
2 0.8418603625457594 0.7050713196864112 0.022081196694581723 0.014661835461128021
2 0.33711111509284175 0.314589231271777 0.021210611878666297 0.015005716463414653
3 0.6949689608785781 0.6377123257839722 0.017617470911160945 0.011400176257621979
2 0.4627285896220174 0.3127551992595819 0.021210611878666297 0.014547208460365842
2 0.08783893907400873 0.3172569141986063 0.0206091169149429 0.015599692740091485
3 0.4429742287081551 0.6400465483449478 0.017015975947437475 0.010712414253048716
3 0.5693514863494024 0.6390461672473868 0.01655694031722757 0.01131681116615861
2 0.5885993251885503 0.3115880879790941 0.02002345076605439 0.013838605182926832
2 0.7142167997177259 0.31058770688153314 0.020498315211099183 0.013838605182926832
3 0.9462039099369295 0.6353781032229965 0.017554155651821675 0.00976413633765238
2 0.21225342367573768 0.3162565331010453 0.020894035581969745 0.014432581459603662
3 0.1907262355003749 0.24773042791811847 0.016952660688098208 0.01122302543826218
3 0.31533066588012176 0.24622985627177704 0.0176174709111608 0.010754096798780494
3 0.44145466248401183 0.2455629355400697 0.01741169631830811 0.010972930163871979
3 0.8205864354077538 0.6367119446864112 0.01728506579962943 0.010311219750381042
2 0.8403407963216161 0.30958732578397213 0.021258098323170674 0.014109541730182968
3 0.5668188759758304 0.24389563371080145 0.017348381058968843 0.010837461890243863
3 0.6929428725797203 0.24272852243031362 0.01707929120677674 0.010972930163871979
3 0.9441778216380717 0.24139468096689895 0.016556940317227428 0.010592576934070147
3 0.8190668691836105 0.24222833188153312 0.016620255576566982 0.010347691977896338
0 0.069667459643629 0.9158182709059234 0.008864136307502312 0.011056295255335347