2 0.22754938503197178 0.2764968548512223 0.0208097784198421 0.015374849086193694
3 0.20669277290225757 0.20934660854049578 0.017703142331658636 0.010817046741393119
3 0.9526601037452694 0.9864415965589765 0.01770314233165871 0.009930234520458913
2 0.35069081952238024 0.2748469716494845 0.02099711325933059 0.01598324351683447
3 0.3297093174996737 0.20769672533875805 0.017640697385162427 0.010724240811295388
2 0.47483137315672713 0.2736920534082681 0.02160595148766808 0.016045114136899623
2 0.7238618197833746 0.2717121935661828 0.02137178293830742 0.015086119525889547
3 0.7018811986167296 0.20390199397476122 0.01804658953738747 0.011064529221653782
3 0.45384987113402053 0.20637681877736783 0.017312861416057698 0.010765487891338825
3 0.8262715320370612 0.20291206405371856 0.017578252438666432 0.010559252491121598
2 0.5989719267910739 0.2728671118073992 0.02071611100009782 0.015024248905824393
3 0.5779904247683674 0.2052219005361514 0.017578252438666286 0.011198582231794997
3 0.20819145161816519 0.5987190441506051 0.01704747039344904 0.010641746651208565
2 0.8477525936317368 0.27088725196531394 0.02160595148766794 0.015498590326324002
2 0.2295476233198486 0.6657043021411577 0.020965890786082447 0.014508660405281443
3 0.9506618654573926 0.20241709909319724 0.01743775130905012 0.01089954090148004
3 0.33145777600156595 0.5980590908699099 0.017703142331658563 0.010765487891338871
3 0.2105643595850189 0.989081409681757 0.01792169964439512 0.0101210022656599
2 0.3524392780242724 0.6650443488604626 0.020887834602962344 0.01526141961607415
3 0.8287693298969071 0.9871015498396717 0.017984144590891333 0.010399420055953283
2 0.7253604984992821 0.6633944656587248 0.02104394696920269 0.013694030574423394
3 0.4555983296359128 0.5973991375892148 0.017703142331658563 0.010363328860915181
2 0.8492512723476444 0.6617445824569872 0.021855731273652493 0.014673648725455188
3 0.7043789964765758 0.5957492543874771 0.018546149109356577 0.01098203506156691
3 0.8282697703249379 0.5944293478260868 0.01812464572050764 0.010641746651208565
3 0.5799886630562442 0.5964092076681722 0.01812464572050764 0.011023282141610347
2 0.6004706055069815 0.6637244422990725 0.02107516944245076 0.015086119525889547
3 0.7053781156205141 0.9877615031203668 0.018265146850123953 0.010559252491121503
2 0.4765798316586193 0.6650443488604626 0.021824508800404565 0.015498590326323907
3 0.5814873417721518 0.989081409681757 0.018265146850123953 0.010523161296083591
3 0.33295645471747354 0.989081409681757 0.01818709066700378 0.010481914216040155
3 0.45659744877985114 0.989081409681757 0.01812464572050764 0.010600499571164938
3 0.9521605441733002 0.5940993711857394 0.01778119851477888 0.010363328860915181