3 0.20088738092131017 0.20008275006033857 0.01658619339684194 0.009895528048822537
3 0.6960850841706901 0.1942040478571182 0.016273000130497133 0.011154018549805194
3 0.4480490669450606 0.19622108057787122 0.016468745921962683 0.01196427955728717
3 0.5721910478924702 0.19485915250146535 0.01653399451911772 0.011585008447402
3 0.2023880986558789 0.5881977726442091 0.016273000130497203 0.011464331276074807
3 0.3254078037322197 0.5878702203220356 0.01560746443951455 0.011205737337516829
3 0.6980816912436383 0.5855601144709168 0.01665144199399705 0.01094714339895885
3 0.9443559963460785 0.1920490983691342 0.017434425159858966 0.011154018549805194
3 0.4501239723345948 0.586870323759611 0.016716690591152234 0.011550529255594386
3 0.8209708991256688 0.5848877702306656 0.016273000130497133 0.009998965624245756
3 0.5736917656270389 0.5862152191152639 0.017643220670755553 0.01110229976209375
3 0.9463656531384576 0.583905113264145 0.016273000130497133 0.01094714339895885
2 0.34489103484275085 0.2654725373237251 0.020566357823306763 0.015377719546253853
2 0.840950019574579 0.26019722097714026 0.020762103614772313 0.014963969244560877
2 0.2217538822915307 0.26630003792711093 0.020409761190134393 0.015498396717580997
2 0.5931749967375701 0.26217977450608554 0.020709904737048167 0.014395062579733192
2 0.7175649223541694 0.2613522739026997 0.021975727521858293 0.014912250456849244
2 0.4692809604593501 0.26464503672033923 0.020996998564530828 0.014567458538771876
2 0.22375048936447864 0.6561734992931765 0.020331462873548173 0.015136365203599657
2 0.3466396972465091 0.6555011550529255 0.021401539866892822 0.015498396717580902
2 0.7195615294271173 0.653535841119884 0.02172778285266874 0.015257042374926802
2 0.09941276262560354 0.26811019549701753 0.019796424376875885 0.015257042374926802
2 0.47053373352472916 0.6548460504085784 0.020892600809082534 0.015084646415888024
2 0.595171603810518 0.6545184980864048 0.021401539866892822 0.015205323587215169
3 0.20463265039801645 0.9768989414888114 0.01731697768497978 0.010360997138227001
2 0.8429466266475271 0.6528634968796331 0.021244943233720524 0.015205323587215169
3 0.6990734699203967 0.9763472744198876 0.017917264778807177 0.010602351480881293
3 0.45204228109095645 0.9775712857290623 0.017643220670755553 0.010602351480881293
3 0.5756883726999869 0.9768989414888114 0.017838966462220957 0.010326517946419245
3 0.8229675061986167 0.9755887322001171 0.016912436382617784 0.0100506844119572
3 0.32740441080516763 0.9768989414888114 0.01665144199399705 0.009930007240630244
3 0.9467832441602504 0.9736061786711718 0.016716690591152092 0.010154121987380848
2 0.09954325981991385 0.6568286039375236 0.02017486624037584 0.013912353894424707
3 0.3241419809474096 0.19787608178464294 0.016951585540910894 0.010395476330034757
3 0.8197833746574449 0.19373857876771364 0.017016834138066077 0.008861152294590195