1 0.9258433918491277 0.2023265941722973 0.009653598447389241 0.010427114125844572
0 0.08037847727078345 0.9120169974662163 0.009285257648124786 0.010507944467905568
1 0.9292812393089291 0.9689215582770271 0.010965812544769 0.009765315700221891
2 0.5864787354601437 0.6530365815033784 0.020841950225047076 0.015004132245038023
2 0.34263712634707494 0.6549765097128378 0.020335481626058412 0.014610084327491488
2 0.46468071117003085 0.6540065456081081 0.021333071290732992 0.014892990524704336
3 0.1993525554332022 0.20846970016891891 0.01728132249882397 0.010679708944784636
3 0.810429941412932 0.97021484375 0.016943676766164813 0.009916872591585767
2 0.7092590018816286 0.6523899387668919 0.021087510757890032 0.014104894689611456
2 0.0994094185661136 0.27572054476351354 0.0203661766926638 0.015842747043918925
2 0.22145300338906945 0.6549765097128378 0.020289439026150383 0.014610084327491488
3 0.6891230381885051 0.9708614864864866 0.016943676766164813 0.010154311721389225
3 0.32004555732552176 0.2066914326435811 0.016759506366532704 0.010467529296875
1 0.9282989971775574 0.5854624155405407 0.010589797978853116 0.010189674996040973
3 0.20070313836383855 0.5896655933277027 0.017204584832310518 0.010154311721389414
3 0.8084654571501881 0.2023265941722973 0.016498598300387142 0.009805730871252128
2 0.10106695216280363 0.6556231524493245 0.020811255158441653 0.01512537775812916
2 0.8310570261717415 0.6514199746621623 0.021240986090916937 0.014438319850612325
3 0.4452814290754363 0.9721547719594595 0.016437208167176295 0.010113896550359035
3 0.32348340478532334 0.9721547719594595 0.01668276870001925 0.01076053928684549
3 0.5643782875042765 0.20426652238175677 0.01728132249882397 0.010800954457875822
3 0.6856851907287035 0.20313489759290543 0.01714319469909967 0.010548359638935807
3 0.20315874369226822 0.9715081292229731 0.016820896499743408 0.010467529296875
2 0.46296178744013 0.271679027660473 0.021240986090916937 0.015236519478462848
3 0.5673250138983921 0.9721547719594595 0.01668276870001925 0.010113896550359035
3 0.44184358161563464 0.20572146853885137 0.017204584832310518 0.010598878602723828
2 0.3411637631500171 0.27281065244932434 0.020488956959085314 0.014660603291279604
2 0.8290925419089976 0.2687691353462838 0.02084195022504693 0.014832367768158767
2 0.7072945176188847 0.26957743876689194 0.020534999558993416 0.015004132245038023
2 0.5850053722630859 0.2703857421875 0.020611737225506722 0.014660603291279604
3 0.44380806587837845 0.5883723078547298 0.01728132249882397 0.010073481379328465
3 0.32176448105542255 0.588695629222973 0.01694367676616496 0.01054835963893576
2 0.21985685992559015 0.27442725929054057 0.020135963693123482 0.014327178130278733
3 0.5658516507013343 0.5874023437500001 0.016820896499743408 0.01072012411581511
3 0.8094476992815601 0.5857857369087839 0.016943676766164813 0.009916872591585767
3 0.6881407960571332 0.5864323796452703 0.017204584832310663 0.01050794446790538
0 0.0875611228564403 0.9585752744932434 0.006729893353227652 0.019884264146959367