3 0.33246905491824896 0.9821641710069445 0.01845540879647943 0.01055579715304892
3 0.2085496604694093 0.9821641710069445 0.01845540879647943 0.010275416904025482
3 0.708770108122363 0.9814995659722223 0.018518504211168345 0.010353300306531992
3 0.45739797600210974 0.9821641710069445 0.01845540879647943 0.01059733496771931
3 0.5830840420622363 0.9821641710069445 0.018912850552973412 0.010436375935872396
2 0.22558542243539031 0.2665506998697917 0.021058094652393198 0.014673233032226562
3 0.2045115539293249 0.1995917426215278 0.01796641933264106 0.010275416904025624
3 0.8334466475474683 0.9808349609375 0.017761359234902522 0.010514259338378906
2 0.6027698114451477 0.6578369140625 0.021136963920754266 0.015192455715603235
2 0.4773361270437764 0.6578369140625 0.022209585970464088 0.015784369574652714
3 0.32893571169567515 0.19776407877604169 0.01823457484506852 0.010436375935872396
2 0.3501357710311182 0.264556884765625 0.021673274945609177 0.015971289740668436
2 0.7289606408227848 0.6565077039930556 0.02195720431170886 0.014777077568901974
2 0.35215482430116035 0.6585015190972223 0.021594405677248105 0.01590898301866313
3 0.45436939609704646 0.19643486870659724 0.01859737347952927 0.010799831814236095
2 0.47556945543248946 0.2632276746961806 0.022477741482891615 0.01615820990668406
2 0.22735209404667722 0.6591661241319445 0.020774165286293514 0.015722062852647507
2 0.7269415875527427 0.2612338595920139 0.02195720431170886 0.015545527140299479
3 0.705236764899789 0.19410875108506945 0.018029514747329906 0.010976367526584218
2 0.8536371802478904 0.6551784939236112 0.02172059650662579 0.01495361328125
3 0.5800554621571731 0.19527180989583337 0.01768248996654145 0.01136059231228297
3 0.20615203471123417 0.5913764105902778 0.01796641933264106 0.010799831814236048
3 0.8304180676424051 0.19311184353298613 0.01735123903942501 0.010155995686848959
2 0.8521228902953587 0.2605692545572917 0.022477741482891615 0.015607833862304688
2 0.6012555214926161 0.2625630696614583 0.02126315475013181 0.015368991427951357
3 0.3309547649657173 0.5907118055555556 0.017824454649591294 0.010934829711914062
3 0.9561041337025317 0.1924472384982639 0.017682489966541308 0.010799831814236095
3 0.7072558181698313 0.5880533854166666 0.01823457484506866 0.011059443155924479
3 0.5815697521097046 0.588717990451389 0.017966419332641134 0.011142518785264694
3 0.45613606770833337 0.5900472005208334 0.017887550064280063 0.01059733496771912
3 0.9586279502900845 0.9795057508680556 0.01823457484506866 0.010155995686848959
3 0.8324371209124473 0.5870564778645834 0.017887550064280063 0.010633680555555618
3 0.9581231869725739 0.5863918728298612 0.018108384015690832 0.010555797153049109