2 0.10190938283038838 0.7431207337883958 0.020776264877737937 0.015515011732081993
2 0.46874999999999994 0.7424674701365187 0.021504984615986975 0.01498423501493183
2 0.3457048969628893 0.7424674701365187 0.02134993786316796 0.01481071185740196
2 0.22340401833930962 0.7431207337883958 0.020667732150764673 0.014361593096736366
2 0.7153363556832418 0.7405076791808873 0.020931311630556882 0.01431055687393344
2 0.5922912526461312 0.7418142064846416 0.021427461239577467 0.014137033716403569
3 0.20281380956495437 0.6764878412969282 0.016357432422398184 0.010707399544048712
2 0.46726155117293816 0.3531223336177474 0.02090030227999305 0.015106721949658682
3 0.3248666133840238 0.6758345776450512 0.01635743242239811 0.010416493074072074
2 0.34421644813582747 0.3541022290955631 0.021551498641832652 0.015341488574552026
2 0.5903066542100488 0.3521424381399317 0.020977825656402556 0.014698432167235466
2 0.71384790685618 0.35083591083617743 0.020621218124918853 0.01493319879212881
2 0.2216674947077375 0.35540875639931735 0.020776264877737937 0.014586152477069068
3 0.4479117164211345 0.675181313993174 0.01672954462916366 0.010258280783383119
2 0.09973872829092323 0.35671528370307165 0.019845984360824284 0.01475967563459894
2 0.8383814587203525 0.739201151877133 0.02167553604408769 0.014249313406569968
3 0.6944980721043763 0.6738747866894197 0.017194684887620416 0.010656363321245787
3 0.5714529690672656 0.6745280503412969 0.0168535820314187 0.010217451805140741
3 0.20058113632436167 0.2892658116467577 0.016853582031418773 0.010829886478775563
3 0.32288201494794144 0.2879592843430034 0.016931105407828207 0.010334835117587413
3 0.9405882781785977 0.6719149957337883 0.016931105407828207 0.010375664095829696
3 0.44642326759407264 0.28730602069112626 0.017318722289875597 0.010707399544048618
3 0.5694683706311833 0.28567286156143346 0.017318722289875597 0.010574705364761124
2 0.83639686028427 0.3501826471843003 0.020822778903583687 0.014473872786902764
3 0.817543175141487 0.6725682593856654 0.01672954462916366 0.010176622826898551
3 0.6930096232773145 0.28436633425767915 0.016481469824653296 0.009941856202005113
3 0.8160547263144251 0.2838763865187713 0.015613208008867159 0.009451908463097236
3 0.9390998293515357 0.2835497546928327 0.01592330151450519 0.009982685180247397
0 0.08206339846956408 0.9155823378839589 0.009310557506777329 0.010334835117587317