3 0.4443130091673815 0.21337124491227177 0.016694231827378895 0.008327018427474565
2 0.34283322296698804 0.27924116505872487 0.02055593281430989 0.015495556312919424
0 0.08375205339956734 0.9076980304841754 0.009070591914715919 0.009965730193477308
3 0.5653569268899261 0.21260224412751677 0.017468722086807546 0.011200155987835553
3 0.6871336351906109 0.21099648699664433 0.01774382007242659 0.010768608758913582
2 0.46436539972490043 0.2782777107802014 0.021365943549743704 0.015314908635696345
3 0.3222925733741015 0.21485030411073827 0.017010225444109236 0.010397277422399327
2 0.22215690660877938 0.28084692218959734 0.020403100600077044 0.014853253460570481
2 0.7081633478690423 0.2763508022231544 0.020724048249965835 0.014512030070260095
2 0.5863866395683577 0.27763540792785235 0.020280834828690843 0.014010230966862405
3 0.20161625701589275 0.21645606124161076 0.01774382007242659 0.010477565278942957
3 0.8084212804057508 0.21035418414429533 0.01713249121549551 0.010161431843802452
3 0.5673131792321058 0.5941301384228188 0.01780495295811973 0.01068832090237
2 0.8294509930841822 0.27554792365771813 0.021656324756785923 0.015023865155725673
3 0.44578100247419344 0.5950935927013423 0.01788136906523604 0.010316989565855769
2 0.34454494376639533 0.6609296350671141 0.02099914623558488 0.01508408104813346
3 0.6890898875327907 0.5931666841442954 0.01801891805804549 0.01068832090237
3 0.3240042941735087 0.5954147441275168 0.017407589201114446 0.010858932597525192
3 0.20320571204391374 0.5960570469798658 0.01794250195092918 0.01128044384437923
2 0.4660771205243076 0.6602873322147652 0.02156462542824629 0.01519447685088096
2 0.22435769049373153 0.6615719379194632 0.02099914623558495 0.014793037568162692
2 0.7096305371256773 0.6590027265100672 0.021121412006971298 0.014010230966862498
2 0.5873647657394475 0.6602873322147652 0.02055593281430989 0.014622425873007501
3 0.8103775327479305 0.5922032298657718 0.01727004020830496 0.010276845637583847
3 0.9301979887064356 0.2097118812919463 0.017407589201114407 0.01064817697409815
2 0.8309181823408169 0.6577181208053692 0.02115197844981765 0.014070446859270192
3 0.9321542410486152 0.5918820784395974 0.017407589201114407 0.010241719700346152
3 0.5687803684887406 0.973088821308725 0.01794250195092918 0.010397277422399232
3 0.6900680137038804 0.972446518456376 0.01815646705085523 0.010437421350671154
3 0.4467591286452833 0.9737311241610739 0.01727004020830496 0.01035713349412769
3 0.32571601497291597 0.9737311241610739 0.017881369065236078 0.010527745189282693
3 0.8108665958334753 0.971804215604027 0.017606271079617142 0.01004601805002115
3 0.20577329324302457 0.9737311241610739 0.017667403965310205 0.010316989565855769
3 0.9326433041341602 0.9711619127516778 0.017942501950929324 0.009815190462458077