2 0.10263857186658945 0.6923993288590605 0.01998092188192005 0.01479865771812096
3 0.8084224781112663 0.6227181208053691 0.016748713930432937 0.010167785234899232
3 0.6866461690457535 0.6236744966442953 0.017272510475930886 0.01060402684563769
3 0.9306842571457774 0.6220637583892619 0.01642932579293411 0.009815436241610768
3 0.5658407999182368 0.6249664429530202 0.016186590808435136 0.01043624161073827
3 0.20136783293019453 0.6268959731543625 0.0166848363029333 0.010520134228187886
3 0.32204544680271185 0.6262416107382551 0.01649320342043407 0.010318791946308655
2 0.46436480087214266 0.6904697986577182 0.021194596804415218 0.014228187919463077
3 0.4435790208837257 0.6256040268456377 0.01668483630293323 0.010352348993288463
2 0.34307396177562777 0.691761744966443 0.020530269478418 0.014010067114094037
2 0.7076746840186693 0.6891946308724832 0.020198105815419174 0.01332214765100673
2 0.2221536129186114 0.6923993288590605 0.019380472183422467 0.01374161073825519
2 0.5858983749531566 0.6904697986577182 0.0200575750349199 0.013171140939597308
2 0.8289655231151841 0.6885570469798659 0.021731168875413022 0.01395973154362423
2 0.2206844274861173 0.311996644295302 0.020095901611419612 0.014127516778523556
2 0.10068391646509726 0.31328859060402686 0.019712635846421148 0.014446308724832211
2 0.7057200286171772 0.30654362416107384 0.020172554764419173 0.013791946308724903
3 0.8064678227097742 0.24085570469798664 0.01593108029843645 0.009815436241610768
2 0.8274963376826902 0.3058892617449665 0.02079855551391683 0.014010067114094037
2 0.34136204135863457 0.31072147651006715 0.020875208666916535 0.014513422818791923
2 0.5839437195516642 0.30781879194630873 0.019635982693421514 0.013842281879194616
3 0.6851769836132595 0.24151006711409398 0.016365448165434403 0.010167785234899328
3 0.3205762613702177 0.24471476510067117 0.016186590808435243 0.009966442953020098
3 0.5634006745477464 0.24246644295302014 0.016493203420433963 0.010604026845637595
2 0.46265288045514946 0.3086241610738255 0.020095901611419612 0.014127516778523556
3 0.4421098354512316 0.24359060402684568 0.016876469185432497 0.010604026845637595
3 0.9282441317752872 0.2395805369127517 0.01586720267093674 0.010285234899328847
3 0.19989864749770042 0.24632550335570472 0.016301570537934768 0.010771812080536923
0 0.08325809968316697 0.9069295302013423 0.008661806288965361 0.010352348993288843