2 0.4727260863891426 0.7247008930110678 0.021779981730392885 0.015619073888907858
2 0.3483361607725433 0.726011102299762 0.021284092392013492 0.015257042374926802
2 0.10279263995824088 0.726683446540013 0.020631606420461947 0.01610178257421644
2 0.7207490538953412 0.7233734441264696 0.020605506981599873 0.014515739751060243
2 0.5963591282787419 0.7247008930110678 0.020631606420461947 0.014464020963348609
2 0.2251859585018922 0.726683446540013 0.020409761190134393 0.014912250456849244
2 0.8446430901735612 0.7220632348377752 0.021244943233720524 0.014619177326483511
2 0.4709774239853843 0.3336723787194428 0.0209708991256689 0.015205323587215073
3 0.20383661751272344 0.6587077198910456 0.01731697768497978 0.010809226631727637
2 0.5948584105441732 0.3326897217529221 0.020709904737048167 0.014222666620694414
2 0.346587498368785 0.3346722752818673 0.02164948453608252 0.014912250456849244
2 0.7187524468223933 0.3316898251904975 0.02070990473704788 0.014791573285522195
2 0.10043064074122404 0.3373099334551598 0.019979120448910363 0.015015688032272512
2 0.22331984862325457 0.3363100368927352 0.02013571708208277 0.014670896114195048
2 0.8431423724389925 0.33070716822397683 0.021323241550306456 0.014963969244560877
3 0.3271042672582539 0.6580353756507946 0.01731697768497978 0.010636830672689048
3 0.20245334725303404 0.26916181084715374 0.016912436382617715 0.011464331276074807
3 0.6997651050502414 0.6557252697996758 0.016847187785462747 0.010567872289073537
3 0.5758841184914524 0.6567251663621004 0.01743442515985911 0.010895424611247217
3 0.4514941928748532 0.6573802710064475 0.01743442515985911 0.01094714339895885
3 0.9480490669450606 0.6537427162707304 0.016716690591152092 0.010360997138227001
3 0.823163251990082 0.6547426128331552 0.016912436382617784 0.010274799158707801
3 0.32510766018530596 0.26735165327724714 0.01653399451911772 0.010360997138227097
3 0.5738875114185045 0.26504154742612834 0.01723867936839356 0.011205737337516829
3 0.6972726086389142 0.26371409854153016 0.016912436382617784 0.010481674309554146
3 0.4497455304710948 0.2663517567148226 0.017369176562703783 0.010602351480881293
3 0.8221584235938927 0.26323138985622174 0.016207751533342092 0.0101196427955729
3 0.9460524598721126 0.2622314932937972 0.016142502936186767 0.010205840775092291
0 0.08306146417852016 0.9200427541978413 0.008873809213101923 0.010723028652208628