3 0.32242559014710914 0.2605405405405406 0.01702446117003079 0.010540540540540539
2 0.46680636332535075 0.7075337837837838 0.021360759493670885 0.015118243243243417
3 0.44421399247348614 0.2595777027027027 0.017614608279165216 0.010979729729729684
2 0.7106525829627095 0.7062331081081081 0.020616660964762123 0.014611486486486455
2 0.8309784468012317 0.3219763513513514 0.02152754019842615 0.014898648648648607
2 0.3450179609989737 0.7081756756756757 0.021245295928840186 0.015067567567567532
3 0.2012401642148478 0.2619932432432433 0.017075778309955495 0.010878378378378385
2 0.5888513513513514 0.706891891891892 0.020770612384536532 0.015
3 0.20320304481696888 0.6431925675675676 0.01713992473486149 0.010793918918918925
3 0.6875726992815602 0.25682432432432434 0.017139924734861273 0.010506756756756773
3 0.8098614437222034 0.2561824324324325 0.01720407115976741 0.010152027027026994
2 0.34329883681149503 0.32633445945945944 0.021168320218953197 0.015354729729729684
2 0.22394799863154297 0.7088344594594596 0.02028309955525145 0.014611486486486455
3 0.32414471433458775 0.6428716216216216 0.016819192610331886 0.010675675675675697
2 0.8324538145740678 0.7043074324324324 0.021950906602805097 0.014898648648648797
2 0.7091772151898734 0.32293918918918924 0.021014368799179072 0.014898648648648607
3 0.44618970236058847 0.6418918918918919 0.016755046185425893 0.010506756756756773
3 0.9316626753335616 0.25520270270270273 0.016819192610331744 0.01064189189189193
2 0.5868884707492303 0.324070945945946 0.02028309955525145 0.014949324324324399
2 0.10307047553882999 0.7094763513513513 0.021091344509066027 0.015236486486486456
2 0.10092798494697229 0.32891891891891895 0.020770612384536424 0.015658783783783766
3 0.5677343482723229 0.6412500000000001 0.016434314060896217 0.01162162162162171
2 0.46533099555251456 0.3250506756756757 0.02145056448853916 0.015304054054054082
3 0.8118243243243244 0.6393074324324326 0.016819192610331744 0.010067567567567721
2 0.2224726308587068 0.3279560810810811 0.021040027369141283 0.014831081081081075
3 0.6895355798836812 0.6402871621621622 0.01720407115976741 0.011013513513513545
3 0.5657714676702019 0.2581081081081082 0.017204071159767267 0.01145270270270269
3 0.9331252138214164 0.6386655405405406 0.01720407115976741 0.010067567567567721
0 0.08380088949709202 0.9092905405405406 0.00865976736229902 0.010422297297297595