3 0.1989611523352248 0.2001034482758621 0.016643387167175876 0.009896551724137954
3 0.6958664338716718 0.1942241379310345 0.01632911392405075 0.011155172413793081
3 0.4469751200349193 0.19624137931034483 0.016525534701003944 0.011965517241379283
3 0.5715451767786993 0.1948793103448276 0.01659100829332158 0.011586206896551706
3 0.20046704495853343 0.5882586206896553 0.016329113924050676 0.011465517241379265
3 0.3239109559144479 0.5879310344827586 0.015661283282409535 0.011206896551724223
3 0.6978699257965955 0.5856206896551724 0.016708860759493727 0.010948275862068991
3 0.9449934526407683 0.1920689655172414 0.0174945438673068 0.011155172413793081
3 0.44905718027062425 0.5869310344827586 0.016774334351811363 0.011551724137931197
3 0.8211828895678743 0.584948275862069 0.01632911392405075 0.01
3 0.5730510694020079 0.5862758620689656 0.017704059362723696 0.01110344827586213
3 0.9470100392841556 0.5839655172413794 0.01632911392405075 0.010948275862068991
2 0.34346137058053255 0.2655 0.020637276298559524 0.015379310344827578
2 0.8412309035355741 0.26022413793103455 0.020833697075512865 0.014965517241379303
2 0.21989960715844611 0.26632758620689656 0.020480139676996925 0.015500000000000019
2 0.5926014840680925 0.2622068965517242 0.02078131820165864 0.014396551724137983
2 0.7174203404626801 0.26137931034482764 0.02205150589262314 0.014913793103448257
2 0.4682802269751201 0.26467241379310347 0.021069402007856872 0.014568965517241376
2 0.22190309908336972 0.6562413793103449 0.02040157136621559 0.01513793103448279
2 0.3452160628546486 0.6555689655172414 0.021475338280226967 0.015499999999999924
2 0.7194238323876037 0.653603448275862 0.02180270624181601 0.015258620689655231
2 0.09713662156263642 0.2681379310344828 0.019864687909209935 0.015258620689655231
2 0.46953731994762116 0.6549137931034483 0.020964644260148425 0.015086206896551744
2 0.5946049759930161 0.6545862068965518 0.021475338280226967 0.015206896551724185
3 0.20271933653426452 0.9770000000000001 0.017376691401134868 0.010362068965517134
2 0.8432343954604976 0.6529310344827586 0.02131820165866429 0.015206896551724185
3 0.6988651243998256 0.9764482758620691 0.01797904845045823 0.010603448275862395
3 0.4509821038847665 0.9776724137931034 0.017704059362723696 0.010603448275862395
3 0.5750545613269314 0.9770000000000001 0.017900480139676895 0.010327586206896437
3 0.823186381492798 0.9756896551724138 0.01697075512876485 0.010051724137930857
3 0.32591444783937146 0.9770000000000001 0.016708860759493727 0.009931034482758606
3 0.9474290702749891 0.9737068965517243 0.016774334351811363 0.010155172413793328
2 0.09726756874727194 0.656896551724138 0.020244434744652987 0.013913793103448409
3 0.32264076822348325 0.19789655172413795 0.017010039284155374 0.010396551724137879
3 0.819991270187691 0.1937586206896552 0.01707551287647301 0.008862068965517219