3 0.19738022804998706 0.2113181938559322 0.016982508415426274 0.010188733117055098
3 0.31928376118471996 0.21018273305084745 0.017121456211552543 0.01022421626721396
3 0.564572937279532 0.20726297669491525 0.017383913159790876 0.010969362420550842
3 0.44155782177578934 0.2083984375 0.01764637010802935 0.010797015691207624
3 0.6890701626086208 0.5913731461864407 0.017507422311903005 0.010381355932203367
3 0.5660550471048782 0.5923463983050847 0.018557250104856763 0.011182261321504256
3 0.8101091316785682 0.20499205508474574 0.017723563328099413 0.010067076602224556
3 0.3210128893142906 0.5939684851694915 0.01764637010802935 0.010224216267214009
2 0.5872986212681751 0.6591763771186441 0.021583224331605467 0.014882646980932274
3 0.1988623378753334 0.5946173199152542 0.01724496536366475 0.01091867220603812
3 0.44353396820958446 0.5933196504237288 0.018202161292534155 0.011009914592160991
2 0.3420094451733631 0.6604740466101695 0.021953751787942 0.01613976430084752
3 0.6870940161748257 0.2061275158898305 0.016781806043243863 0.009838970636917375
2 0.46453052406865697 0.6598252118644067 0.02104287179111459 0.015531481726694855
2 0.7103137367719178 0.6578787076271186 0.02136708331540906 0.01505499371027535
3 0.8120852781123634 0.5907243114406779 0.017723563328099413 0.00991500595868653
2 0.21985889373440592 0.6611228813559322 0.021135503655198725 0.015592309984110103
3 0.6900582358255183 0.974510063559322 0.017646370108029205 0.010421908103813469
3 0.32274201744386133 0.9758077330508473 0.017383913159790876 0.009950489108845204
3 0.44526309633915506 0.9758077330508473 0.01806321349640795 0.010107628773834752
2 0.8328348156672115 0.6572298728813559 0.021876558567871796 0.015115821967690598
3 0.2010855026133528 0.9751588983050847 0.017445667735847013 0.010305320610434213
3 0.8130733513292608 0.9738612288135592 0.017785317904155697 0.009610864671610292
3 0.5675371569302246 0.9751588983050847 0.01806321349640795 0.010148180945445043
3 0.9321361739654134 0.2045054290254237 0.017507422311903005 0.01054356461864406
2 0.1001785253376925 0.27928363347457624 0.014450570797126376 0.014943475238347426
3 0.9341123203992084 0.5897510593220339 0.017723563328099413 0.010345872782044505
2 0.34028031704379247 0.27620166843220334 0.021259012807311 0.016018107786016932
2 0.7083375903381226 0.27263307733050846 0.02178392670378766 0.015470653469279701
2 0.4628013959390863 0.2752284163135593 0.021212696875268933 0.01517665022510594
2 0.21800625645272304 0.27766154661016945 0.02136708331540913 0.01577479475635594
2 0.58532247483438 0.2737685381355932 0.021583224331605467 0.01534899695444911
2 0.8303646326249677 0.27182203389830506 0.020888485350974463 0.015237478482521188
3 0.935100393616106 0.9725635593220339 0.016982508415426343 0.010188733117054956
2 0.10240169007571194 0.6617717161016948 0.013277233852060562 0.014943475238347522
0 0.08202267997720038 0.9076800847457626 0.009232309120386315 0.010756463519597522