3 0.19311357843349028 0.19344709897610918 0.02073702855661641 0.0137542662116041
2 0.0915928630060051 0.26201365187713305 0.025052922624962223 0.024607508532423217
3 0.3147492115608934 0.19131399317406142 0.016602583488140983 0.01052901023890783
3 0.5625696634553073 0.5762457337883958 0.017056205987816892 0.010648464163822572
1 0.9282412407655419 0.5733105802047781 0.010783254849440387 0.010409556313993183
1 0.9298613211215275 0.9616723549488053 0.011081349634941886 0.01052901023890816
3 0.8086663498509525 0.5739590443686006 0.016485937702510122 0.0101023890784982
3 0.3157342204173327 0.5778839590443685 0.01666738670238047 0.010375426621160387
3 0.4375383419017583 0.18984641638225253 0.01699140277357755 0.01049488054607508
3 0.6861105110813496 0.5752730375426621 0.01712100920205638 0.010290102389078393
3 0.43927506804337496 0.5772184300341296 0.01660258348814091 0.010409556313993183
3 0.8066833714952261 0.18674061433447098 0.016485937702510122 0.009863481228668954
3 0.5610791895278006 0.18885665529010237 0.01745798591610143 0.010580204778156977
3 0.6841275327256232 0.18771331058020477 0.016602583488141056 0.010375426621160434
3 0.19356720093316626 0.5788566552901023 0.016926599559338132 0.010460750853242379
2 0.09303149436212035 0.645494880546075 0.02113880848490084 0.01600682593856656
2 0.2127878342765801 0.2590784982935153 0.020270445414092533 0.015102389078498295
2 0.8280165896228452 0.2537030716723549 0.020905516913639007 0.015102389078498295
2 0.33533071240333523 0.257457337883959 0.02102216269926994 0.015153583617747397
2 0.45887156002937746 0.2561433447098976 0.021579470341728958 0.015392491467576784
2 0.7054607508532422 0.2541808873720136 0.02056854019959367 0.0149317406143345
2 0.5824253682982675 0.2551706484641638 0.020542618913898164 0.015341296928327685
1 0.9262453017669675 0.1862457337883959 0.01001857692141544 0.01046075085324233
2 0.3373266514019095 0.6448464163822525 0.02069814662807279 0.015153583617747397
2 0.7074437292089688 0.6422184300341296 0.021138808484900875 0.014982935153583602
2 0.8299995679785717 0.6409215017064845 0.020905516913639007 0.014982935153583602
2 0.2149004190607854 0.645494880546075 0.020425973128267157 0.014982935153583602
2 0.46036203395688424 0.6438566552901024 0.02170907677020779 0.01546075085324219
2 0.5834103771547068 0.6432081911262799 0.020931438199334657 0.01546075085324219
3 0.4410117941849915 0.9655972696245734 0.0173154188447747 0.010255972696245787
3 0.8101568237784593 0.9629692832764503 0.01673218991662003 0.010699658703071767
3 0.5640601373828141 0.9649317406143344 0.017522789130340773 0.010494880546075365
3 0.3177171987730591 0.9655972696245734 0.017198773059143767 0.010614334470989964
3 0.19591307728863347 0.9649317406143344 0.017250615630535284 0.010409556313993183
3 0.6871084805806367 0.964283276450512 0.016848835702250965 0.010460750853242568
0 0.07212597744848144 0.9094027303754264 0.009668639564522404 0.010904436860068548
0 0.07826932215837905 0.8956996587030716 0.005715643495917398 0.009607508532423405