3 0.1935042587972124 0.2153559322033898 0.01640282199088013 0.00972881355932202
3 0.6832272218876364 0.20957627118644065 0.01609309128452203 0.010966101694915267
3 0.437933407898133 0.2115593220338983 0.01628667297599587 0.011762711864406772
3 0.5607029166308182 0.21022033898305087 0.01635120020648715 0.011389830508474575
3 0.19498838509851157 0.5969322033898304 0.0160930912845221 0.011271186440678017
3 0.316648025466747 0.5966101694915253 0.015434913533511225 0.011016949152542376
3 0.6852017551406694 0.5943389830508475 0.01646734922137148 0.010762711864406735
3 0.9287533339069086 0.20745762711864407 0.017241675987266548 0.010966101694915267
3 0.43998537382775527 0.5956271186440678 0.016531876451862614 0.011355932203389898
3 0.8067323410479222 0.5936779661016949 0.01609309128452203 0.00983050847457624
3 0.5621870429321173 0.5949830508474576 0.01744816312483861 0.010915254237288157
3 0.9307407726060398 0.5927118644067796 0.01609309128452203 0.010762711864406735
2 0.33591585649143935 0.27964406779661016 0.020338983050847387 0.01511864406779665
2 0.8264905790243482 0.2744576271186441 0.02053256474232137 0.014711864406779683
2 0.2141400671083197 0.280457627118644 0.020184117697668372 0.015237288135593208
2 0.5814548739568098 0.27640677966101695 0.02048094295792832 0.014152542372881384
2 0.7044695861653617 0.27559322033898304 0.021732771229458794 0.014661016949152478
2 0.4589305686999914 0.27883050847457624 0.02076486277208989 0.014322033898305052
2 0.21611460036135247 0.6637627118644067 0.020106685021078867 0.014881355932203254
2 0.33764518626860535 0.6631016949152543 0.02116493160113565 0.015237288135593304
2 0.7064441194183946 0.6611694915254237 0.02148756775359219 0.015
2 0.0931515099371935 0.28223728813559323 0.019577561731050477 0.015
2 0.46016949152542375 0.6624576271186441 0.020661619203303786 0.014830508474576239
2 0.5834294072098425 0.662135593220339 0.02116493160113565 0.014949152542372985
3 0.19720812182741118 0.9790847457627119 0.017125526972382288 0.0101864406779661
2 0.8284651122773811 0.660508474576271 0.021010066247956635 0.014949152542372985
3 0.6861825690441367 0.9785423728813559 0.0177191774929021 0.010423728813559591
3 0.44188247440419853 0.9797457627118643 0.01744816312483861 0.010423728813559591
3 0.5641615761851501 0.9790847457627119 0.01764174481631245 0.010152542372881422
3 0.8087068743009549 0.9777966101694915 0.016725458143336598 0.009881355932203253
3 0.3186225587197797 0.9790847457627119 0.016467349221371337 0.009762711864406887
3 0.9311537468811838 0.9758474576271187 0.016531876451862614 0.009983050847457662
2 0.09328056439817603 0.6644067796610169 0.019951819667899853 0.013677966101694968
3 0.31539619719521633 0.2131864406779661 0.01676417448163128 0.010220338983050824
3 0.8055579454529812 0.20911864406779657 0.016828701712122415 0.008711864406779644