2 0.7085774461170031 0.27507390202702703 0.020918687891560383 0.014549461570945917
3 0.1996532417999487 0.21380450274493246 0.01787987629762869 0.010972718934755031
2 0.5862883007612043 0.27652884818412166 0.021041468157981934 0.014276659166490712
0 0.0810475044367944 0.9107237119932432 0.00921619374826269 0.01054835963893576
2 0.34146444951676364 0.2778221336570946 0.021363766357338342 0.015782124287373356
2 0.4637535948725625 0.2770138302364865 0.021240986090916937 0.01566087877428212
3 0.3210829252907971 0.21251121727195946 0.01740410276524552 0.010679708944784636
2 0.8298843493414301 0.2742655986064189 0.021993015222748415 0.015064755001583592
2 0.2205258870916011 0.27943874049831086 0.020811255158441653 0.015418387748099652
3 0.44288094958091007 0.2112179317989865 0.017741748497904535 0.011013134105785506
3 0.6874592402925078 0.20911634290540543 0.017618968231483127 0.010679708944784636
3 0.2013721655298495 0.5961320206925677 0.017618968231483057 0.010679708944784542
3 0.5651700949367089 0.21024796769425677 0.01768035836469383 0.011093964447846267
3 0.8087661435169348 0.20814637880067569 0.017020414432678266 0.01027050533810178
2 0.710050809314061 0.6588563661317568 0.020458261892479963 0.014276659166490617
2 0.8318488336041739 0.6578864020270271 0.021455851557154543 0.014721226047825175
3 0.3228018490206979 0.5954853779560811 0.017818486164417988 0.01038669895481424
2 0.3434289337795074 0.6611196157094595 0.021041468157981934 0.015064755001583687
2 0.22249037135434488 0.661766258445946 0.020811255158441653 0.01466060329127951
2 0.5872705428925762 0.6591796875000001 0.020887992824955032 0.015186000514674825
3 0.9310552888727335 0.20749973606418923 0.016943676766164813 0.01063929377375421
3 0.6889326034895655 0.5932221283783784 0.01823286956359045 0.01080095445787587
3 0.5671345791994526 0.5941920924831081 0.017480840431758828 0.01084136962890625
3 0.4448454338436538 0.5948387352195946 0.018156131897077 0.010189674996040973
3 0.8107306277796785 0.5922521642736487 0.017281322498824116 0.010270505338101733
2 0.4654725186024633 0.660472972972973 0.021824192356418907 0.015842747043918925
3 0.9335108942011633 0.591282200168919 0.017618968231483127 0.01038669895481424
3 0.32427521221775574 0.9773279138513514 0.018125436830471648 0.010427114125844432
3 0.20395055112470065 0.9773279138513514 0.01812543683047172 0.010310920509132302
3 0.6899148456209375 0.9766812711148649 0.01795661396414214 0.010270505338101733
3 0.4458276759750257 0.9779745565878378 0.01768035836469383 0.010033066208298275
3 0.5686079423965105 0.9773279138513514 0.0182635646301958 0.01038669895481424
3 0.8117128699110504 0.975387985641892 0.01740410276524552 0.010033066208298275
3 0.9330197731354773 0.9747413429054056 0.017020414432678266 0.009654173979888204