2 0.10184623099662161 0.3131532411317568 0.01998248836009665 0.015125377758129256
3 0.20160519746407804 0.2460640572212838 0.016759506366532704 0.010598878602723781
3 0.32217541908997605 0.24477077174831086 0.01668276870001925 0.009957287762616148
3 0.6880606130260009 0.24105257601351354 0.016621378566808547 0.010270505338101733
3 0.5667537098015738 0.24202254011824328 0.016498598300386996 0.010679708944784636
0 0.08422726276513856 0.9109744510135136 0.008525554749641845 0.010230090167071543
3 0.44421900391293195 0.24363914695945946 0.017081804565889112 0.010346283783783767
3 0.8103497583817996 0.24072925464527026 0.015454966035804318 0.009689537254539667
3 0.2034469014604003 0.6293615392736487 0.016621378566808478 0.010598878602723781
3 0.9321477826719125 0.23975929054054054 0.015761916701858125 0.009881509316934114
2 0.10399488565899762 0.6956424197635136 0.02010526862651813 0.014721226047825175
3 0.32438546388556283 0.6287148965371623 0.016820896499743408 0.01054835963893576
3 0.8123142426445434 0.6251583614864865 0.016375818033965445 0.010154311721389414
3 0.6905162183544303 0.6264516469594595 0.017020414432678266 0.010679708944784542
2 0.22235506248930895 0.31218327702702703 0.02018200629303158 0.014216036409945142
3 0.4461834881756757 0.628391575168919 0.016759506366532704 0.010154311721389414
2 0.831467964206295 0.3058785103462838 0.020918687891560383 0.014276659166490712
3 0.5687181940643176 0.6274216110641893 0.016621378566808547 0.01054835963893576
3 0.9341122669346562 0.6245117187500001 0.016375818033965445 0.010154311721389414
2 0.34353918544731443 0.31056667018581086 0.02091868789156053 0.014610084327491583
2 0.7096699399161821 0.30684847445101354 0.020182006293031653 0.013892715041701819
2 0.5873807945603833 0.3079800992398649 0.01998248836009665 0.013892715041701819
2 0.46533720973742737 0.3089500633445946 0.020719169958625525 0.014438319850612325
2 0.22395120595278825 0.6956424197635136 0.020059226026610102 0.01363001643000416
2 0.8329413274033528 0.6911159206081081 0.021333071290732846 0.01363001643000416
2 0.7111433031132398 0.6924092060810811 0.019982488360096508 0.01341783678209462
2 0.5888541577574411 0.6930558488175677 0.02025874395954496 0.013943234005489937
2 0.4670561334673281 0.6937024915540541 0.021087510757890032 0.01478184880437084
2 0.34501254864437225 0.6949957770270271 0.020028530960004752 0.01363001643000416