0 0.06358795285901353 0.9175 0.009192492361414251 0.010568965517241699
2 0.3281405499781755 0.3215 0.02193365342645128 0.015086206896551744
2 0.20620253164556962 0.712896551724138 0.020362287210824993 0.014568965517241472
2 0.08370144041903099 0.712896551724138 0.0212789175032737 0.015258620689655231
2 0.204696639022261 0.3226551724137931 0.02044085552160633 0.014913793103448257
2 0.576769969445657 0.3191896551724138 0.020597992143169 0.014793103448275814
2 0.4521999127018769 0.32001724137931037 0.021200349192492432 0.015206896551724091
2 0.3298952422522916 0.7122241379310346 0.021567001309471857 0.015086206896551744
2 0.7015888258402445 0.31803448275862073 0.021475338280226967 0.015086206896551744
2 0.08150152771715409 0.32446551724137934 0.021147970318638173 0.015258620689655231
2 0.703592317765168 0.7102586206896553 0.021121780881711096 0.014396551724137983
3 0.6820384111741599 0.6422758620689656 0.017429070274988877 0.010603448275862017
2 0.45420340462680053 0.7115689655172414 0.021567001309471857 0.015672413793103412
2 0.8274159755565256 0.7095862068965518 0.02202531645569603 0.01484482758620686
2 0.8259100829332171 0.31703448275862073 0.021475338280226967 0.015258620689655231
3 0.9286774334351814 0.24889655172413797 0.016905281536447214 0.011379310344827616
2 0.5787734613705806 0.7109137931034483 0.021147970318638066 0.015086206896551744
3 0.5577171540811874 0.6429310344827587 0.017023134002618928 0.011465517241379265
3 0.8058620689655173 0.640948275862069 0.017429070274988877 0.010051724137931047
3 0.6795373199476212 0.2503793103448276 0.017023134002619074 0.010517241379310368
3 0.4328982976865997 0.6435862068965517 0.017167175905718045 0.010810344827586202
3 0.30832824094281974 0.644241379310345 0.016656481885639503 0.010810344827586202
3 0.3065866433871672 0.25367241379310346 0.016329113924050676 0.010810344827586202
0 0.07736359668267133 0.6122413793103448 0.01114360541248363 0.01110344827586213
3 0.8048537756438238 0.2497241379310345 0.01710170231340012 0.010275862068965485
3 0.43114360541248364 0.2528620689655172 0.01723264949803568 0.011206896551724127
3 0.18489742470536882 0.6445862068965518 0.016970755128764704 0.011724137931034495
3 0.5552160628546486 0.25136206896551727 0.0173766914011348 0.01132758620689657
3 0.18314273243125276 0.2553275862068966 0.016905281536446996 0.011206896551724127
3 0.9301702313400263 0.640293103448276 0.0174945438673068 0.010568965517241319