3 0.18869489305979922 0.20584482758620692 0.017167175905718045 0.010948275862068944
3 0.31225665648188566 0.20420689655172414 0.016905281536446996 0.010396551724137927
3 0.6859668267132257 0.20074137931034486 0.016839807944129002 0.010810344827586202
3 0.5616455696202532 0.20205172413793104 0.01723264949803568 0.010810344827586249
3 0.8097904845045832 0.1999137931034483 0.01632911392405075 0.009965517241379302
3 0.19044958533391534 0.5959310344827586 0.017560017459624655 0.010724137931034458
3 0.4368267132256657 0.20320689655172416 0.01723264949803568 0.010896551724137898
3 0.3137625491051943 0.5952586206896552 0.017167175905718045 0.010517241379310462
3 0.5631514622435618 0.5932931034482759 0.01723264949803568 0.010448275862068878
3 0.4385814054997818 0.593948275862069 0.016525534701003944 0.010051724137931047
3 0.6879703186381493 0.5922931034482758 0.016708860759493727 0.010327586206896626
3 0.8117939764295069 0.5913103448275863 0.016263640331732825 0.010086206896551743
3 0.19296377127891753 0.985 0.017704059362723696 0.010568965517241699
2 0.08687036228721084 0.2746551724137931 0.021121780881711023 0.016103448275862034
2 0.21000000000000002 0.2731724137931035 0.0209122653862942 0.015379310344827578
2 0.8318419903972065 0.26724137931034486 0.021475338280226967 0.01562068965517246
2 0.33382365779135753 0.2715172413793104 0.021645569620253192 0.015672413793103412
0 0.06751636839807945 0.9308793103448276 0.009807944129201239 0.010862068965517058
2 0.7075207333042339 0.26839655172413796 0.020964644260148425 0.015672413793103412
2 0.458380619816674 0.27020689655172414 0.02193365342645128 0.01586206896551725
2 0.5832125709297251 0.2688793103448276 0.020990833697075537 0.015982758620689593
3 0.31602793539938895 0.985 0.017232649498035824 0.010758620689655345
3 0.812789175032737 0.9830344827586206 0.016905281536447214 0.009931034482758606
2 0.08893932780445221 0.6622586206896552 0.021475338280226967 0.016362068965517174
3 0.5646573548668704 0.985 0.017429070274989023 0.010568965517241699
2 0.21163683980794415 0.6619310344827587 0.020702749890877375 0.015379310344827483
3 0.44008729812309033 0.985 0.01723264949803568 0.01068965517241395
3 0.689476211261458 0.9843448275862069 0.01710170231340012 0.010482758620689385
1 0.9305892623308599 0.19958620689655174 0.010357922304670647 0.010758620689655203
2 0.3355783500654736 0.6612758620689656 0.02104321257092976 0.015672413793103412
2 0.8338454823221302 0.6576379310344828 0.020964644260148425 0.014672413793103373
2 0.4598865124399826 0.6606034482758621 0.021894369271060758 0.01598275862068969
1 0.9331034482758622 0.5899827586206896 0.010803142732431263 0.009896551724137908
2 0.7095242252291577 0.6589655172413793 0.020964644260148425 0.01474137931034477
2 0.5847053688345701 0.6596206896551724 0.02088607594936709 0.015310344827586277
1 0.9346093408991708 0.9830344827586206 0.010240069838498497 0.009706896551724261
0 0.07397206460061109 0.9163620689655173 0.006743780008729817 0.00958620689655163