2 0.3460631174745292 0.7116044207317074 0.021907079731398525 0.015839367378048717
2 0.09463822263815994 0.3192883003048781 0.020529972840768743 0.01506824028201218
3 0.4499001427909849 0.6429115853658537 0.01720592172545542 0.010431057069359706
2 0.22107879553874657 0.7122713414634146 0.02117895424899659 0.015422541920731685
2 0.4716805920037049 0.7109375000000001 0.022556061139626372 0.016214510289634065
2 0.8492927987033035 0.7082698170731708 0.022128683139086103 0.015714319740853664
2 0.7236753241741278 0.7096036585365855 0.021289755952840453 0.015182867282774359
3 0.5762774004322322 0.6422446646341464 0.017475011577647376 0.010837461890243958
2 0.5975513275702378 0.7102705792682927 0.021701305138545835 0.015964415015243958
3 0.9516102577956159 0.2432593368902439 0.01707929120677674 0.010149699885670695
3 0.3245359292991664 0.6432450457317074 0.016620255576566836 0.009649509336890294
3 0.7018948749614079 0.6409108231707318 0.017142606466116008 0.009956918111661632
3 0.1995516073633838 0.6442454268292683 0.017079291206776814 0.01047273961509139
0 0.07760641787588762 0.9416920731707317 0.009426059234138614 0.010837461890243958
3 0.828018871565298 0.6399104420731708 0.01649362505788816 0.009467148199314011
2 0.7216492358752702 0.3131192835365854 0.021463872916023367 0.015182867282774359
2 0.3442902902130287 0.3166206173780488 0.022556061139626372 0.01566221655868901
2 0.4699077647422044 0.3151200457317073 0.021701305138545835 0.015901891196646336
2 0.21930596827724608 0.3177877286585366 0.0209731796561439 0.01495361328125
2 0.8477732324791603 0.3121189024390244 0.021748791583050212 0.015537168921493863
2 0.5960317613460945 0.3142863948170732 0.0216696475088762 0.01506824028201218
2 0.09666431093701759 0.7122713414634146 0.021210611878666262 0.016339557926829305
3 0.7003753087372646 0.24459317835365857 0.01649362505788816 0.009878763338414653
3 0.5737447900586601 0.24642721036585366 0.017348381058968843 0.011056295255335347
3 0.44863383760419884 0.2477610518292683 0.016620255576566836 0.010472739615091485
3 0.9531298240197592 0.6389100609756098 0.017015975947437475 0.009467148199314011
3 0.8259927832664402 0.2442597179878049 0.016762714910080405 0.009915235565929853
3 0.3230163630750232 0.24909489329268292 0.016366994539209624 0.010035072884908515
3 0.1980320411392405 0.25042873475609756 0.016699399650740993 0.010389374523628021