3 0.8089103434912956 0.625281826761745 0.016490595915717787 0.010086161978292693
2 0.1033757097070572 0.6949716862416108 0.02017385227872789 0.01508408104813346
3 0.6871336351906109 0.6262452810402686 0.01713249121549551 0.010241719700346152
3 0.9301979887064356 0.624639523909396 0.01630719725863852 0.00969977666867654
3 0.2025943831869826 0.6294567953020135 0.016246064372945238 0.010241719700345963
3 0.566335053061016 0.6272087353187921 0.01655172880141078 0.010161431843802499
2 0.4650989943532178 0.6936870805369127 0.020831030799928933 0.014401634267512502
3 0.32302616800241885 0.6288144924496645 0.016551728801410814 0.010121287915530578
2 0.34356681759530544 0.6943293833892619 0.02020441872157453 0.013538539809668654
3 0.44431381321755875 0.6281721895973155 0.016368330144331512 0.009930604256239425
2 0.22301276700848296 0.6949716862416108 0.02005158650734169 0.013689079540687885
2 0.5868757026539025 0.6924024748322148 0.02020441872157453 0.013689079540687885
2 0.7081633478690423 0.6917601719798658 0.019791771743146034 0.01347832391726096
2 0.8294509930841822 0.6904755662751679 0.021442359656860015 0.013749295433095578
2 0.10160285602195687 0.3166553062080537 0.019455540871833817 0.015194476850880866
3 0.806954091149116 0.2442356596057047 0.015329071087548612 0.009930604256239518
2 0.3418550967958982 0.31360436765939603 0.020800464357082292 0.014341418375104904
2 0.4633872735538106 0.3128014890939598 0.020097436171611575 0.014120626769609904
2 0.5844303872261779 0.31151688338926176 0.020250268385844348 0.013689079540687885
3 0.6851773828484312 0.2447173867449665 0.016872676451299785 0.0103571334941275
3 0.5643788007188363 0.24584141673657722 0.016246064372945238 0.010567889117554519
3 0.9282417363642559 0.24359335675335572 0.015802850951670246 0.010121287915530578
3 0.20076039661618916 0.2498558095637584 0.016429463030024648 0.010527745189282693
2 0.22142331198046197 0.315531276216443 0.02017385227872789 0.014401634267512595
2 0.7066961586124076 0.31071400482382555 0.01966950597175976 0.013227424365562115
3 0.44284662396092395 0.24712602244127518 0.01687267645129964 0.010527745189282693
3 0.32058085257469426 0.24825005243288592 0.016612861687103988 0.010241719700346057
2 0.8279838038275475 0.30910824769295303 0.02052536637146339 0.013960051056522692
0 0.0967122251665077 0.5751822042785235 0.007500240913474046 0.011912710714660192