2 0.34156478161316806 0.27677474402730373 0.02102216269926994 0.015580204778156978
2 0.21913854927204388 0.2784129692832764 0.020853674342247344 0.014692832764505113
3 0.19831079621549225 0.212098976109215 0.017665356201667575 0.010290102389078442
3 0.4469996111807145 0.9824744027303753 0.017794962630146478 0.010290102389078584
3 0.44377241111159105 0.20901023890784984 0.017794962630146478 0.01078498293515357
2 0.46485937702510044 0.2756313993174061 0.021579470341728958 0.01563139931740617
3 0.32072406791376845 0.2103071672354949 0.017457985916101502 0.010290102389078489
3 0.20265261156953382 0.9824744027303753 0.018067136129952036 0.010136518771331187
3 0.5675595109517432 0.20802047781569963 0.017587592344580405 0.011262798634812346
3 0.6906078541495657 0.20672354948805455 0.01785976584438582 0.011092150170648457
3 0.5705404588067567 0.9824744027303753 0.018274506415518255 0.010170648464163984
3 0.6935888020045793 0.981160409556314 0.01785976584438582 0.010017064846416209
2 0.7119410722771848 0.2735153583617747 0.021385060699010784 0.01522184300341299
3 0.816637145202402 0.9805119453924914 0.01785976584438582 0.010170648464163984
3 0.8136561973473884 0.20590443686006824 0.017587592344580117 0.010375426621160387
2 0.8349894154750074 0.27254266211604095 0.02179980127014293 0.01527303754266209
2 0.5884002246511426 0.2749829351535836 0.02069814662807279 0.014641638225255917
3 0.56904998487925 0.5940955631399316 0.017924569058625307 0.01090443686006817
3 0.20004752235710888 0.596382252559727 0.017522789130340846 0.01090443686006817
3 0.3227200069123428 0.5954095563139932 0.017457985916101502 0.010529010238907783
2 0.3433015077547846 0.662372013651877 0.020931438199334657 0.015051194539249196
3 0.6925908325052922 0.5931228668941979 0.01819674255843087 0.010784982935153758
2 0.466596103166717 0.6617235494880546 0.021579470341728958 0.01534129692832759
3 0.44601460232427526 0.5950853242320819 0.017717198773059092 0.010051194539249195
2 0.22138074048472803 0.6630204778156996 0.021138808484900875 0.014812286689419618
2 0.5898906985786494 0.6604095563139931 0.02102216269926994 0.014982935153583602
3 0.9371970449734307 0.20540955631399316 0.017522789130340773 0.010870307167235515
2 0.8369723938307339 0.6587713310580204 0.021631312913120693 0.014982935153583602
2 0.7134315462046917 0.6597610921501706 0.020192681557005075 0.013976109215017232
3 0.8156391757031148 0.5921501706484641 0.01814489998703928 0.010648464163822572
3 0.9396725277573766 0.9791979522184299 0.01785976584438582 0.009675767918088999
3 0.939180023329157 0.5914846416382252 0.017924569058625165 0.010409556313993183
3 0.3246770639823735 0.9838395904436859 0.019700177128785686 0.011160409556313956