3 0.19989864749770042 0.24647651006711413 0.016493203420434033 0.010654362416107404
2 0.10050505910809798 0.3129697986577182 0.019674309269921295 0.014446308724832211
3 0.3208317718802167 0.24503355704697985 0.01625046843593502 0.009815436241610768
3 0.5634006745477464 0.2431040268456376 0.01668483630293323 0.010234899328859133
3 0.8064678227097742 0.24119127516778524 0.015560590058937913 0.009781879194630866
3 0.6846915136442614 0.2418288590604027 0.016493203420434106 0.00988255033557048
3 0.4421098354512316 0.24422818791946313 0.016876469185432497 0.010604026845637595
3 0.20149558818519403 0.6262416107382551 0.01695312233843213 0.010167785234899232
2 0.10263857186658945 0.691761744966443 0.02017255476441932 0.014563758389261732
3 0.32228818178721086 0.6259228187919463 0.016186590808435243 0.010117449664429425
3 0.9277586618062891 0.24038590604026852 0.015560590058937913 0.010117449664429519
2 0.22081218274111677 0.311996644295302 0.020134228187919465 0.014077181208053654
3 0.6866461690457535 0.6233557046979866 0.016608183149933523 0.010469798657718077
3 0.4435790208837257 0.625285234899329 0.01630157053793484 0.010167785234899232
3 0.5653553299492385 0.6243120805369128 0.016493203420433963 0.010318791946308655
3 0.8079370081422683 0.6223993288590605 0.01612271318093528 0.009932885906040193
2 0.827010867713692 0.3060570469798658 0.02001924845842005 0.014010067114094037
2 0.46265288045514946 0.3086241610738255 0.020134228187919465 0.014077181208053654
2 0.7057200286171772 0.30654362416107384 0.020134228187919465 0.013691275167785288
2 0.5839437195516642 0.30781879194630873 0.0200575750349199 0.013959731543624135
2 0.34136204135863457 0.31072147651006715 0.020325861070418588 0.014278523489932885
3 0.9292150717132832 0.6211073825503357 0.016493203420434106 0.009261744966442886
2 0.22239634790311044 0.6911241610738256 0.019674309269921295 0.013691275167785193
2 0.34307396177562777 0.6904697986577182 0.020453616325418148 0.014010067114094037
2 0.8284672776206862 0.6879026845637585 0.02127124995741507 0.014077181208053654
2 0.7071892140496713 0.6885570469798659 0.020172554764419173 0.013640939597315386
2 0.5858983749531566 0.6898322147651007 0.020325861070418588 0.013422818791946345
2 0.46436480087214266 0.6904697986577182 0.020632473682417416 0.014177852348993459
0 0.08325809968316697 0.9062919463087248 0.008866214696964528 0.010520134228188075