2 0.0988569073672169 0.7344409839527027 0.02048895695908528 0.014721226047825175
2 0.34067264208433123 0.7337943412162162 0.020719169958625525 0.014276659166490806
2 0.46271622690728703 0.7331476984797298 0.021409808957246444 0.014549461570946012
3 0.1986158738346733 0.6684834248310811 0.01728132249882397 0.01072012411581511
2 0.21948851912632572 0.7344409839527027 0.020534999558993343 0.014054375725823434
2 0.5845142511974 0.7331476984797298 0.020811255158441722 0.013155138170396867
3 0.3195544362598358 0.6678367820945946 0.016820896499743408 0.01042711412584462
2 0.7068033965531988 0.7312077702702703 0.020258743959545106 0.013468355745882642
2 0.5830408880003422 0.34936523437500006 0.020135963693123555 0.013943234005489842
2 0.09707659350410539 0.3535684121621622 0.019568104960924152 0.014498942607157896
2 0.3389537183544304 0.35098184121621623 0.021041468157981934 0.01495361328125
2 0.2177695953964249 0.35259844805743246 0.020488956959085244 0.014660603291279604
2 0.705330033356141 0.34807194890202703 0.020289439026150314 0.014104894689611456
2 0.8290925419089976 0.7305611275337839 0.021455851557154543 0.013892715041701914
2 0.4609973031773863 0.3500118771114865 0.02018200629303151 0.014438319850612325
3 0.44159802108279167 0.6678367820945946 0.01688228663295411 0.010310920509132113
3 0.5643782875042765 0.6665434966216217 0.016621378566808547 0.010598878602723781
3 0.6861763117943894 0.6658968538851352 0.016820896499743408 0.01038669895481424
3 0.19677416983835103 0.28680254961993246 0.01668276870001925 0.010679708944784636
2 0.8276191787119399 0.3471019847972973 0.020688474892020317 0.014438319850612325
3 0.8079743360845022 0.6646035684121623 0.016375818033965445 0.009957287762616148
3 0.9307546025059871 0.6646035684121623 0.016375818033965445 0.009578395534206075
3 0.31857219412846394 0.28534760346283783 0.016114909967819883 0.009805730871252081
3 0.5624138032415327 0.28292269320101354 0.01728132249882397 0.010720124115815017
3 0.4403702184185768 0.2843776393581081 0.016498598300386996 0.010033066208298181
3 0.6842118275316456 0.28211438978040543 0.01625303776754404 0.010270505338101733
3 0.8069920939531304 0.2811444256756757 0.01586934943497678 0.009805730871252081
3 0.9282989971775574 0.2804977829391892 0.01586934943497678 0.009997702933646527
0 0.07964179567225455 0.9090345228040542 0.009001328282025102 0.010467529296875