3 0.32075922086425146 0.982287176724138 0.01824980477275206 0.01052424989897645
3 0.44482656318201663 0.982287176724138 0.018328130115124373 0.01060159617456899
3 0.5693951876909646 0.982287176724138 0.018500445868343537 0.010482998551993509
3 0.6942144532955041 0.981627155172414 0.018187144498854283 0.010364400929418024
3 0.19769444292885205 0.982287176724138 0.018328130115124373 0.010441747205010945
3 0.19343354430379747 0.20247171336206896 0.01824980477275206 0.010725350215517248
2 0.2146127168812746 0.2688038793103449 0.021194837645951575 0.015438316608297385
2 0.21674316619380185 0.6608566810344828 0.021570799289338752 0.014850484913793024
2 0.5889451931470974 0.6588766163793104 0.021273162988323817 0.015139244342672479
3 0.8180311545176779 0.9809671336206898 0.017905173266313808 0.01052424989897645
2 0.4646272097337407 0.6595366379310345 0.0220564164120471 0.015500193628771513
3 0.31750088662156273 0.20082165948275862 0.017905173266313808 0.010601596174568944
2 0.7142657409428198 0.6575565732758621 0.021476808878491904 0.014458597117456975
2 0.33830409755565255 0.26731883081896557 0.021805775316455698 0.016232405037715503
2 0.3400585852247927 0.6601966594827586 0.021320158193747277 0.015314562567349223
2 0.4628727220646007 0.2661637931034483 0.021680454768659995 0.015984896955818992
3 0.6912067601484069 0.19735654633620692 0.018046158882584044 0.0107666015625
3 0.44156822893932784 0.19950161637931038 0.018249804772752135 0.010900668440193944
2 0.5879426287647316 0.26550377155172417 0.02144547874154298 0.015139244342672385
2 0.7127618943692711 0.26434873383620694 0.021602129426287607 0.015025803138469863
3 0.5663874945438673 0.19851158405172414 0.017842512992415956 0.011323494746767249
3 0.1951880319729376 0.5932044719827586 0.018328130115124373 0.010941919787176744
3 0.8150234613705807 0.1963665140086207 0.017638867102247865 0.010323149582435368
2 0.8365785955914448 0.2633587015086207 0.02219740202831734 0.015376439587823256
2 0.8385837243561763 0.6565665409482758 0.021523804083915223 0.014737043709590504
3 0.3190047331951113 0.5925444504310345 0.01776418765004364 0.010941919787176744
3 0.9398427269751201 0.1958714978448276 0.017701527376145717 0.0107666015625
3 0.9423491379310346 0.9796470905172415 0.018187144498854283 0.010085954337284497
3 0.5683926233085989 0.5915544181034483 0.017983498608686192 0.010983171134159496
3 0.6927106067219555 0.590234375 0.018469115731394467 0.010818165746228488
3 0.44357335770405937 0.5922144396551725 0.018046158882584044 0.010323149582435272
3 0.8170285901353121 0.5892443426724139 0.017905173266313808 0.01056034482758624
3 0.9418478557398516 0.5889143318965517 0.017905173266313808 0.010482998551993509