3 0.2013130027030591 0.6213921440972223 0.016956892697620015 0.01089329189724386
3 0.3252323971518987 0.620395236545139 0.01689379728293117 0.010633680555555618
3 0.8254528448048524 0.221466064453125 0.016065669965140427 0.010233879089355469
3 0.5760997659546414 0.6190660264756945 0.01722504821004747 0.010758293999566036
3 0.4506660815532701 0.6200629340277778 0.0168307018682424 0.010233879089355469
3 0.19904156777426163 0.22728135850694448 0.01683070186824233 0.01084136962890625
2 0.22226068037974683 0.6885172526041667 0.020616426749571443 0.014226701524522507
3 0.3232133438818566 0.22545369466145834 0.01722504821004747 0.010514259338378906
3 0.5745854760021097 0.22312757703993058 0.01768248996654145 0.010893291897243956
3 0.9511389108649789 0.22030300564236113 0.016247069282370876 0.010394838121202288
3 0.44889940994198313 0.224456787109375 0.017351239039425155 0.010633680555555525
3 0.6997667787447258 0.22196451822916666 0.016956892697620084 0.01084136962890625
3 0.9526532008175106 0.6164076063368056 0.01676760645355363 0.010155995686848959
3 0.8264623714398734 0.6170722113715278 0.017556299137163767 0.010472721523708704
3 0.7017858320147681 0.6180691189236112 0.017414334454113924 0.010555797153049109
2 0.4703518509361815 0.29241265190972227 0.020853034554654582 0.014610926310221354
2 0.5957855353375527 0.2915818956163195 0.02093190382301551 0.014330546061197916
2 0.3466848381460971 0.6878526475694445 0.020900356115671197 0.014444775051540735
2 0.09840438134559601 0.6885172526041667 0.021026546945048775 0.015244377983941036
2 0.3446657848760549 0.293243408203125 0.02118428548177088 0.01519245571560333
2 0.7214716013976794 0.2897542317708333 0.020584879042227056 0.0142267015245226
2 0.8466529041402954 0.2885911729600695 0.021752144213970103 0.015015920003255209
2 0.47211852254746833 0.6878526475694445 0.021215833189115196 0.014777077568901974
2 0.22036781793908228 0.2955695258246528 0.020931903823015584 0.014839384290907087
2 0.7234906546677216 0.6851942274305556 0.02050600977386613 0.013842476738823849
2 0.597804588607595 0.6858588324652778 0.020853034554654582 0.013790554470486048
2 0.8486719574103376 0.6845296223958335 0.021547084116231636 0.014112472534179688
2 0.09676390056368671 0.2964002821180556 0.020190532700421954 0.015846676296658018