3 0.16689820999198504 0.18957894736842104 0.016978359604595244 0.010070175438596512
3 0.673804434945231 0.18359649122807017 0.016657761154154398 0.011350877192982457
3 0.41990382046486774 0.18564912280701754 0.01685813518567988 0.012175438596491214
3 0.5469810312583488 0.18426315789473682 0.016924926529521756 0.011789473684210539
3 0.16843441090034733 0.5845438596491228 0.01665776115415447 0.011666666666666667
3 0.29436281057974883 0.5842105263157894 0.01597648944696775 0.011403508771929865
3 0.6758482500667914 0.5818596491228071 0.017045150948437192 0.011140350877193061
3 0.927945498263425 0.18140350877192982 0.01784664707453913 0.011350877192982457
3 0.4220277851990382 0.5831929824561403 0.01711194229227878 0.01175438596491233
3 0.8016430670585092 0.5811754385964911 0.016657761154154398 0.010175438596491138
3 0.5485172321667112 0.5825263157894737 0.01806037937483293 0.011298245614035144
3 0.9300026716537537 0.5801754385964911 0.016657761154154398 0.011140350877193061
2 0.31430670585092174 0.25612280701754386 0.021052631578947375 0.015649122807017572
2 0.82209457654288 0.2507543859649123 0.02125300561047293 0.015228070175438594
2 0.18825808175260486 0.25696491228070173 0.020892332353726915 0.015771929824561444
2 0.568461127437884 0.2527719298245614 0.021199572535399374 0.014649122807017629
2 0.6957921453379642 0.25192982456140345 0.02249532460593093 0.015175438596491233
2 0.4416377237510019 0.25528070175438594 0.02149345444830351 0.014824561403508766
2 0.1903018968741651 0.653719298245614 0.020812182741116722 0.015403508771929827
2 0.31609671386588295 0.6530350877192982 0.021907560780122796 0.01577192982456135
2 0.6978359604595243 0.6510350877192982 0.02224151749933218 0.015526315789473794
2 0.06302431204915844 0.25880701754385965 0.020264493721613666 0.015526315789473699
2 0.4429201175527651 0.6523684210526316 0.02138658829815654 0.015350877192982466
2 0.5705049425594443 0.6520350877192983 0.021907560780122796 0.015473684210526433
3 0.17073203312850654 0.9801052631578947 0.01772642265562384 0.01054385964912285
2 0.8241383916644403 0.6503508771929823 0.021747261554902555 0.015473684210526433
3 0.6768634784931873 0.9795438596491228 0.018340903018968752 0.010789473684210786
3 0.42399145070798816 0.9807894736842104 0.01806037937483293 0.010789473684210786
3 0.5505610472882714 0.9801052631578947 0.018260753406358413 0.010508771929824736
3 0.8036868821800695 0.9787719298245613 0.017312316323804408 0.010228070175438309
3 0.29640662570130905 0.9801052631578947 0.017045150948437046 0.010105263157894721
3 0.9304301362543413 0.9767543859649122 0.017111942292278925 0.01033333333333341
2 0.06315789473684211 0.6543859649122806 0.020651883515896353 0.014157894736842232
3 0.29306705850921716 0.18733333333333332 0.017352391130109578 0.010578947368421012
3 0.8004274646005877 0.18312280701754385 0.017419182473951238 0.009017543859649113