2 0.33577137426016324 0.6603754266211603 0.02069814662807279 0.014812286689419618
2 0.45881971745798583 0.6594027303754266 0.021579470341728958 0.015051194539249196
2 0.7056551604959606 0.6580887372013651 0.020775910485160032 0.014129692832764438
3 0.6858124162958481 0.9788395904436861 0.016926599559338062 0.009948805460750615
2 0.5821143128699183 0.6584129692832764 0.020983280770726247 0.015051194539249196
3 0.562271568669806 0.9794880546075084 0.0173154188447747 0.010290102389078584
3 0.4389769732578735 0.9801535836177474 0.017198773059143767 0.010580204778157166
2 0.08986909750723636 0.27674061433447095 0.020931438199334695 0.016126279863481252
3 0.19437076078973514 0.9801535836177474 0.01712100920205638 0.01022184300341299
3 0.31617488227416074 0.9801535836177474 0.017457985916101502 0.010750853242320772
2 0.21335810256188706 0.6606996587030717 0.020309327342636223 0.014863481228669002
3 0.1906510562923921 0.20880546075085324 0.017794962630146478 0.011604095563139936
2 0.8287035036937832 0.65679180887372 0.02106104462781349 0.014641638225256012
3 0.8083552944226033 0.9775426621160409 0.016796993130859375 0.010051194539249384
1 0.9289281548364798 0.9768771331058022 0.011560893420313663 0.009948805460750615
3 0.3129476822050373 0.2076621160409556 0.017457985916101502 0.010750853242320819
1 0.927437680908973 0.5891638225255972 0.011509050848922361 0.009829351535836205
3 0.6828314684408345 0.20423208191126277 0.017198773059143767 0.010836177474402717
2 0.21149176999179156 0.2757679180887372 0.02023156348554891 0.014368600682593921
3 0.43599602540285987 0.20619453924914674 0.017717198773059092 0.010955631399317364
2 0.8267205253380567 0.2700511945392491 0.021423942627554333 0.014812286689419807
2 0.33429386097550434 0.2743003412969283 0.020490776342506574 0.0150511945392491
2 0.7036721821402341 0.2708703071672355 0.02046485505681078 0.014692832764505113
3 0.8053873072104375 0.20341296928327643 0.016485937702510122 0.010017064846416398
2 0.09173543007733183 0.6606996587030717 0.021307296841923364 0.01612627986348135
3 0.5592906208147923 0.2048805460750853 0.017380222059014044 0.011092150170648457
2 0.4573292435304791 0.2726621160409556 0.021553549056033162 0.015341296928327685
3 0.6843219423683413 0.5914505119453924 0.0173154188447747 0.010290102389078393
3 0.8073702855661641 0.5901535836177474 0.01712100920205638 0.009863481228668813
3 0.5612735991705188 0.5921160409556314 0.017522789130340773 0.010409556313993183
3 0.19227113664837772 0.5940784982935153 0.017457985916101502 0.010580204778156977
3 0.4379790037585864 0.5930887372013651 0.01699140277357755 0.010255972696245787
3 0.314684408346654 0.5937372013651877 0.01712100920205645 0.010494880546074985
2 0.5806238389424115 0.27151877133105806 0.020775910485160032 0.014982935153583602
0 0.07082991316369291 0.9213481228668942 0.00902060742212814 0.01098976109215035
1 0.9250658832678099 0.20291808873720132 0.009137253207758983 0.010392491467576785