3 0.19978366776820086 0.2461577181208054 0.01625046843593506 0.010352348993288654
2 0.10050505910809798 0.3128020134228188 0.01963598269342148 0.014614093959731539
3 0.3205762613702177 0.24439597315436246 0.015701120839437182 0.009966442953020098
3 0.6846915136442614 0.24151006711409398 0.016493203420434106 0.010117449664429519
3 0.8064678227097742 0.24053691275167788 0.015560590058937913 0.009966442953020098
3 0.5634006745477464 0.24246644295302014 0.01700422444043191 0.010285234899328847
3 0.4421098354512316 0.243758389261745 0.016608183149933523 0.010469798657718172
3 0.20136783293019453 0.6262416107382551 0.017004224440431984 0.01023489932885904
3 0.9282441317752872 0.23989932885906043 0.0153945082274385 0.010050335570469807
2 0.10245971450959017 0.691761744966443 0.02019810581541921 0.014446308724832307
3 0.32204544680271185 0.6256040268456377 0.01642932579293429 0.009882550335570386
3 0.4435790208837257 0.6249664429530202 0.016557081047933814 0.010318791946308655
3 0.6866461690457535 0.6230369127516778 0.01687646918543264 0.01060402684563769
2 0.22081218274111677 0.311510067114094 0.019865942152420563 0.013842281879194616
3 0.8079370081422683 0.6220637583892619 0.016301570537934695 0.009815436241610768
2 0.827010867713692 0.3060570469798658 0.020683575784417412 0.013691275167785288
3 0.5658407999182368 0.623993288590604 0.016365448165434403 0.010469798657718077
0 0.08314311995366742 0.9062919463087248 0.00893009232446428 0.010654362416107309
2 0.34160477634313363 0.3097483221476511 0.020721902360917123 0.014278523489932885
2 0.7057200286171772 0.30654362416107384 0.020095901611419754 0.013741610738255
2 0.4628956154396484 0.3083053691275168 0.02040251422341844 0.014077181208053654
2 0.5839437195516642 0.30766778523489935 0.01959765611692166 0.013791946308724903
3 0.9297133172077814 0.6214261744966443 0.01612271318093528 0.00916107382550346
2 0.2221536129186114 0.6911241610738256 0.019789288999420857 0.013590604026845768
2 0.8289655231151841 0.6879026845637585 0.021156270227915365 0.013842281879194616
2 0.34307396177562777 0.6911241610738256 0.020555820529417852 0.01374161073825519
2 0.5858983749531566 0.6898322147651007 0.020530269478418 0.013422818791946345
2 0.7071892140496713 0.6885570469798659 0.02027475896841888 0.013590604026845768
2 0.46436480087214266 0.6904697986577182 0.02083688209041654 0.014228187919463077