2 0.20955024974639438 0.2759316474303136 0.021099810174822507 0.015537168921493863
3 0.18840295312706745 0.2080724629790941 0.017949876022692168 0.010931247618140247
3 0.9447670411943722 0.99337162456446 0.017949876022692168 0.01003507288490861
2 0.3344079411634985 0.2742643456010453 0.021289755952840453 0.01615198647103663
3 0.3131340140254929 0.2064051611498258 0.0178865607633529 0.010837461890243911
2 0.46027867673003137 0.27309723432055755 0.021907079731398525 0.01621451028963416
2 0.7127799309751688 0.27109647212543553 0.021669647508876056 0.015245391101371979
3 0.6904929596877344 0.20257036694250874 0.01829810994905828 0.011181342892530494
3 0.4390047495920258 0.20507131968641115 0.017554155651821533 0.010879144435975594
3 0.8166169562916246 0.20156998584494776 0.017823245504013634 0.01067073170731708
2 0.5861494122965643 0.2722635834059234 0.02100483728581346 0.015182867282774359
3 0.5648754851585587 0.20390420840592335 0.017823245504013634 0.011316811166158515
3 0.1899225193512107 0.6015556946864112 0.017285065799629504 0.0107540967987804
2 0.8383974055043445 0.2702628212108014 0.021907079731398525 0.01566221655868901
2 0.21157633804525205 0.6692481489547039 0.021258098323170747 0.014661835461128021
3 0.9427409528955146 0.20106979529616725 0.01768078617050021 0.011014612709603662
3 0.31490684128699337 0.6008887739547039 0.017949876022692168 0.010879144435975641
3 0.1911392405063291 0.9933333333333333 0.017721518987341773 0.013333333333333334
2 0.3361807684249989 0.6685812282229965 0.021178954248996663 0.015422541920731685
3 0.8191495666651964 0.9940385452961673 0.018234794689719013 0.010509211842606874
2 0.714299497199312 0.6669139263937283 0.02133724239734483 0.013838605182926737
3 0.44077757685352625 0.6002218532229965 0.017949876022692168 0.01047273961509139
2 0.8399169717284877 0.66524662456446 0.02216034076875588 0.014828565644054947
3 0.6930255700613064 0.5985545513937283 0.018804632023772708 0.011097977801067032
3 0.8186430445904821 0.5972207099303136 0.018377254023232436 0.0107540967987804
3 0.5669015734574163 0.5992214721254355 0.018377254023232436 0.011139660346798716
2 0.5876689785207074 0.6672473867595818 0.021368900027014467 0.015245391101371979
3 0.693335685617254 0.9939024390243903 0.01852423587527028 0.01219512195121941
2 0.4620515039915318 0.6685812282229965 0.022128683139086103 0.01566221655868901
3 0.5658227848101266 0.9933333333333333 0.017721518987341773 0.013333333333333334
3 0.31518987341772153 0.9933333333333333 0.017721518987341773 0.013333333333333334
3 0.43924050632911393 0.9933333333333333 0.017721518987341773 0.013333333333333334
3 0.9442605191196578 0.59688724956446 0.018029020096866324 0.01047273961509139