3 0.18511995546783241 0.23856637675412887 0.016906969263832727 0.011157335151751513
2 0.08327224773261123 0.30703652962624556 0.02084100089309017 0.015199548996008996
3 0.6808079407542738 0.23394670378926313 0.017234805232937384 0.010559252491121598
3 0.30813650006524856 0.23724647019273867 0.01704747039344904 0.010600499571165033
3 0.43252683348557996 0.23642152859186977 0.017640697385162427 0.010817046741393168
3 0.5564176073339422 0.23526661035065338 0.017312861416057698 0.01089954090148004
3 0.8046987146026359 0.23328675050856806 0.015720515280405738 0.009888987440415668
3 0.18711819375570923 0.6292587189256283 0.01704747039344904 0.010858293821436603
3 0.30988495856714077 0.6289287422852808 0.016969414210328864 0.010600499571165128
3 0.9285894884509982 0.23246180890769916 0.016266908562247235 0.010239587620784875
2 0.0854578208599765 0.6978938601179188 0.020638054816977683 0.015086119525889547
3 0.4342752919874722 0.6285987656449332 0.017047470393449112 0.010559252491121692
3 0.8061973933185435 0.6256289758818052 0.016969414210328795 0.010641746651208565
2 0.20660101706250814 0.30637657634555043 0.0208097784198421 0.014457101555227054
3 0.6823066194701813 0.626618905802848 0.01743775130905012 0.010858293821436603
3 0.5589154051937882 0.6276088357238906 0.016969414210328795 0.010724240811295437
2 0.8261797761973116 0.29994203185877316 0.020919057076210414 0.014230242614988061
2 0.7017894427769803 0.30109695009998966 0.020887834602962344 0.014013695444760024
2 0.3296175616599243 0.30489168146398643 0.021496672831299697 0.01526141961607415
3 0.930587726738875 0.6246390459607626 0.016469854638359687 0.010481914216040155
2 0.45375811529427107 0.3032417982622487 0.021699618907412288 0.014673648725455093
2 0.5773991093566487 0.3032417982622487 0.020325830084496954 0.01337436570408667
2 0.20809969577841575 0.6965739535565286 0.01987310422239981 0.013694030574423394
2 0.3313660201618165 0.6965739535565286 0.02080977841984203 0.014395230935161806
2 0.703787681064857 0.6939341404337481 0.020809778419842172 0.013848707124586279
2 0.8276784549132193 0.692614233872358 0.021777675090532318 0.013962136594705727
2 0.5798969072164948 0.6945940937144433 0.020684888526849753 0.013962136594705727
2 0.4555065737961633 0.6952540469951384 0.02160595148766808 0.014735519345520342