0 0.08393579538039932 0.9215081198496705 0.009121753882291549 0.010895424611247026
2 0.10153986689286179 0.3265696652070475 0.02037061203184132 0.015257042374926802
2 0.10353647396580974 0.7155983863738232 0.021049197442254974 0.015619073888907858
2 0.34763147592326754 0.3239147674378512 0.021779981730392885 0.015084646415888024
2 0.22424637870285788 0.3252422163224494 0.020174866240375806 0.014343343792021464
2 0.4715255122014876 0.3224321621901183 0.021284092392013492 0.015308761162638341
2 0.7200574187654964 0.3201220563389994 0.021284092392013492 0.014963969244560877
2 0.5956674931488972 0.3216046615867324 0.020566357823306763 0.015084646415888024
2 0.2258645439123059 0.7155983863738232 0.020566357823306763 0.014464020963348609
3 0.7005741876549654 0.6456573457918146 0.01717343077123852 0.010395476330034757
2 0.5976641002218451 0.7136330724407819 0.021323241550306744 0.014343343792021655
2 0.34938013832702597 0.7149432817294762 0.0215711862194963 0.015015688032272512
2 0.8444473443820957 0.3194669516946523 0.02194962808299622 0.015257042374926802
3 0.6985775805820175 0.2529738302934179 0.016781939188307417 0.010240319966899952
2 0.7220540258384444 0.7123056235561838 0.02104919744225512 0.014274385408405952
3 0.45204228109095645 0.6469675550805087 0.01632519900822128 0.010154121987380657
3 0.823972334594806 0.6443298969072164 0.01704293357692815 0.009964486432438
3 0.8232937491843925 0.25214632969003203 0.016847187785462747 0.010360997138227097
2 0.47327417460524596 0.7136330724407819 0.021323241550306744 0.015498396717580902
3 0.9468615424768367 0.2511636727235113 0.01665144199399705 0.010602351480881293
2 0.8454521727782852 0.7116505189118366 0.022158423593892806 0.014670896114195144
3 0.3279003001435469 0.647622659724856 0.01659924311627305 0.010274799158707801
3 0.4502936186871982 0.25528393614453676 0.01653399451911772 0.010947143398958754
3 0.5766801513767453 0.6463124504361617 0.016273000130497275 0.01151605006378644
3 0.2028839879942581 0.2579215943178292 0.01659924311627305 0.01098162259076651
3 0.3266605767975988 0.25643898907009616 0.016273000130497275 0.010723028652208437
3 0.5741876549654182 0.25430127917801604 0.01696463526034193 0.011688446022825219
3 0.20501109226151637 0.6479674516429335 0.01704293357692808 0.011154018549805194
3 0.9483622602114054 0.6436747922628693 0.017499673757014292 0.010274799158707801
0 0.09660707294793161 0.6156259697272696 0.009369698551481136 0.011240216529324583