2 0.09839394411941839 0.309616657838983 0.020070237218231077 0.015592309984110196
3 0.19868337563451777 0.2423000529661017 0.016349524010851334 0.010421908103813564
3 0.3202163813129141 0.24051575741525422 0.016920753839370205 0.010462460275423762
3 0.44323149681665663 0.24002913135593218 0.01718321078760868 0.010584116790254257
3 0.6882736546072442 0.23727158368644063 0.016982508415426343 0.010584116790254257
3 0.5662466123203992 0.2384070444915254 0.016411278586907472 0.010715911347987325
3 0.8117828067194356 0.23646054025423727 0.015786013504339568 0.009762935315148316
2 0.10055535428138175 0.6935646186440677 0.019869534846048777 0.015237478482521093
3 0.200783031220425 0.6273834745762712 0.016210576214725134 0.010715911347987231
3 0.9343038856147293 0.2353250794491525 0.01647303316296361 0.00979841846530718
3 0.32194550944248473 0.6264102224576271 0.017044262991482408 0.010264768438824111
2 0.2195564223414781 0.30864340572033894 0.02025550094639938 0.01415270789194911
3 0.6902498010410393 0.6241393008474576 0.017044262991482338 0.010462460275423762
3 0.8127708799363331 0.6228416313559322 0.01647303316296361 0.010107628773834752
2 0.8325323442742837 0.3023172669491525 0.020965678571044383 0.014264226363877128
3 0.44496062494622735 0.6260858050847458 0.017044262991482338 0.009798418465307273
3 0.5677287221457454 0.6251125529661017 0.017044262991482338 0.010503012447033862
3 0.9362800320485244 0.6221927966101695 0.015963557910500872 0.010345872782044505
2 0.3414599554762109 0.3070213188559322 0.020687782978791983 0.014710300251589009
2 0.71001126537899 0.3029661016949152 0.020456203318581646 0.014264226363877128
2 0.4644750709799535 0.3055614406779661 0.02057971247069392 0.014375744835805051
2 0.5865021132667986 0.30507481461864405 0.02014743043830125 0.01361539161811436
0 0.08097915367159941 0.9096265889830509 0.008815465732007657 0.010503012447034053
2 0.22128555047104878 0.6935646186440677 0.02030181687844145 0.013777600304555146
2 0.8340144540996299 0.6890227754237288 0.021459715179493192 0.013990499205508513
2 0.7114933752043362 0.6903204449152541 0.020255500946399455 0.013828290519067726
2 0.46595718080529985 0.6916181144067796 0.02108918772315666 0.01465961003707624
2 0.5889722963090425 0.690969279661017 0.020101114506259184 0.013939808990995744
2 0.3431890836057816 0.6929157838983051 0.02030181687844152 0.013939808990995744