0 0.08326299031402243 0.9069316275167787 0.008933042921906406 0.010608033045826156
3 0.20149399124450654 0.2162954855285235 0.01754513819392393 0.010437421350671154
2 0.22215690660877938 0.28148922504194634 0.0204795167071935 0.014732821675755
2 0.34283322296698804 0.2798834679110738 0.020922730128468566 0.01543534042051173
3 0.3222925733741015 0.2145291526845638 0.017468722086807546 0.010086161978292789
2 0.46436539972490043 0.2787594379194631 0.021442359656860015 0.015254692743288558
2 0.7081633478690423 0.27683252936241615 0.02132009388547374 0.014732821675755
2 0.5863866395683577 0.2781171350671141 0.020953296571315064 0.014281202482697116
3 0.4435802185892414 0.21356569840604028 0.01780495295811973 0.010477565278942957
3 0.6871336351906109 0.21115706270973156 0.017407589201114407 0.01072846483064178
3 0.8084212804057508 0.21035418414429533 0.017071358329802225 0.010201575772074254
2 0.8289619299986373 0.2760296507969799 0.021809156971018838 0.015314908635696345
3 0.5653569268899261 0.2126022441275168 0.01727004020830496 0.010858932597525144
2 0.22423542472234528 0.6596450293624162 0.020922730128468566 0.014903433370910192
3 0.20320571204391374 0.5938089869966443 0.01780495295811973 0.010808752687185385
2 0.34454494376639533 0.6590027265100672 0.020800464357082292 0.01519447685088096
3 0.9297089256208906 0.2095513055788591 0.017407589201114407 0.010688320902369975
3 0.32424882571628116 0.5931666841442954 0.01766740396531017 0.0103571334941275
3 0.44578100247419344 0.5925243812919464 0.01774382007242659 0.009815190462458077
3 0.6886008244472457 0.5905974727348994 0.01801891805804549 0.010437421350671154
2 0.7096305371256773 0.6564335151006713 0.02032668449296066 0.014451814177852308
2 0.8309181823408169 0.6554700608221476 0.021488209321129832 0.014682641765415193
2 0.4660771205243076 0.6583604236577182 0.021656324756785923 0.015375124528104038
2 0.5873647657394475 0.6570758179530202 0.0206323489214262 0.015023865155725768
3 0.5673131792321058 0.5915609270134229 0.017667403965310132 0.010899076525796924
3 0.8098884696623856 0.5896340184563759 0.017208907322611967 0.0103571334941275
3 0.9316651779630702 0.588991715604027 0.017606271079617142 0.010086161978292693
3 0.32571601497291597 0.973088821308725 0.017331173093998096 0.010201575772074421
3 0.6900680137038804 0.971804215604027 0.01788136906523604 0.010276845637583847
3 0.4467591286452833 0.973088821308725 0.01707135832980237 0.01000587412174923
3 0.20565102747163833 0.973088821308725 0.01780495295811973 0.010437421350671154
3 0.8108665958334753 0.9711619127516778 0.017407589201114407 0.009815190462458077
3 0.5687803684887406 0.972446518456376 0.01804948450089213 0.010316989565855769
3 0.9321542410486152 0.96987730704698 0.017545138193923858 0.009624506803166923