2 0.4679162347228285 0.31657125538793107 0.02095986161883456 0.014283278892780136
2 0.5919835770405937 0.31558122306034486 0.020317593811381512 0.014180150525323256
3 0.44661174159755573 0.24957906788793105 0.017435221212079924 0.010900668440193991
2 0.717304124836316 0.31442618534482764 0.0205212397015496 0.01396358095366376
3 0.44811558817110436 0.641466864224138 0.016902608883948043 0.010524249898976261
3 0.8200669740288085 0.2467739762931035 0.015774723953786575 0.010163300612877133
3 0.3237976047577477 0.641796875 0.01710625477411613 0.01060159617456899
3 0.6952477084242689 0.24710398706896555 0.016839948610050337 0.01036440092941812
3 0.19872769805761675 0.2520541487068966 0.01683994861005019 0.010983171134159496
3 0.5734361359668267 0.6401468211206898 0.01683994861005019 0.011106925175107751
3 0.5709297250109123 0.2484240301724138 0.017638867102247865 0.010900668440193991
3 0.944384957442165 0.24627896012931036 0.01613502052869915 0.010163300612877133
3 0.6977541193801834 0.6394867995689656 0.017106254774115988 0.011024422481142248
3 0.20048218572675688 0.6424568965517242 0.01683994861005019 0.010642847521551743
3 0.9458888040157137 0.6371767241379311 0.016777288336152198 0.010400495858028004
2 0.0990352022861196 0.7097790948275863 0.020442914359177215 0.01502580313846977
3 0.8215708206023571 0.6384967672413794 0.016714628062254346 0.010482998551993509
2 0.22153603775643826 0.7097790948275863 0.01997296230494326 0.014128586341594768
2 0.3435982513094719 0.3183863146551724 0.020599565043921842 0.014737043709590504
2 0.345352738978612 0.7097790948275863 0.020881536276462175 0.014345155913254264
2 0.8411208260584898 0.3137661637931035 0.020787545865615542 0.014180150525323256
3 0.3222937581841991 0.25056910021551726 0.016260341076494995 0.010204551959859885
2 0.22003219118288958 0.31970635775862066 0.020552569838498454 0.014396720096982752
2 0.5939887058053253 0.708459051724138 0.020395919153753755 0.013695447198275777
2 0.7188079714098647 0.7071390086206897 0.02063089518087077 0.013798575565732753
2 0.46967072239196855 0.708459051724138 0.021476808878491904 0.01467516668911647
2 0.8426246726320384 0.7058189655172414 0.021476808878491904 0.014231714709051744
2 0.09665411187800088 0.32053138469827586 0.020395919153753828 0.015025803138469863