2 0.7175660477219601 0.28245794316202094 0.021701305138545835 0.015005716463414653
3 0.1931890698738588 0.21943393401567945 0.018440569282571775 0.010837461890243863
2 0.5914420511180699 0.28395851480836237 0.02100483728581346 0.0147764624618902
2 0.4650647934768227 0.28445870535714285 0.022081196694581723 0.015714319740853664
3 0.31817339180964144 0.21826682273519163 0.0178865607633529 0.010712414253048811
2 0.8431835222511358 0.2817910224303136 0.02258771876929615 0.01583936737804881
3 0.4440441273761744 0.21693298127177704 0.01829810994905828 0.011097977801067032
3 0.6957855985092402 0.2145987587108014 0.01829810994905828 0.010972930163871979
3 0.8214030730384159 0.21359837761324044 0.01809233535620559 0.010634259479801832
2 0.33919405791028984 0.28545908645470386 0.021543016990197523 0.016026938833841483
2 0.21446299701186433 0.28712638828397213 0.021210611878666224 0.015714319740853664
3 0.5696616019053501 0.21576586999128922 0.017949876022692168 0.0113584937118902
0 0.07067404305230891 0.9382077526132404 0.009323171937712251 0.010634259479801737
3 0.19483526661668066 0.6147511977351917 0.018029020096866324 0.011671112804878021
2 0.7190856139461034 0.6801094294425087 0.021495530545693142 0.014380478277439011
2 0.8452096105499933 0.6784421276132405 0.022081196694581723 0.015068240282012273
2 0.5929616173422132 0.680776350174216 0.021368900027014467 0.015182867282774359
3 0.31969295803378467 0.6137508166376306 0.018029020096866324 0.011097977801067032
2 0.3412201462091474 0.6821101916376306 0.021954566175903047 0.015537168921493958
3 0.9475270696423059 0.21309818706445996 0.017949876022692168 0.01079577934451218
2 0.21648908531072203 0.682777112369338 0.021495530545693142 0.01495361328125
3 0.4458169546376748 0.6130838959059234 0.01851971335674586 0.010592576934070053
3 0.6978116868080978 0.611416594076655 0.01851971335674586 0.011056295255335347
2 0.46683762073832313 0.6814432709059234 0.022128683139086103 0.015964415015243958
3 0.5716876902042076 0.612416975174216 0.01809233535620559 0.011139660346798716
3 0.8234291613372735 0.6104162129790942 0.018234794689719013 0.010634259479801737
3 0.9495531579411635 0.6097492922473868 0.01829810994905828 0.010634259479801737