3 0.5594936708860759 0.995 0.020253164556962026 0.01
3 0.9368407172995782 0.9947916666666666 0.01714135021097056 0.010416666666666666
3 0.18333209717827006 0.21388753255208334 0.018171479430379747 0.010675218370225725
3 0.6856540084388186 0.9956597222222223 0.01845991561181425 0.00868055555555543
3 0.4341772151898734 0.995 0.017721518987341773 0.01
3 0.310126582278481 0.995 0.017721518987341773 0.01
3 0.1865770042194093 0.9956597222222223 0.017141350210970487 0.00868055555555543
3 0.8122362869198313 0.9956597222222223 0.01845991561181425 0.00868055555555543
1 0.08408300987275845 0.2840033637152778 0.014204355231820292 0.015015920003255209
2 0.2065512097837553 0.6741265190972223 0.021878335043347862 0.015368991427951452
2 0.33097536755010554 0.6727973090277778 0.022004525872725476 0.015846676296657924
2 0.4564090519514768 0.6727973090277778 0.021625953384592563 0.015545527140299479
3 0.3080086366033756 0.21289062500000003 0.018029514747329906 0.010893291897243907
2 0.5820951180116034 0.6721327039930556 0.022477741482891615 0.014839384290907181
2 0.7077811840717301 0.6708034939236112 0.022130716702103016 0.015244377983941036
3 0.8092386108913503 0.20790608723958337 0.017761359234902522 0.010353300306532134
3 0.4331899393459916 0.2110629611545139 0.018518504211168203 0.011277516682942709
3 0.5583712420886077 0.20989990234375003 0.01768248996654145 0.011454052395290782
1 0.08521872733715719 0.6747911241319445 0.0149930479154305 0.015607833862304688
2 0.8324577234968354 0.670138888888889 0.022730123141646984 0.0156597561306423
2 0.20440596568433544 0.2825080023871528 0.021673274945609177 0.015846676296658018
3 0.6840573081487342 0.20890299479166669 0.017966419332640992 0.010114457872178803
2 0.32946107759757387 0.28084648980034727 0.02213071670210316 0.0164697435167101
3 0.18509876878955697 0.6066691080729166 0.01796641933264106 0.011142518785264694
2 0.7052573674841772 0.277191162109375 0.02220958597046423 0.015659756130642393
2 0.5795713014240507 0.2786865234375 0.021925656604364404 0.0157220628526476
2 0.8304386702267933 0.2765265570746528 0.02134202401849288 0.015607833862304688
3 0.3097753082146625 0.6060045030381945 0.01782445464959122 0.010155995686848959
3 0.4349566109572785 0.6053398980034723 0.01899171982133434 0.011235978868272507
3 0.6855715981012658 0.6036783854166666 0.018518504211168345 0.010353300306532181
2 0.4546423803401899 0.280181884765625 0.021673274945609177 0.01519245571560333
3 0.5598855320411393 0.60467529296875 0.019054815236023256 0.011059443155924479
3 0.8112576641613924 0.6030137803819445 0.018660468894218185 0.010036574469672245
3 0.9344199136339663 0.20707533094618058 0.01831344411342959 0.010934829711914062
3 0.936943730221519 0.6020168728298612 0.01831344411342959 0.010514259338378906