3 0.3277378366170524 0.9825873940677966 0.01798602027633789 0.010345872782044505
3 0.45001189720812185 0.9825873940677966 0.01806321349640795 0.010421908103813469
3 0.57277999440764 0.9825873940677966 0.018233038580562293 0.010305320610434213
3 0.6957951099113826 0.9819385593220339 0.017924265700281897 0.010188733117054956
3 0.2064518492428805 0.9825873940677966 0.01806321349640795 0.0102647684388243
3 0.202252538071066 0.21598914194915253 0.01798602027633789 0.01054356461864406
2 0.2231255847780263 0.281197033898305 0.02088848535097439 0.01517665022510594
2 0.22522524036393357 0.666604872881356 0.021259012807310927 0.014598781779660992
2 0.5920474221371418 0.6646583686440677 0.020965678571044526 0.014882646980932274
3 0.8178221521982276 0.9812897245762711 0.017646370108029205 0.010345872782044505
2 0.46952634324184805 0.6653072033898305 0.021737610771745738 0.015237478482521093
3 0.3245265986621354 0.21436705508474574 0.01764637010802935 0.010421908103813564
2 0.7155565742493332 0.6633606991525424 0.021166380943226867 0.014213536149364358
2 0.34502911791275914 0.27973715572033897 0.021490592467521333 0.015957279528601685
2 0.3467582460423298 0.6659560381355931 0.021011994503086596 0.01505499371027535
2 0.4677972151122774 0.2786016949152542 0.02136708331540906 0.015713966498940694
3 0.69283089026069 0.21096067266949148 0.017785317904155697 0.010584116790254257
3 0.44680065925320483 0.21306938559322033 0.01798602027633789 0.010715911347987278
2 0.5910593489202443 0.27795286016949156 0.021135503655198725 0.014882646980932179
2 0.7140744644239869 0.2768173993644068 0.02128989009533885 0.014771128509004257
3 0.5698157747569474 0.21209613347457626 0.017584615531973213 0.011131571106991534
3 0.20398166620063665 0.600099311440678 0.01806321349640795 0.010756463519597522
3 0.8148579325475349 0.20998742055084746 0.01738391315979102 0.010148180945444901
2 0.8361015067108319 0.2758441472457627 0.021876558567871796 0.015115821967690693
2 0.838077653144627 0.6623874470338983 0.021212696875268933 0.014487263307732973
3 0.3260087084874817 0.5994504766949152 0.01750742231190315 0.010756463519597522
3 0.9378730480512776 0.2095007944915254 0.017445667735847013 0.010584116790254257
3 0.9403432310935215 0.9799920550847457 0.017924265700281897 0.00991500595868653
3 0.5717919211907424 0.5984772245762712 0.017723563328099413 0.010797015691207624
3 0.6943130000860362 0.5971795550847457 0.018202161292534297 0.010634807004767027
3 0.4487768056869999 0.5991260593220339 0.01778531790415555 0.010148180945444854
3 0.8168340789813301 0.5962063029661017 0.017646370108029205 0.010381355932203367
3 0.9398491944850726 0.5958818855932203 0.017646370108029205 0.010305320610434402