3 0.18717590571802706 0.2087241379310345 0.016643387167175876 0.009896551724137954
3 0.684081187254474 0.20284482758620692 0.01632911392405075 0.011155172413793081
3 0.43518987341772153 0.20486206896551723 0.016525534701003944 0.011965517241379332
3 0.5597599301615016 0.20350000000000001 0.01659100829332158 0.011586206896551706
3 0.18868179834133567 0.5968793103448277 0.016329113924050676 0.011465517241379265
3 0.31212570929725014 0.5965517241379311 0.015661283282409462 0.011206896551724223
3 0.6860846791793977 0.5942413793103449 0.016708860759493727 0.010948275862068991
3 0.9332082060235706 0.2006896551724138 0.0174945438673068 0.011155172413793081
3 0.4372719336534265 0.5955517241379311 0.016774334351811363 0.011551724137931197
3 0.8093976429506767 0.5935689655172415 0.01632911392405075 0.01
3 0.5612658227848102 0.594896551724138 0.017704059362723696 0.01110344827586213
3 0.9352247926669578 0.5925862068965517 0.01632911392405075 0.010948275862068991
2 0.33167612396333485 0.27412068965517244 0.020637276298559524 0.015379310344827578
2 0.8294456569183762 0.2688448275862069 0.020833697075512865 0.014965517241379303
2 0.20811436054124838 0.274948275862069 0.020480139676996925 0.015500000000000019
2 0.5808162374508948 0.2708275862068966 0.02078131820165864 0.014396551724137983
2 0.7056350938454823 0.27 0.02205150589262314 0.014913793103448257
2 0.45649498035792235 0.27329310344827584 0.021069402007856872 0.014568965517241376
2 0.210117852466172 0.6648620689655172 0.02040157136621559 0.01513793103448279
2 0.33343081623745097 0.6641896551724139 0.021475338280226967 0.015499999999999924
2 0.707638585770406 0.6622241379310345 0.02180270624181601 0.015258620689655231
2 0.0853513749454387 0.2767586206896552 0.019864687909209935 0.015258620689655231
2 0.45775207333042345 0.6635344827586207 0.020964644260148425 0.015086206896551744
2 0.5828197293758185 0.6632068965517242 0.021475338280226967 0.015206896551724185
3 0.1909340899170668 0.9856206896551724 0.017376691401134868 0.010362068965517134
2 0.8314491488433 0.6615517241379311 0.02131820165866429 0.015206896551724185
3 0.6870798777826278 0.9850689655172415 0.01797904845045823 0.010603448275862395
3 0.43919685726756874 0.9862931034482758 0.017704059362723696 0.010603448275862395
3 0.5632693147097337 0.9856206896551724 0.017900480139676895 0.010327586206896437
3 0.8114011348756002 0.9843103448275863 0.01697075512876485 0.010051724137930857
3 0.31412920122217375 0.9856206896551724 0.016708860759493658 0.009931034482758606
3 0.9356438236577914 0.9823275862068968 0.016774334351811363 0.010155172413793328
2 0.08548232213007421 0.6655172413793103 0.020244434744652987 0.013913793103448409
3 0.31085552160628543 0.20651724137931035 0.017010039284155374 0.010396551724137879
3 0.8082060235704934 0.2023793103448276 0.01707551287647301 0.008862068965517219