1 0.09710113621635633 0.6506143344709897 0.021307296841923364 0.011843003412969323
1 0.21854235970104116 0.6512627986348123 0.020387091199723536 0.008890784982935239
2 0.09524776428910874 0.2634641638225256 0.021022162699269868 0.015153583617747397
3 0.20017712878558774 0.9661433447098976 0.017250615630535284 0.010648464163822383
3 0.3218646044843825 0.96679180887372 0.017198773059143694 0.010750853242320772
3 0.6909966734350023 0.9654778156996586 0.01712100920205638 0.010290102389078584
3 0.5679483302371797 0.9661433447098976 0.017380222059014044 0.010375426621160387
3 0.4446537348252473 0.96679180887372 0.017380222059014044 0.010614334470989964
3 0.814045016632825 0.9641808873720137 0.016926599559338062 0.010290102389078584
2 0.8323972869054305 0.2560409556313993 0.02042597312826723 0.014812286689419807
2 0.21705188577353435 0.2619112627986348 0.02046485505681085 0.014692832764505113
2 0.33947811811465844 0.2602901023890785 0.020853674342247417 0.015102389078498295
2 0.46275975288374305 0.2588225255972696 0.02146282455609788 0.015153583617747397
2 0.7098544087786754 0.2566894197952218 0.02056854019959367 0.015102389078498295
2 0.5863135611526331 0.257679180887372 0.02046485505681078 0.014761092150170612
1 0.9336069469045664 0.9635324232081911 0.01045923877824338 0.009948805460750615
1 0.9311314641206202 0.18907849829351533 0.01045923877824338 0.010136518771331045
3 0.19621117207413483 0.19576791808873717 0.016732189916619886 0.010290102389078489
1 0.3412148442562751 0.6519112627986348 0.020775910485160032 0.007576791808873887
3 0.8105715643495917 0.1894027303754266 0.015850866202963575 0.009675767918088714
3 0.6880157255799887 0.19039249146757675 0.016537780273901712 0.010290102389078489
3 0.5649673823821662 0.19136518771331057 0.016926599559338062 0.010409556313993183
3 0.3185726012010196 0.19406143344709897 0.016537780273901567 0.009897610921501704
3 0.44142653475612387 0.19283276450511944 0.016796993130859375 0.010290102389078489
0 0.07601417030284702 0.9145221843003413 0.009344623493325271 0.010460750853242568
1 0.46425022681124983 0.6519112627986348 0.02113880848490073 0.006979522184300322