2 0.46436539972490043 0.6853371434563759 0.021488209321129832 0.01508408104813346
2 0.10013566676532212 0.30718133913590606 0.02017385227872789 0.014401634267512595
2 0.7076742847834976 0.6840525377516778 0.02052536637146339 0.014281202482697116
2 0.34283322296698804 0.6859794463087249 0.02087688046419875 0.014903433370910192
2 0.22215690660877938 0.686621749161074 0.02017385227872789 0.014512030070260001
3 0.200149067759258 0.24118472105704702 0.01655172880141085 0.010241719700346057
2 0.5858975764828127 0.684694840604027 0.020831030799928933 0.014963649263317886
2 0.8289619299986373 0.6827679320469799 0.021243677778357284 0.014793037568162692
2 0.7057180324413179 0.3012400377516779 0.020555932814309744 0.014622425873007595
2 0.34136603371035334 0.30445155201342283 0.021365943549743704 0.015023865155725673
2 0.5844303872261779 0.3022034920302014 0.020831030799928933 0.014341418375104904
2 0.46265367892549314 0.3033275220218121 0.020831030799928933 0.015194476850880866
3 0.4418684977898341 0.23829435822147654 0.015986249608749514 0.009965730193477308
2 0.22056745158075838 0.30605730914429535 0.020097436171611506 0.014622425873007595
3 0.3205808525746942 0.23973953963926178 0.016047382494442614 0.009890460327967693
2 0.8270056776564576 0.3005977348993289 0.020831030799928933 0.015084081048133366
3 0.5648678638043811 0.6191799496644296 0.01713249121549551 0.010316989565855769
3 0.4433356870464689 0.6201434039429531 0.016612861687103915 0.00985031639969596
2 0.10209191910750179 0.6872640520134229 0.02055593281430989 0.015375124528104038
3 0.5629116114622015 0.2368491768036913 0.01675041067991351 0.010728464830641826
3 0.3222925733741015 0.6201434039429531 0.015986249608749514 0.009549236937657307
3 0.686644572105066 0.6182164953859061 0.01661286168710406 0.009624506803166923
3 0.806465028063571 0.23508284395973159 0.015986249608749514 0.009699776668676633
3 0.6846883197628864 0.23540399538590606 0.015802850951670246 0.009258193457686635
3 0.20137172547312032 0.6211068582214765 0.016368330144331512 0.01020157577207423
3 0.8079322173202059 0.6172530411073825 0.015741718065976965 0.008635962569473653
3 0.6871336351906109 0.9955694211409396 0.016872676451299785 0.007220889097892117
3 0.9287307994498009 0.6166107382550337 0.016246064372945238 0.009514111000419424
3 0.8079322173202059 0.9949271182885908 0.016872676451299785 0.007988641726090767
3 0.9272636101931659 0.23427996539429533 0.0168115435656065 0.009478985063181634
3 0.566335053061016 0.9955694211409396 0.017331173093998096 0.006734143967596537
3 0.3240042941735087 0.9962117239932886 0.01720890732261182 0.006603676200713077
3 0.9301979887064356 0.9942848154362417 0.01661286168710406 0.008405134981910579
3 0.4450474078458761 0.9955694211409396 0.01707135832980237 0.006402956559353848
3 0.2038170409008449 0.9962117239932886 0.017331173093998096 0.006503316380033463
0 0.083568654742488 0.9075739303691277 0.009032383861157726 0.010086161978292693