1 0.18178715460018524 0.20809628157665508 0.0178865607633529 0.0105925769340701
1 0.5582596866316765 0.20409475718641115 0.017475011577647376 0.010879144435975594
1 0.45315635612843475 0.272620862369338 0.01851971335674586 0.013004954268292674
2 0.20483390899969126 0.6694386977351917 0.02092569321163938 0.01559969274009139
1 0.3280454036739735 0.2739547038327526 0.019200352394643343 0.013411359089176832
1 0.5785205696202532 0.27145375108885017 0.017744101429839478 0.011577327076981685
1 0.6838771611608522 0.20276091572299654 0.017411696318308252 0.010149699885670741
2 0.3298182309354739 0.6687717770034843 0.02146387291602351 0.01566221655868901
1 0.3065182154986107 0.20659570993031362 0.017079291206776814 0.010269537204649406
1 0.43238895106514363 0.2054285986498258 0.017015975947437475 0.010837461890243911
2 0.5815597020685397 0.667104475174216 0.021701305138545835 0.01615198647103663
2 0.4554357054646496 0.6681048562717771 0.02220782721326026 0.015964415015243958
1 0.20306108173819082 0.2754552754790941 0.018772974394103144 0.013213366996951189
2 0.7071771765977154 0.6664375544425087 0.0215746746198673 0.015297494283536632
1 0.8089881136153134 0.20176053462543556 0.017205921725455275 0.009842291110899406
2 0.8333011732016055 0.6651037129790942 0.02117895424899652 0.015360018102134063
2 0.07870991239580119 0.27712257730836237 0.0189470913572862 0.013994914729420695
2 0.08041942439796233 0.6697721581010453 0.021495530545693108 0.016787645293445053
3 0.18354430379746836 0.9933333333333333 0.017721518987341773 0.013333333333333334
1 0.7051510882988578 0.2704533699912892 0.016303679279870358 0.010837461890243863
3 0.30759493670886073 0.9933333333333333 0.017721518987341773 0.013333333333333334
1 0.30778452068539675 0.6010793227351917 0.017285065799629504 0.010634259479801737
3 0.8125337681383143 0.9935621733449477 0.01707929120677674 0.010931247618140105
1 0.5597792528558198 0.5994120209059234 0.017744101429839478 0.010879144435975641
3 0.8110142019141711 0.5974112587108015 0.016952660688098208 0.010389374523628021
1 0.6859032494597098 0.5984116398083624 0.017617470911160945 0.010509211842606685
3 0.6848101265822785 0.9933333333333333 0.017721518987341773 0.013333333333333334
3 0.5582278481012658 0.9933333333333333 0.017721518987341773 0.013333333333333334
3 0.4341772151898734 0.9933333333333333 0.017721518987341773 0.013333333333333334
1 0.4334019952145724 0.6000789416376306 0.016699399650740993 0.010347691977896338
1 0.18330672082432853 0.6020797038327527 0.01768078617050014 0.010592576934070053
1 0.9346055881444891 0.9922283318815333 0.011262201754978296 0.010509211842606874
1 0.9310599336214881 0.20176053462543556 0.010146270309123103 0.009321259289253068
1 0.8312750849027478 0.2697864492595819 0.01425384775876047 0.010592576934070147
1 0.9335925439950602 0.5960774172473868 0.011618350088761999 0.010509211842606685
0 0.05895555148193887 0.9388746733449477 0.009805950790174434 0.01075409679878059