3 0.19885871983781644 0.19189114040798613 0.01796641933264106 0.010716756184895834
2 0.2203111608320148 0.2598470052083333 0.02126315475013188 0.015483220418294271
3 0.3234090684335444 0.19022962782118058 0.017887550064280063 0.010675218370225678
2 0.34460912776898733 0.25801934136284727 0.02205184743374209 0.016407436794704893
2 0.5959812598892406 0.2563578287760417 0.021468214847870565 0.01495361328125
2 0.7216673259493671 0.25502861870659727 0.021752144213970103 0.01524437798394094
2 0.4700428121703587 0.2566901312934028 0.022178038263119773 0.01609590318467885
3 0.6999625032964136 0.1867404513888889 0.01831344411342959 0.011235978868272553
3 0.44859037117616035 0.18890041775173613 0.01823457484506852 0.011235978868272553
3 0.8251438060390296 0.18574354383680558 0.01823457484506866 0.010716756184895834
3 0.574276437236287 0.1879035101996528 0.018171479430379747 0.011495590209960938
2 0.8463438653744726 0.254364013671875 0.022130716702103016 0.0157220628526476
3 0.20049920061972576 0.5831773546006945 0.018234574845068588 0.01089329189724386
2 0.2220778324433017 0.650634765625 0.021594405677248178 0.014777077568901974
3 0.9508298720991561 0.1852450900607639 0.01831344411342959 0.011235978868272553
3 0.32542812170358654 0.5821804470486112 0.018171479430379747 0.010758293999566036
2 0.7226768525843883 0.6479763454861112 0.020900356115671054 0.014673233032226562
2 0.3463757993802743 0.6499701605902778 0.021058094652393198 0.015545527140299479
2 0.5969907865242616 0.6479763454861112 0.021294702457476267 0.015067842271592819
3 0.8266580959915613 0.578857421875 0.018029514747329906 0.01059733496771912
3 0.7014767932489453 0.5798543294270834 0.01916523221172864 0.01084136962890625
2 0.47206186544040085 0.6499701605902778 0.022477741482891615 0.016095903184678757
3 0.5762954905063292 0.5808512369791666 0.018108384015690978 0.011277516682942709
2 0.8483629186445149 0.6466471354166666 0.02205184743374209 0.015015920003255209
3 0.45060942444620256 0.58184814453125 0.018518504211168203 0.010311762491861979
3 0.9528489253691984 0.5781928168402778 0.017966419332640992 0.01059733496771912
3 0.45161895108122363 0.9756266276041666 0.018171479430379747 0.01067521837022582
3 0.3269424116561182 0.9756266276041666 0.018802433577267883 0.010758293999565845
3 0.5778097804588608 0.9756266276041666 0.01831344411342959 0.01067521837022582
3 0.8276676226265823 0.9742974175347223 0.018376539528118505 0.010192341274685456
3 0.7029910832014769 0.9749620225694445 0.018518504211168345 0.010514259338378906
3 0.20302301720727847 0.9756266276041666 0.01845540879647943 0.010311762491861979
3 0.9528489253691984 0.9729682074652779 0.018029514747329906 0.010036574469672436