0 0.08375634517766499 0.9062919463087248 0.009390011242462441 0.011157718120805384
3 0.6828518379722687 0.20585570469798659 0.015841651619936743 0.009077181208053701
3 0.8043981875787825 0.20489932885906043 0.016020508976935865 0.008825503355704664
3 0.19818672708070728 0.21098993288590606 0.015151773242939379 0.011375838926174496
3 0.9257912308792968 0.20392617449664432 0.01642932579293411 0.010654362416107356
3 0.6851769836132595 0.5886744966442954 0.01642932579293411 0.010771812080536923
3 0.44015518004973936 0.2079530201342282 0.016493203420433963 0.011543624161073799
3 0.44186710046673255 0.5899496644295303 0.016608183149933523 0.011375838926174425
3 0.5614460191462544 0.2068288590604027 0.016122713180935572 0.011157718120805384
3 0.1996559125132014 0.5915604026845639 0.015701120839437255 0.011073825503355767
2 0.0990997513031036 0.2776342281879195 0.019865942152420563 0.014899328859060385
3 0.32180271181821274 0.9698825503355706 0.01655708104793378 0.00996644295302038
3 0.31984805641672065 0.5909228187919463 0.01539450822743839 0.010855704697986539
3 0.9282441317752872 0.9666610738255035 0.016365448165434403 0.010050335570469996
3 0.6861606990767555 0.9692281879194631 0.017668551766429133 0.010352348993288843
3 0.4438217558682247 0.9698825503355706 0.017464143358430155 0.010721476510067305
3 0.5653553299492385 0.9692281879194631 0.017464143358430155 0.010117449664429614
3 0.5629152045787484 0.5893120805369129 0.017068102067931766 0.011157718120805384
3 0.8064678227097742 0.9679530201342282 0.01687646918543264 0.00978187919463077
3 0.8054841072462782 0.588020134228188 0.016365448165434403 0.009664429530201347
3 0.2016105679146936 0.9698825503355706 0.017004224440431984 0.010083892617449616
3 0.9277586618062891 0.586744966442953 0.016186590808435278 0.010771812080536923
2 0.3391646509726434 0.2750671140939598 0.02017255476441932 0.014513422818791923
2 0.09872926106360509 0.6573993288590605 0.01900998194392397 0.013271812080536924
2 0.8245579668177018 0.27040268456375843 0.019942595305420054 0.01479865771812077
2 0.21837205737062654 0.2763590604026846 0.02037696317241851 0.014513422818791923
2 0.4599700201001602 0.27281879194630876 0.019789288999420784 0.013892617449664423
2 0.7032671277211869 0.2710570469798658 0.021565087043913897 0.014614093959731539
2 0.3406338364051375 0.6561073825503356 0.020926310768916243 0.014563758389261732
2 0.5824745341191702 0.272013422818792 0.021194596804415218 0.01468120805369125
2 0.8265126222191941 0.6532214765100672 0.02079855551391683 0.01479865771812096
2 0.22032671277211874 0.6564261744966444 0.02037696317241851 0.014563758389261732
2 0.4619246755016523 0.6554697986577183 0.020760228937416976 0.014513422818791923
2 0.5844291895206623 0.6548322147651007 0.021041290498415806 0.014513422818791923
2 0.7057200286171772 0.6538590604026846 0.021194596804415076 0.014513422818791923
3 0.31867270807072534 0.21016778523489937 0.015560590058937769 0.008624161073825505