3 0.19600791534027356 0.2084237288135593 0.015641400671083217 0.009033898305084734
3 0.5632840058504689 0.204 0.016467349221371337 0.01118644067796609
3 0.4405144971177837 0.20513559322033897 0.01609309128452203 0.011762711864406772
3 0.6882732513120537 0.5895762711864407 0.01646734922137148 0.01062711864406784
3 0.31922911468639764 0.5918474576271187 0.015602684332788537 0.011016949152542376
2 0.4607760474920416 0.27083050847457624 0.020222834035963054 0.014101694915254181
2 0.3384969457110901 0.2718135593220339 0.020377699389142214 0.014542372881355922
2 0.8290716682439989 0.26806779661016944 0.020338983050847387 0.014661016949152478
2 0.5840359631764604 0.269864406779661 0.021048782586251317 0.014491525423728812
2 0.7065473629871807 0.26905084745762714 0.02187473113653958 0.014881355932203348
2 0.21856663512002067 0.6576949152542373 0.020480942957928246 0.014711864406779492
2 0.5860104964294932 0.6560847457627118 0.02125526972382353 0.014542372881355922
2 0.340226275488256 0.6573728813559322 0.021293986062118207 0.014949152542372985
2 0.4627505807450744 0.6567288135593221 0.020609997418910876 0.014322033898305145
3 0.20016346898391119 0.974 0.016854512604319014 0.010220338983050775
2 0.7090252086380452 0.6551016949152543 0.02148756775359219 0.014593220338983125
2 0.8310462014970318 0.6544576271186441 0.02116493160113565 0.015050847457627015
3 0.5672330723565344 0.974 0.017990191860965447 0.01062711864406765
3 0.444708767099716 0.9746610169491525 0.017512690355330037 0.010830508474576466
3 0.6887636582637874 0.9733559322033898 0.017383635894347334 0.010423728813559591
3 0.3214488514152972 0.974 0.016596403682353968 0.01027118644067779
3 0.810797556568872 0.9720677966101694 0.016854512604318868 0.009694915254237154
3 0.9338122687774241 0.9707627118644068 0.016596403682353753 0.010220338983050775
2 0.09586165361782671 0.6586779661016948 0.02006796868278415 0.012949152542372909
3 0.31805471909145655 0.20683050847457626 0.016415727436978427 0.009474576271186426
3 0.6860147982448594 0.2030677966101695 0.016854512604318868 0.008932203389830515
3 0.8083068054719091 0.20238983050847456 0.01700937795749817 0.00900000000000001
3 0.9309343542975135 0.20181355932203388 0.01675126903553305 0.009644067796610187
3 0.4421147724339671 0.5916610169491524 0.01620924029940622 0.01125423728813549
3 0.5645616450141959 0.5911525423728813 0.016660930912845175 0.009779661016949034
3 0.8101651897100576 0.5891016949152542 0.015938225931343017 0.00972881355932202
3 0.9329476038888409 0.5881525423728814 0.015512346210100659 0.00849152542372887
3 0.19798244859330635 0.5925593220338983 0.016028564054030824 0.010203389830508437
0 0.07947173707304482 0.9122881355932202 0.01397659812440852 0.01554237288135596
2 0.21659210186698788 0.2754237288135593 0.02033898305084746 0.015169491525423667
2 0.09604232986320227 0.27699999999999997 0.019951819667899853 0.01494915254237289