3 0.18950512876473155 0.2118265086206897 0.017842512992415956 0.010818165746228488
2 0.7083321966390224 0.2740335398706897 0.021241832851375035 0.01508768015894399
2 0.5835129310344828 0.2753535829741379 0.021320158193747277 0.014912361934267248
3 0.31332182998690533 0.21034146012931038 0.01763886710224794 0.0107666015625
2 0.8331514622435618 0.27337351831896556 0.022620358877127763 0.015613634832974128
2 0.4586936654299433 0.27601360452586204 0.021931095864251397 0.01579926589439651
2 0.3343756820165867 0.2770036368534483 0.021680454768659995 0.016232405037715503
2 0.21093494243780012 0.2789837015086207 0.0213514883306962 0.0155517578125
3 0.4378904544958534 0.20885641163793106 0.018249804772752135 0.010941919787176744
3 0.19125961643387168 0.6015692349137931 0.017983498608686192 0.010983171134159496
3 0.6867770624181581 0.2067113415948276 0.017983498608686192 0.010859417093211192
3 0.5624590790048014 0.20803138469827587 0.017905173266313808 0.01145756162446124
3 0.8115963280226975 0.2057213092672414 0.017638867102247865 0.010482998551993555
2 0.7103373254037539 0.6662513469827587 0.021116512303579332 0.014798920730064728
2 0.8346553088171106 0.6649313038793103 0.021899765727302616 0.01508768015894399
3 0.31507631765604543 0.600909213362069 0.018046158882584044 0.010818165746228488
2 0.33613016968572673 0.6685614224137931 0.0213514883306962 0.015613634832974222
2 0.5855180597992143 0.6669113685344829 0.02111651230357919 0.015201121363146513
3 0.9364155936272371 0.20506128771551724 0.018187144498854283 0.010941919787176744
3 0.43964494216499345 0.6002491918103449 0.018751086963934942 0.010642847521551743
2 0.2126894301069402 0.6692214439655172 0.021523804083915292 0.015139244342672479
3 0.6887821911828896 0.5985991379310345 0.018610101347664706 0.011065673828125
3 0.564464207769533 0.5995891702586207 0.017983498608686192 0.010941919787176744
2 0.46069879419467485 0.6685614224137931 0.02172744997408331 0.015675511853448256
3 0.8131001745962463 0.5976091056034484 0.017983498608686192 0.010684098868534496
3 0.9384207223919686 0.5969490840517242 0.01839079038902237 0.01056034482758624
0 0.06832015904626801 0.9226697198275863 0.009406873618916416 0.01060159617456899
3 0.31658016422959406 0.9906519396551725 0.01818714449885421 0.010725350215517059
3 0.19351538629419468 0.9906519396551725 0.018108819156481895 0.010642847521551554
3 0.4406475065473593 0.9906519396551725 0.017905173266313808 0.010684098868534496
3 0.5659680543430817 0.9906519396551725 0.018531776005292464 0.010725350215517059
3 0.6902860377564384 0.9899919181034482 0.018641431484613776 0.01056034482758605
3 0.814102738978612 0.988671875 0.017983498608686192 0.010441747205010945
3 0.9384207223919686 0.9880118534482759 0.018046158882584044 0.009967356714709013