2 0.10177901698924265 0.3055574072098976 0.019923507737233753 0.015392524797354952
3 0.20249738762042596 0.2382712510665529 0.016419451123525705 0.010334835117587413
3 0.3241780792327299 0.23663809193686006 0.01699312410895587 0.010176622826898457
3 0.6938095379530824 0.2333717736774744 0.016931105407828207 0.010574705364761124
3 0.5712605845249924 0.23418835324232082 0.016543488525780813 0.010334835117587413
3 0.4479674066833715 0.23565819645904434 0.01699312410895587 0.010493047408276463
3 0.8173507905992137 0.2322285622866894 0.015434904243125522 0.0100184105362095
0 0.08391763106450079 0.9096629692832765 0.008922940624729973 0.010334835117587317
3 0.9403958936363244 0.23190193046075086 0.016093852942606048 0.009906130846043103
3 0.3264107524733227 0.6232068579351536 0.01679156333029118 0.010294006139345129
2 0.10357755932194235 0.6901663822525597 0.020621218124918995 0.01481071185740196
3 0.20460602345876355 0.6238601215870306 0.016093852942605975 0.010217451805140741
3 0.6962902859981854 0.6209204351535836 0.017055142810083246 0.010493047408276463
3 0.819335389035296 0.6199405396757679 0.01672954462916366 0.010018410536209407
2 0.22345970860154662 0.3045775117320819 0.020621218124918995 0.014249313406569968
3 0.4494558555104333 0.6228802261092149 0.01672954462916366 0.009906130846043007
3 0.5732451829610747 0.6219003306313993 0.01699312410895587 0.010493047408276463
2 0.8386852237870998 0.29820819112627983 0.021256909811476755 0.014085997493600644
2 0.3457605872251263 0.3032709844283276 0.02074525552717418 0.01442283656409984
3 0.9423804920724067 0.6189606441979522 0.016217890344861086 0.009982685180247397
2 0.7156401207499891 0.2991880866040955 0.020466171372100123 0.013657293222056334
2 0.4690537650667473 0.30196445712457337 0.020776264877737868 0.014249313406569968
2 0.5920988681038579 0.30131119347269625 0.020667732150764673 0.013657293222056334
2 0.22519623223311874 0.6908196459044368 0.020419657346254377 0.013708329444859259
2 0.8401736726141615 0.6855935366894197 0.02122590046091278 0.013820609135025658
2 0.717128569577051 0.686900063993174 0.02031112461928111 0.013504184553647557
2 0.34749711085669843 0.6888598549488054 0.02046617137209998 0.01442283656409984
2 0.5940834665399403 0.6875533276450512 0.020574704099073318 0.013657293222056334
2 0.4707902886983194 0.6882065912969282 0.021380947213731794 0.014698432167235561