1 0.19954867552378874 0.20077114762931036 0.01770152737614579 0.010482998551993555
1 0.5721266641204714 0.19681101831896552 0.017294235595809684 0.0107666015625
1 0.46811060945002186 0.2646282327586207 0.018328130115124373 0.012870420258620735
2 0.22235701522261025 0.6573410560344829 0.020709220523243154 0.015438316608297479
1 0.3442939082278481 0.265948275862069 0.019001728059526348 0.013272620891702615
1 0.592177951767787 0.2634731950431035 0.017560541759875627 0.01145756162446124
1 0.6964446475338281 0.19549097521551725 0.01723157532191169 0.010044702990301744
2 0.3460483958969882 0.6566810344827586 0.02124183285137489 0.015500193628771513
1 0.32298941510257534 0.19928609913793105 0.016902608883948043 0.010163300612877133
1 0.4475580396115234 0.1981310614224138 0.01683994861005019 0.010725350215517248
2 0.5951856449148843 0.6550309806034483 0.021476808878491904 0.015984896955818992
2 0.47036637931034486 0.6560210129310345 0.021978091069674858 0.01579926589439651
1 0.22060252755347012 0.2674333243534483 0.018578771210715852 0.013076676993534497
2 0.719503628328241 0.6543709590517243 0.0213514883306962 0.015139244342672479
1 0.8202613487560018 0.19450094288793104 0.017027929431743888 0.009740474306303875
2 0.8443228939327806 0.6530509159482759 0.02095986161883456 0.015201121363146513
2 0.09753774961807073 0.26908337823275863 0.01875108696393498 0.013850139749461239
2 0.09922957701331298 0.6576710668103448 0.02127316298832389 0.01661397999730601
3 0.2031829714098647 0.9800915948275862 0.017372560938182 0.010281898235452521
1 0.7174984995635094 0.26248316271551725 0.01613502052869915 0.010725350215517248
3 0.32649839044085555 0.9800915948275862 0.017027929431743746 0.01052424989897645
1 0.32424262058053255 0.5896888469827586 0.01710625477411613 0.010524249898976261
3 0.823770324094282 0.9781115301724139 0.016902608883948185 0.010818165746228488
1 0.57363051069402 0.5880387931034483 0.017560541759875627 0.0107666015625
3 0.8222664775207333 0.5860587284482759 0.016777288336152198 0.010281898235452521
1 0.6984497762985596 0.5870487607758621 0.017435221212079778 0.010400495858028004
3 0.6994523406809253 0.9794315732758622 0.017106254774115988 0.01056034482758605
3 0.5751343572675688 0.9794315732758622 0.017638867102247865 0.01056034482758605
3 0.4505657327586207 0.9800915948275862 0.01683994861005019 0.010941919787176554
1 0.44856060399388914 0.5886988146551725 0.016526647240560934 0.010240646888469769
1 0.20105252209733743 0.5906788793103449 0.017497881485977775 0.010482998551993509
1 0.9445793321693584 0.9767914870689655 0.01114569621958213 0.010400495858028004
1 0.9410703568310782 0.19450094288793104 0.010041308892132178 0.00922483246901938
1 0.842317765168049 0.2618231411637931 0.014106394161255961 0.010482998551993509
1 0.9435767677869926 0.5847386853448276 0.01149816026025758 0.010400495858028004
0 0.07798774416193803 0.9239897629310345 0.009704509919931244 0.010642847521551554