3 0.32620507805846083 0.9743734270134229 0.018156467050855087 0.010276845637583847
3 0.6905570767894254 0.9737311241610739 0.017804952958119583 0.010121287915530578
3 0.2061400905571833 0.9743734270134229 0.017881369065236113 0.010086161978292693
3 0.5687803684887406 0.9743734270134229 0.01826344960081804 0.010276845637583847
2 0.2224014381515518 0.2837372850251678 0.0204795167071935 0.014231022572357404
3 0.44700366018805576 0.9743734270134229 0.01788136906523604 0.010276845637583847
2 0.22460222203650396 0.6609296350671141 0.02087688046419875 0.014793037568162692
2 0.5878538288249924 0.6596450293624162 0.02055593281430989 0.014903433370910192
3 0.8113556589190203 0.973088821308725 0.017468722086807692 0.01004601805002115
3 0.2021053201014377 0.21838296979865773 0.017667403965310205 0.010527745189282716
2 0.3430777545097605 0.28213152789429535 0.021121412006971155 0.015375124528104038
2 0.4663216520670801 0.6602873322147652 0.021610475092516106 0.015375124528104038
2 0.3450340068519402 0.6609296350671141 0.020922730128468566 0.015134260958473079
3 0.322537104916874 0.21661663695469802 0.01746872208680758 0.010241719700346057
2 0.710119600211222 0.6583604236577182 0.021197828114087467 0.014341418375104808
3 0.6871336351906109 0.21308397126677853 0.017606271079617142 0.010688320902369952
2 0.46460993126767286 0.2806863464765101 0.021855006635288513 0.015796635774958077
3 0.5658459899754711 0.21436857697147654 0.017545138193924004 0.011370767682990768
3 0.44406928167478626 0.21549260696308725 0.018018918058045636 0.010648176974098172
2 0.7081633478690423 0.2787594379194631 0.02115197844981765 0.014963649263317981
3 0.8084212804057508 0.2122810927013423 0.0168115435656065 0.01027684563758387
2 0.5863866395683577 0.2798834679110738 0.020922730128468566 0.015023865155725673
3 0.20369477512945866 0.5950935927013423 0.01754513819392393 0.011019508310612498
2 0.8294509930841822 0.27795655935402686 0.021442359656860015 0.015194476850880866
2 0.8314072454263619 0.6570758179530202 0.02107556234270148 0.014231022572357309
3 0.3244933572590536 0.5947724412751679 0.01740758920111448 0.01072846483064173
3 0.9301979887064356 0.21147821413590606 0.017071358329802225 0.010608033045826346
3 0.9326433041341602 0.971804215604027 0.017407589201114407 0.009739920596948271
3 0.5678022423176508 0.5931666841442954 0.017407589201114407 0.010527745189282693
3 0.44602553401696593 0.5941301384228188 0.01794250195092918 0.010316989565855769
3 0.6890898875327907 0.5925243812919464 0.01808005094373877 0.010608033045826346
3 0.8103775327479305 0.5912397755872484 0.01774382007242659 0.010477565278942886
3 0.9321542410486152 0.5909186241610739 0.017407589201114407 0.010276845637583847