0 0.07557429235137228 0.9167966101694914 0.008982190484384424 0.010389830508474916
2 0.09229975049470876 0.3103050847457627 0.020222834035963165 0.014593220338983031
3 0.19315581175255955 0.24315254237288134 0.016467349221371406 0.01027118644067798
3 0.3153058590725286 0.24201694915254238 0.015899509593048335 0.009830508474576333
3 0.43781725888324874 0.2408813559322034 0.01620924029940622 0.010305084745762656
3 0.19451088359287616 0.6261186440677966 0.016854512604319014 0.010576271186440635
2 0.21389486363245291 0.309 0.020480942957928246 0.014542372881355922
3 0.8076099113826034 0.6219152542372881 0.015783360578164003 0.008898305084745744
3 0.8056353781295706 0.23747457627118645 0.015860793254753366 0.009576271186440598
3 0.31677707992772947 0.6254745762711863 0.01620924029940636 0.009796610169491562
3 0.6831110728727523 0.23779661016949152 0.01635120020648715 0.009542372881355921
2 0.09446786543921534 0.6923050847457627 0.020764862772089818 0.015830508474576278
2 0.33604491095242184 0.30771186440677967 0.021655338552869288 0.015
2 0.45856921620924024 0.30657627118644065 0.02093263357136713 0.015406779661016874
3 0.5600963606642002 0.23925423728813555 0.017048094295792852 0.010796610169491506
3 0.9301342166394219 0.6209322033898305 0.016725458143336598 0.00991525423728812
3 0.4393013851845478 0.6248305084745762 0.016725458143336598 0.010338983050847522
3 0.562070893917233 0.6238474576271187 0.017125526972382357 0.01054237288135596
2 0.7043534371504774 0.3043050847457627 0.020971349909661957 0.014711864406779683
2 0.2157532478706014 0.6923050847457627 0.02068743009550024 0.014830508474576239
2 0.8268777424072958 0.30366101694915254 0.021087498924546 0.01511864406779665
3 0.6850856061257851 0.6228813559322034 0.016777079927729508 0.009762711864406698
2 0.5813387249419255 0.3054406779661017 0.02097134990966181 0.01442372881355927
2 0.3375290372537211 0.6916610169491525 0.0215391895379851 0.015406779661017065
2 0.7063279704035103 0.6897118644067797 0.020893917233072306 0.015050847457627015
3 0.9281596833863891 0.23650847457627117 0.01596403682353947 0.009983050847457568
2 0.828361868708595 0.688406779661017 0.02133270240041289 0.015050847457627015
2 0.4602985459864063 0.6910169491525423 0.021616622214574607 0.015779661016949074
2 0.5833132581949583 0.6903559322033898 0.021139120708939196 0.01535593220338967