3 0.1988749408500387 0.21106660487288134 0.01764637010802935 0.010107628773834752
2 0.21962447840488686 0.2765989141949152 0.02088848535097439 0.01517665022510594
3 0.3243602393960251 0.9775026483050847 0.017723563328099486 0.009838970636917186
3 0.4434230620321775 0.20830905720338985 0.01778531790415555 0.010381355932203367
3 0.32090198313688373 0.2097689353813559 0.017044262991482408 0.010188733117055098
3 0.2028272337176288 0.9775026483050847 0.01798602027633789 0.010031593452065788
3 0.44614026337864576 0.9775026483050847 0.01764637010802935 0.01006707660222446
2 0.4641725995870257 0.273679157838983 0.021706733483717596 0.015592309984110196
3 0.5664381775359201 0.20717359639830507 0.017584615531973213 0.011182261321504256
2 0.34140450238750747 0.27481461864406775 0.02108918772315666 0.015531481726694949
3 0.5694023971866128 0.976853813559322 0.018402863664716492 0.010305320610434213
3 0.6919234760819065 0.9762049788135592 0.017924265700281897 0.010381355932203557
3 0.6889592564312139 0.20603813559322032 0.017924265700281897 0.010756463519597475
3 0.8144445549772003 0.9755561440677967 0.017785317904155697 0.010305320610434213
2 0.7102028305945108 0.2717326536016949 0.0215369083995634 0.014831956766419505
2 0.5871877150907683 0.2733547404661017 0.020934801283016388 0.01442643505031782
3 0.8114803353265078 0.2049026747881356 0.017507422311903005 0.010305320610434307
3 0.20048055982749718 0.5946901483050847 0.01778531790415555 0.010715911347987231
3 0.3223840929622301 0.5937168961864407 0.017584615531973213 0.010305320610434402
3 0.5679202873612664 0.5924192266949152 0.01764637010802935 0.010797015691207624
2 0.8332179460982535 0.2709216101694915 0.021413399247451125 0.014943475238347426
3 0.44515219016174823 0.5930680614406779 0.01792426570028175 0.01006707660222465
3 0.6909354028650091 0.5914459745762712 0.01837198637668835 0.010675359176377129
2 0.5881757883076658 0.6576271186440678 0.020533396538651855 0.01500430349576277
2 0.3431336305170782 0.6595736228813559 0.02040988738653958 0.014710300251589009
2 0.2217241339907941 0.6602224576271186 0.02088848535097439 0.014771128509004257
2 0.4659017277165963 0.6589247881355932 0.021413399247451125 0.015176650225105845
3 0.9344954508302503 0.20457825741525423 0.017646370108029205 0.010584116790254257
3 0.9369656338724942 0.9742584745762711 0.018063213496408097 0.0102647684388243
3 0.8134564817603028 0.5904727224576272 0.01784707248021169 0.010381355932203367
2 0.712178977028306 0.6576271186440678 0.021259012807311 0.013777600304555146
2 0.8347000559235997 0.6563294491525423 0.021907435855899934 0.014771128509004257
3 0.9364715972640454 0.5901483050847457 0.017785317904155697 0.010305320610434402
0 0.07956509990966187 0.9100238347457625 0.009093361324260096 0.010715911347987231