2 0.46485027084114067 0.7026845637583893 0.021731168875413022 0.015318791946308655
2 0.34307396177562777 0.7026845637583893 0.02107961707491566 0.015083892617449616
2 0.7076746840186693 0.700755033557047 0.02083688209041654 0.014563758389261732
2 0.22252410315810994 0.7033221476510069 0.020721902360917123 0.014563758389261732
3 0.20210881340919157 0.6381208053691276 0.016608183149933595 0.010855704697986539
3 0.9297133172077814 0.6336241610738256 0.017208632848431177 0.01023489932885904
2 0.5863838449221546 0.702030201342282 0.0209518618199161 0.014731543624160964
3 0.4421098354512316 0.2569295302013423 0.016876469185432497 0.010771812080536923
3 0.8084224781112663 0.6345973154362418 0.016748713930432937 0.009781879194630961
2 0.34160477634313363 0.3238758389261745 0.02148843389091405 0.014899328859060385
2 0.10300906210608797 0.7039597315436242 0.02055582052941778 0.015436241610738269
3 0.44406449085272376 0.63748322147651 0.016953122338432203 0.010469798657718077
3 0.3225309167717099 0.6378020134228188 0.01649320342043407 0.010117449664429425
2 0.1008755493475965 0.3262919463087249 0.02005757503491976 0.015134228187919424
2 0.46313835042414747 0.32260067114093965 0.021245698906415072 0.015922818791946347
3 0.6851769836132595 0.25434563758389267 0.01713197969543147 0.010234899328859133
2 0.8289655231151841 0.7001174496644296 0.021692842298913315 0.01479865771812096
2 0.22118267298061528 0.325 0.02037696317241851 0.014345637583892597
2 0.7062054985861753 0.32018456375838933 0.021041290498415948 0.014731543624161058
2 0.5849146594896604 0.3216275167785235 0.020926310768916243 0.014731543624161058
3 0.9277586618062891 0.25307046979865777 0.01695312233843206 0.010687919463087212
3 0.20015415800769937 0.259496644295302 0.016608183149933595 0.010973154362416153
3 0.6871316390147516 0.6355536912751679 0.017208632848431177 0.01040268456375846
2 0.8279818076516883 0.31954697986577185 0.021194596804415076 0.014848993288590672
3 0.5658407999182368 0.636526845637584 0.016876469185432497 0.010939597315436155
3 0.8069532926787722 0.25402684563758393 0.017208632848431177 0.010285234899328847
3 0.5638861445167445 0.2556375838926175 0.016250468435934987 0.011073825503355767
3 0.3210745068647157 0.2580369127516779 0.01625046843593506 0.010201342281879135
0 0.08344973256566621 0.9062919463087248 0.009466664395462121 0.010604026845637311