3 0.19558919483231108 0.1982036341068165 0.015816259950411065 0.009188704616763733
3 0.5669711601200573 0.19370409957590592 0.01665144199399705 0.011378133296555511
3 0.4428291791726477 0.19485915250146535 0.016273000130497275 0.01196427955728717
3 0.6933576928096046 0.5858876667930903 0.01665144199399705 0.010809226631727637
3 0.32018791595980683 0.5881977726442091 0.015777110792118024 0.011205737337516829
2 0.21653399451911784 0.264817432679378 0.020709904737048167 0.014963969244560877
2 0.4633172386793684 0.26167982622487324 0.02044891034842743 0.014343343792021464
2 0.33967114707033796 0.26267972278729784 0.020605506981599873 0.014791573285522195
2 0.835730131802166 0.25886977209254214 0.020566357823306906 0.014912250456849244
2 0.5879551089651571 0.26069716925835257 0.021284092392013492 0.01473985449781056
2 0.7118360955239462 0.25986966865496675 0.02211927443559955 0.015136365203599561
2 0.21840010439775542 0.655173602730752 0.020709904737048167 0.014963969244560877
2 0.589951716038105 0.653535841119884 0.02149288790291008 0.014791573285522289
2 0.3414198094740963 0.6548460504085784 0.02153203706120319 0.015205323587215169
2 0.46531384575231627 0.6541909457642313 0.020840401931358533 0.014567458538771876
3 0.19979120448910345 0.9768989414888114 0.01704293357692808 0.010395476330034757
2 0.7143416416547043 0.6525359445574596 0.02172778285266874 0.014843292073233733
2 0.8377267388751141 0.6518808399131123 0.021401539866892964 0.015308761162638245
2 0.09432337204750096 0.26679998620832324 0.019822523815737958 0.015136365203599561
3 0.5709643742659531 0.9768989414888114 0.018191308886858947 0.010809226631727826
3 0.4470703379877332 0.9775712857290623 0.017708469267910736 0.011016101782574362
3 0.6938535821479838 0.9762438368444643 0.017577972073600512 0.010602351480881293
3 0.32243246770194434 0.9768989414888114 0.016781939188307417 0.010447195117746201
3 0.8172517290878244 0.97493362755577 0.01704293357692815 0.009861048857014732
3 0.9416416547044238 0.9736061786711718 0.016781939188307417 0.010395476330034757
2 0.09432337204750096 0.6561734992931765 0.020292313715255136 0.013171051270558148
3 0.3190003914915829 0.19658311209185256 0.01659924311627305 0.009636934110264462
3 0.691073991909174 0.19275592180119297 0.01704293357692815 0.00908526704134056
3 0.8147331332376354 0.19206633796503805 0.017199530210100594 0.009154225424956024
3 0.9387315672713037 0.19148019170430644 0.016938535821479857 0.009809330069303146
3 0.4444473443820957 0.5880081370892665 0.016390447605376463 0.011447091680170928
3 0.5682630823437295 0.5874909492121504 0.0168471877854626 0.009947246836534123
3 0.8166122928357039 0.5854049581077819 0.016116403497324693 0.009895528048822488
3 0.9407673235025446 0.584439540737165 0.015685762756100625 0.008637037547839782
3 0.197585801905259 0.5889218356721718 0.01620775153334202 0.01037823673413088