3 0.5663390454127347 0.31023489932885906 0.017208632848431177 0.01093959731543625
2 0.3438149422546248 0.3773489932885907 0.01998092188192005 0.013741610738255
3 0.6876171089837496 0.309261744966443 0.016748713930432937 0.010570469798657693
2 0.4653485163356386 0.3767114093959732 0.02079855551391683 0.014513422818791923
2 0.5868820904166525 0.3754194630872484 0.019750962422921074 0.013892617449664423
3 0.32302916226620787 0.3123154362416108 0.01674871393043301 0.01043624161073827
2 0.223252308111607 0.3789597315436242 0.019559329540421735 0.013271812080536924
3 0.4462746567642149 0.817013422818792 0.016557081047933814 0.010318791946308655
2 0.7086583994821655 0.3744630872483222 0.01975096242292093 0.01332214765100673
3 0.32522655265219913 0.8176510067114094 0.01695312233843217 0.010654362416107498
2 0.22557745375259772 0.8831711409395975 0.019712635846421148 0.01501677852349
3 0.5678082308452288 0.8163590604026847 0.017272510475930886 0.010318791946308655
3 0.44456273634722177 0.311510067114094 0.016812591557932646 0.010402684563758365
3 0.20272203863318916 0.31392617449664434 0.017068102067931766 0.010604026845637595
3 0.8084224781112663 0.30781879194630873 0.016365448165434403 0.010050335570469807
3 0.6895845399107418 0.8157214765100672 0.017068102067931475 0.010318791946308655
3 0.2051621640036794 0.8176510067114094 0.01695312233843213 0.010117449664429425
2 0.10337955234558649 0.38025167785234903 0.02060692263141756 0.013842281879194616
2 0.8299364630531804 0.37350671140939606 0.020095901611419754 0.014127516778523556
2 0.34649780260961405 0.88251677852349 0.02079855551391683 0.015083892617449616
3 0.8108626034817566 0.8150838926174498 0.016748713930432937 0.010318791946308655
2 0.5888367458181447 0.8818791946308727 0.020376963172418584 0.014899328859060763
2 0.4675459067216299 0.88251677852349 0.02148843389091405 0.015083892617449616
2 0.7106130548836577 0.8812416107382552 0.02045361632541829 0.014395973154362309
2 0.10557694273157771 0.88251677852349 0.021156270227915365 0.01578859060402692
2 0.8318911184546725 0.8799496644295304 0.019942595305420054 0.014228187919463077
3 0.9297133172077814 0.30750000000000005 0.015803325043436744 0.010285234899328847
0 0.08399908016216401 0.9075671140939598 0.009607195175961572 0.010570469798657693
3 0.9311825026402754 0.8131543624161074 0.014921813783940259 0.010469798657718077
1 0.10355840970258577 0.4990771812080537 0.021271249957414924 0.006946308724832117
1 0.223750553606105 0.49778523489932897 0.020721902360917123 0.006308724832214807