2 0.5863866395683577 0.7052485318791947 0.022114821399484237 0.014622425873007501
2 0.46460993126767286 0.7058908347315437 0.021442359656860015 0.015495556312919424
2 0.22276823546571053 0.7065331375838927 0.02037253415723055 0.014622425873007501
2 0.3430777545097605 0.7065331375838927 0.021442359656860015 0.014903433370910192
2 0.7081633478690423 0.7039639261744968 0.020724048249965835 0.014120626769609809
2 0.8289619299986373 0.7033216233221476 0.021855006635288655 0.014401634267512502
2 0.10282551373581916 0.7071754404362417 0.021151978449817723 0.015495556312919424
3 0.686644572105066 0.6394124895134229 0.017468722086807692 0.010397277422399421
2 0.10050246407948081 0.3291802118288591 0.019898754293108882 0.014853253460570481
2 0.3416105652531258 0.3259686975671141 0.02156462542824629 0.014963649263317981
2 0.4628982104682656 0.32484466757550334 0.02099914623558488 0.014793037568162788
3 0.4438247501320138 0.6406970952181209 0.017010225444109236 0.010567889117554614
2 0.5844303872261779 0.32404178901006714 0.02032668449296066 0.014732821675755
2 0.7062070955268627 0.3229177590184564 0.02087688046419875 0.014853253460570481
3 0.3222925733741015 0.6413393980704699 0.01675041067991351 0.010276845637583847
2 0.22117878043768954 0.32757445469798663 0.020280834828690843 0.014281202482697116
3 0.8079322173202059 0.6381278838087249 0.01733117309399795 0.009775046534186154
3 0.5653569268899261 0.6400547923657719 0.016689277794220372 0.010979364382340578
3 0.806465028063571 0.2559576866610738 0.01661286168710406 0.010161431843802405
3 0.20149399124450654 0.6416605494966443 0.017132491215495437 0.010939220454068845
3 0.200149067759258 0.26157783661912754 0.01675041067991344 0.011019508310612405
2 0.8279838038275475 0.3216331533137584 0.021274244221203924 0.014853253460570481
3 0.9282417363642559 0.2551548080956376 0.0168115435656065 0.010567889117554519
3 0.5634006745477464 0.2577240195050336 0.016949092558416097 0.011461091521602308
3 0.4423575608753791 0.2591692009228188 0.01707135832980237 0.010858932597525192
3 0.3210699156602392 0.2602932309144296 0.016949092558416097 0.010527745189282693
3 0.9301979887064356 0.6374855809563759 0.017071358329802225 0.010161431843802499
3 0.6851773828484312 0.2567605652265101 0.016872676451299785 0.010437421350671154
0 0.083568654742488 0.9069316275167787 0.008726719432692149 0.01035713349412769