2 0.4652820839035238 0.7102644636824325 0.02177814975651081 0.015721501530827783
2 0.2224227169218269 0.710911106418919 0.02045826189247989 0.014438319850612325
2 0.7098603746151214 0.708324535472973 0.021010773091376583 0.01449894260715799
2 0.34348405961341094 0.710911106418919 0.021455851557154397 0.01495361328125
2 0.5875712292593227 0.709617820945946 0.02121029102431144 0.01483236776815886
2 0.8311672778395486 0.7070312500000001 0.02203905782265666 0.014721226047825175
0 0.08294433426702019 0.9120169974662163 0.008901569315557654 0.01038669895481424
2 0.09982662089997435 0.32971521326013514 0.020135963693123517 0.015064755001583592
2 0.463808720706466 0.32535037478885137 0.021240986090916937 0.015186000514674825
3 0.5664530234348273 0.6433369404560811 0.0165599884335977 0.01080095445787587
3 0.4444094386118714 0.6439835831925677 0.017020414432678266 0.01063929377375416
2 0.3420106964163531 0.32680532094594594 0.021609326890181302 0.015004132245038023
3 0.3223658537889155 0.6443069045608109 0.016559988433597773 0.01080095445787587
2 0.5860978660622649 0.32438041068412166 0.021087510757890032 0.015004132245038023
3 0.6882510477249402 0.6423669763513514 0.016943676766164813 0.010679708944784542
2 0.10215944596198256 0.710911106418919 0.021010773091376583 0.015539633261190792
2 0.7078958903523778 0.32308712521114863 0.020918687891560383 0.015064755001583592
3 0.9303737331081081 0.2559979413006757 0.016820896499743408 0.010598878602723781
2 0.2208265734583476 0.3279369457347973 0.020335481626058412 0.014660603291279604
3 0.5644885391720835 0.2584228515625 0.017204584832310518 0.011184898582664667
3 0.8085757088179952 0.2568062447212838 0.016559988433597846 0.009957287762616148
3 0.1998311479002737 0.26246436866554057 0.01720458483231059 0.011184898582664667
3 0.8100490720150532 0.6410736908783784 0.017204584832310663 0.00984109414590364
2 0.8301850357081766 0.3224404824746622 0.021578631823575948 0.015186000514674825
3 0.20118173083091004 0.6452768686655407 0.01720458483231059 0.01076053928684549
3 0.931847096305166 0.6404270481418919 0.01740410276524552 0.010154311721389414
3 0.3208924905918577 0.26149440456081086 0.016621378566808478 0.01042711412584462
3 0.6867776845278823 0.25729122677364863 0.01714319469909967 0.010189674996040973
3 0.44293607541481356 0.259716137035473 0.017204584832310518 0.011013134105785506