2 0.45717347155161164 0.30758873543254145 0.02104394696920269 0.014673648725455093
3 0.4361919695289051 0.24142841904285764 0.017312861416057698 0.010724240811295341
3 0.1889099814041498 0.24373825552529046 0.01671963442434424 0.010724240811295341
3 0.9325044042803079 0.23713872271833944 0.016204463615751098 0.010121002265659996
3 0.31379987439645046 0.6327807144950521 0.016906969263832727 0.01044066713599672
3 0.560332523163252 0.23977853584111986 0.01710991533994525 0.010765487891338871
2 0.5813140251859584 0.306433817191325 0.020247773901376782 0.014013695444760024
2 0.7057043586062899 0.30527889895010857 0.02052877616060955 0.014065254294814318
3 0.686221535299491 0.6298109247319241 0.017312861416057555 0.010858293821436603
3 0.8091131900039149 0.23796366431920835 0.015782960226901874 0.009852896245377663
3 0.5623307614511287 0.6311308312933144 0.016594744531351964 0.011105776301697219
3 0.4379404280307973 0.6321207612143571 0.016782079370840378 0.010682993731252
3 0.1907833297990343 0.6331106911353998 0.016844524317336518 0.010363328860915181
3 0.6842232970116142 0.23862361759990341 0.017047470393448966 0.01044066713599672
2 0.08956007152877463 0.7004259257663 0.02037266379436906 0.015024248905824393
3 0.8101123091478533 0.6288209948108815 0.017172360286441243 0.009930234520459104
2 0.2118897217147331 0.7004259257663 0.019716991856159462 0.01445710155522696
3 0.3123011956805428 0.24241834896390024 0.01614201866925489 0.009852896245377663
3 0.9345026425681846 0.6278310648898389 0.0166571894778481 0.009404334249905106
2 0.3332826977032493 0.30940360695445296 0.021246893045315143 0.01496237828575924
2 0.8300946920266215 0.3046189456694135 0.02096589078608252 0.014230242614988061
2 0.3352809359911262 0.6997659724856048 0.020887834602962344 0.014570531025346597
2 0.2101412632128409 0.3110534901561907 0.0204819424507373 0.014395230935161901
2 0.582812703901866 0.6984460659242147 0.020216551428128712 0.013590912874314805
2 0.7077025968941667 0.6971261593628245 0.020481942450737447 0.014013695444760024
2 0.4591717098394884 0.6991060192049098 0.021122003152322866 0.014570531025346597
2 0.831593370742529 0.6958062528014343 0.02165278519754004 0.014508660405281443
2 0.08737449840140936 0.3118784317570596 0.02037266379436906 0.015024248905824393
0 0.07013969316847186 0.9221702280798536 0.008711070036212971 0.010559252491121503