3 0.31311292688554854 0.6219482421875 0.01776135923490245 0.010633680555555618
3 0.938262295622363 0.22351752387152782 0.01619974772135426 0.010353300306532087
3 0.5622136240770043 0.22600979275173613 0.01722504821004747 0.011017905341254372
3 0.4370323213343882 0.22700670030381948 0.017493203722474995 0.011142518785264788
3 0.1869220975079114 0.2298312717013889 0.017351239039425082 0.01145405239529083
3 0.31134625527426163 0.22800360785590282 0.017019988112308784 0.010716756184895834
2 0.5834136834124473 0.2937995062934028 0.020222080407766303 0.0142267015245226
3 0.43854661128691985 0.621615939670139 0.016704511038864715 0.010633680555555618
3 0.6873949268196202 0.22484673394097224 0.017083083526997625 0.010934829711914062
3 0.18919353243670886 0.6222805447048612 0.016956892697620015 0.010675218370225632
3 0.8130809928797469 0.22418212890625 0.015821175233221352 0.010192341274685362
3 0.5642326773470464 0.6202867296006945 0.01689379728293117 0.011142518785264694
2 0.45823238066983124 0.2946302625868056 0.021389345579509493 0.01524437798394094
3 0.6894139800896625 0.6192898220486112 0.017761359234902522 0.011184056599934896
3 0.815100046149789 0.6182929144965278 0.017083083526997625 0.010555797153049109
2 0.7090997494725739 0.2924702962239583 0.020821486847310125 0.014382468329535622
3 0.9402813488924051 0.6172960069444445 0.01689379728293117 0.010000228881835938
2 0.21014121011339665 0.6897379557291667 0.020427140505504985 0.014278623792860306
2 0.0863480064939346 0.6897379557291667 0.021294702457476267 0.015368991427951452
2 0.33481774953850213 0.6884087456597223 0.021215833189115196 0.014610926310221354
2 0.33305107792721517 0.29662407769097227 0.02134202401849288 0.015420913696289062
2 0.8347858155327005 0.2916395399305556 0.021468214847870423 0.014610926310221354
2 0.7111188027426162 0.6864149305555556 0.02097922538403227 0.014226701524522507
2 0.46025143393987344 0.6877441406250001 0.02149976255521488 0.014673233032226562
2 0.20850072933148733 0.29811943901909727 0.020821486847310125 0.014777077568901878
2 0.8363001054852321 0.6850857204861112 0.02205184743374209 0.014725155300564173
2 0.5854327366824895 0.6870795355902778 0.02134202401849288 0.014382468329535526
2 0.0843289532238924 0.2989501953125 0.020506009773866022 0.015483220418294271