3 0.19877737935801615 0.21058020477815698 0.016006393917138345 0.010017064846416398
2 0.21926775068043378 0.27744690600362637 0.02074525552717418 0.014524909009705595
3 0.32097842052965825 0.2097476269197952 0.017256703588748007 0.010135793848656174
2 0.3418167041085237 0.2757272557593856 0.02125690981147661 0.015515011732081897
2 0.7119443124378969 0.2724609375 0.021303423837322286 0.014871955324765339
3 0.4440235235667689 0.20827778370307165 0.01792340462586938 0.010452218430034133
2 0.4651098819501447 0.27442072845563137 0.021582507992396482 0.015453768264718424
3 0.6906098792500107 0.2059913609215017 0.017721843847204835 0.010656363321245739
3 0.8141511318961421 0.205011465443686 0.01738074099100312 0.010135793848656125
2 0.5884030597917657 0.2734408329778157 0.02049718072266381 0.014810711857401865
3 0.5675647762129 0.20713457231228666 0.017458264367412626 0.011125896571032428
2 0.8349894154750074 0.2714810420221843 0.021970124874443876 0.015280245107188553
3 0.20016599073314034 0.5969696565699658 0.017256703588748007 0.01057470536476103
3 0.3227149441612304 0.5959897610921502 0.01738074099100312 0.010493047408276463
2 0.34355322774009583 0.6626226535836177 0.02122590046091292 0.015576255199445464
2 0.22100427431200587 0.663929180887372 0.02074525552717418 0.015219001639825175
3 0.9371962349332525 0.20435820179180886 0.01792340462586938 0.010533876386518794
3 0.5690532250399619 0.5943566019624573 0.01792340462586938 0.011044238614547718
3 0.4460081220028513 0.595336497440273 0.01738074099100312 0.010294006139345129
3 0.6930906272951138 0.5937033383105802 0.017721843847204835 0.01078905750053328
2 0.7139289108739792 0.6606628626279862 0.021303423837322286 0.01431055687393344
3 0.8156395807232037 0.5923968110068258 0.017799367223614342 0.01053387638651884
2 0.5898915086188274 0.6619693899317406 0.020776264877737868 0.01481071185740196
2 0.4665983307772065 0.6619693899317406 0.021753059420497198 0.01545376826471852
2 0.8369740139110899 0.6600095989761091 0.02122590046091278 0.014647395944432635
3 0.9391808333693351 0.5920701791808873 0.01765982514607717 0.010258280783383119
3 0.5710378234760444 0.9807620520477814 0.018419554234890112 0.010135793848656174
3 0.32445146779280254 0.9814153156996586 0.01806294670340655 0.010059239514451973
3 0.44700042122089256 0.9814153156996586 0.018000928002278888 0.010018410536209407
3 0.20264673877824338 0.9814153156996586 0.017923404625869454 0.010018410536209407
3 0.6940829265131551 0.9807620520477814 0.01806294670340655 0.010135793848656174
3 0.816631879941245 0.9794555247440273 0.017582301769667665 0.009982685180247397
3 0.9396769829783557 0.9788022610921502 0.017799367223614342 0.009753022177634421