3 0.18950257120253164 0.20387776692708337 0.01796641933264106 0.010597334967719169
2 0.21082882136735234 0.2713351779513889 0.021215833189115265 0.01524437798394094
2 0.3351267883043249 0.2698398166232639 0.022083395141086547 0.01609590318467885
3 0.31417911062763715 0.20238240559895837 0.01776135923490245 0.01047272152370875
2 0.4608128543644515 0.2686767578125 0.022004525872725476 0.015846676296658018
2 0.7124373681434599 0.2666829427083333 0.021799465774986718 0.015130148993598122
2 0.5867513020833334 0.2680121527777778 0.021389345579509493 0.014777077568901878
3 0.6907325454905063 0.19889322916666669 0.018376539528118505 0.01084136962890625
3 0.43961279502900846 0.20121934678819445 0.01837653952811836 0.011059443155924479
3 0.8159138482331224 0.19789632161458337 0.017824454649591148 0.01047272152370875
2 0.837618670886076 0.2655198838975695 0.022004525872725476 0.015368991427951357
3 0.19152162447257384 0.5949978298611112 0.018108384015690905 0.010934829711914062
3 0.5650464794303798 0.19989013671875003 0.018171479430379747 0.01136059231228297
2 0.21297406546677214 0.6634521484375 0.021389345579509493 0.01495361328125
3 0.9415999142932491 0.19723171657986113 0.018171479430379747 0.011017905341254325
3 0.3159457822389241 0.594333224826389 0.017887550064280063 0.010675218370225632
2 0.3371458415743671 0.6627875434027778 0.02126315475013181 0.015784369574652714
2 0.8391329608386076 0.6591322157118056 0.0220833951410864 0.015067842271592819
2 0.5877608287183546 0.6607937282986112 0.02118428548177088 0.015067842271592819
2 0.7139516580959916 0.66046142578125 0.021215833189115338 0.014777077568901974
3 0.8174281381856541 0.5910101996527778 0.018029514747329906 0.010716756184895834
3 0.4413794666402954 0.5936686197916666 0.01831344411342959 0.01059733496771912
3 0.692246835443038 0.5916748046875 0.018849755138284643 0.01089329189724386
2 0.4625795259757384 0.6621229383680556 0.022178038263119773 0.016095903184678757
3 0.567065532700422 0.5926717122395834 0.018029514747329906 0.011495590209960938
3 0.9436189675632911 0.5900132921006945 0.01823457484506866 0.010394838121202194
3 0.19379305940137131 0.9871148003472223 0.018234574845068588 0.010394838121202383
3 0.44238899327531644 0.9871148003472223 0.018108384015690978 0.010353300306531992
3 0.317712453850211 0.9871148003472223 0.018108384015690978 0.010394838121202383
3 0.5680750593354431 0.9871148003472223 0.01837653952811836 0.010514259338378906
3 0.6932563620780592 0.9857855902777779 0.01823457484506866 0.010514259338378906
3 0.8184376648206751 0.9851209852430556 0.017824454649591148 0.010311762491861979
3 0.9436189675632911 0.9837917751736113 0.017556299137163767 0.00980811648898642