0 0.08325809968316697 0.9062919463087248 0.009096174155963612 0.010469798657718077
2 0.22239634790311044 0.705251677852349 0.020249207917419024 0.014177852348993459
2 0.34307396177562777 0.7046140939597316 0.0209518618199161 0.014563758389261732
2 0.7076746840186693 0.7026845637583893 0.020530269478417712 0.013842281879194616
3 0.9277586618062891 0.2546812080536913 0.016186590808435278 0.010285234899328847
2 0.8284672776206862 0.7013926174496644 0.021041290498415948 0.014010067114094037
2 0.4646075358566416 0.7039597315436242 0.021437331788914195 0.014899328859060385
2 0.10318791946308725 0.705251677852349 0.02017255476441932 0.015671140939597306
2 0.34136204135863457 0.3245302013422819 0.02136067863591463 0.014446308724832211
2 0.5839437195516642 0.32260067114093965 0.020134228187919465 0.014731543624161058
2 0.5858983749531566 0.7033221476510069 0.02079855551391683 0.014446308724832307
2 0.4628956154396484 0.3235570469798658 0.02040251422341844 0.014848993288590672
2 0.22081218274111677 0.32597315436241614 0.02005757503491976 0.014345637583892597
2 0.7057200286171772 0.32147651006711414 0.020606922631417706 0.014446308724832211
2 0.1008755493475965 0.32709731543624165 0.02019810581541921 0.014731543624161058
2 0.827010867713692 0.32067114093959737 0.020926310768916535 0.014614093959731539
3 0.8064678227097742 0.25531879194630874 0.01687646918543264 0.010469798657718172
3 0.5653553299492385 0.63748322147651 0.016429325792934255 0.010906040268456346
3 0.9287296017442853 0.6345973154362418 0.01668483630293323 0.009697986577181154
3 0.6866461690457535 0.636526845637584 0.016493203420434106 0.010771812080536923
3 0.4438217558682247 0.6387751677852349 0.01630157053793484 0.01020134228187923
3 0.32204544680271185 0.6384563758389262 0.01668483630293323 0.01043624161073827
3 0.19989864749770042 0.2609395973154363 0.01713197969543147 0.010973154362416153
3 0.8074387626477703 0.6358724832214766 0.016812591557932934 0.010050335570469807
3 0.3208317718802167 0.2591610738255034 0.01625046843593502 0.010654362416107404
3 0.6846915136442614 0.25644295302013426 0.01642932579293411 0.010654362416107404
3 0.2019810581541921 0.6390939597315437 0.016186590808435278 0.010939597315436155
3 0.5629152045787484 0.2569295302013423 0.017272510475930886 0.011208053691275192
3 0.4421098354512316 0.2580369127516779 0.016812591557932646 0.011325503355704711
0 0.09738783088611047 0.6044127516778524 0.008725683916465114 0.009261744966442886