3 0.4438217558682247 0.21179530201342284 0.017745204919428985 0.010687919463087236
3 0.5653553299492385 0.2111577181208054 0.0174130412564303 0.010973154362416129
2 0.3428312267911287 0.27812080536912753 0.020875208666916535 0.015553691275167788
3 0.6871316390147516 0.20971476510067116 0.017885735699928542 0.010771812080536899
3 0.32253091677170986 0.21323825503355706 0.017068102067931693 0.010402684563758365
0 0.08325809968316697 0.9069295302013423 0.00917282730896332 0.010318791946308845
2 0.46436480087214266 0.2769966442953021 0.021117943651415512 0.01550335570469798
2 0.22239634790311044 0.27988255033557047 0.02060692263141756 0.01520134228187923
2 0.7081601539876674 0.27538590604026847 0.02083688209041654 0.014446308724832211
3 0.2016105679146936 0.21469798657718125 0.017413041256430374 0.010805369127516803
3 0.8084224781112663 0.2089093959731544 0.017464143358430297 0.010201342281879206
2 0.5863838449221546 0.2768288590604027 0.020926310768916243 0.014278523489932885
3 0.5673099853507308 0.5921979865771813 0.017208632848431177 0.010721476510067116
2 0.8294509930841822 0.2744295302013423 0.021731168875413022 0.015016778523489904
3 0.6886008244472457 0.5909228187919463 0.01812847068442766 0.010520134228187886
3 0.44577641126971695 0.5931711409395973 0.017745204919428985 0.009966442953020191
3 0.32400010220420405 0.5934899328859061 0.017413041256430336 0.010318791946308655
3 0.20345024358668623 0.5941275167785236 0.017272510475930886 0.010939597315436155
2 0.5878530303546486 0.6570805369127517 0.02040251422341844 0.014513422818791923
2 0.34478588219262085 0.659010067114094 0.020721902360917123 0.014848993288590578
3 0.8098916635437606 0.5899496644295303 0.01741304125643059 0.010352348993288463
2 0.46583398630463674 0.6583557046979867 0.02107961707491566 0.014848993288590578
2 0.22436377883010258 0.6596476510067114 0.020632473682417416 0.014563758389261732
3 0.9301987871767793 0.2082718120805369 0.017336388103430595 0.010520134228187957
2 0.7096293394201616 0.6564261744966444 0.020632473682417704 0.014278523489932885
2 0.8309201785166764 0.6554697986577183 0.021692842298913315 0.014563758389261732
3 0.9321534425782715 0.5896308724832215 0.017540796511430007 0.009932885906040193
3 0.446760126733213 0.9730872483221479 0.01760467413892957 0.010352348993288843
3 0.5687791707832249 0.9730872483221479 0.018269001464926934 0.010352348993288843
3 0.6900700098797397 0.9724496644295304 0.017885735699928542 0.01020134228187923
3 0.32571202262119714 0.9730872483221479 0.018077368582427665 0.010469798657718077
3 0.8108626034817566 0.9718120805369129 0.017604674138929424 0.00996644295302038
3 0.20564763397267743 0.9730872483221479 0.018051817531427813 0.010436241610738459
3 0.9321534425782715 0.9705201342281878 0.017668551766429133 0.009664429530201156