2 0.09669481991383916 0.3034402412280701 0.020694554313885925 0.016076445997807033
3 0.20031141464066257 0.23309004934210525 0.016923191520004034 0.011007958127741233
3 0.3261087363077745 0.23174684758771927 0.01717887713314853 0.010582960697642535
3 0.5802602357734437 0.22939624451754384 0.01724279853643467 0.011217833401864065
3 0.7070802998931338 0.22822094298245613 0.017306719939720813 0.010871539199561369
3 0.834923106465402 0.22738144188596487 0.01698711292329025 0.010546232524671097
3 0.4534401716537536 0.23073944627192983 0.01772220906108066 0.010955489309210502
3 0.20222905673924657 0.6298382675438596 0.01717887713314853 0.010666910807291667
2 0.09835677639927864 0.6983415570175439 0.02149357185496259 0.015709164268092195
3 0.3281542212129308 0.6291666666666667 0.017450543097114666 0.010546232524671002
3 0.9617431705850922 0.22637404057017543 0.01692319152000396 0.010624935752467101
0 0.07847721997729094 0.9233278508771928 0.009444387335526319 0.010913514254386124
3 0.8364572201442693 0.6258086622807018 0.01737064134300681 0.009948087993421003
3 0.7091257847982901 0.6271518640350877 0.017514464500400808 0.010624935752467195
3 0.4552299709457654 0.6288308662280702 0.017114955729862387 0.010262900904605203
3 0.5828170919048891 0.6281592653508772 0.016987112923290103 0.010666910807291667
2 0.22191684895137587 0.3024328399122807 0.021046122031959668 0.015058550918311368
2 0.8564006979695431 0.2958847313596491 0.021877100274679297 0.015111019736842101
3 0.9637886554902484 0.6254728618421052 0.016859270116717964 0.010341604132401396
2 0.3478420134250601 0.3007538377192982 0.021573473609070304 0.015404845120614064
2 0.7295806338498529 0.29689213267543857 0.020966220277851885 0.014261024876644702
2 0.6022491985038738 0.29907483552631575 0.02109406308442431 0.014156087239583334
2 0.47542913438418377 0.299242735745614 0.021413670100854876 0.015111019736842101
2 0.22370664824338762 0.6976699561403509 0.02026308484170454 0.01437645627741233
2 0.3498874983302164 0.6969983552631579 0.021301807645104164 0.014995588336074471
2 0.8584461828746994 0.693640350877193 0.02224464834357472 0.01464929413377187
2 0.7311147475287203 0.6949835526315788 0.02088631852374446 0.014313493695175528
2 0.6037833121827412 0.6956551535087718 0.020774456067993604 0.014156087239583334
2 0.47696324806305096 0.6963267543859648 0.022212687641931576 0.015289413719846531