2 0.10012049614109311 0.6593506048716992 0.020510208290360946 0.01499767971588767
3 0.20497253675501056 0.979587131076389 0.017887550064280063 0.01063368055555543
1 0.7234906546677216 0.25948757595486116 0.02134202401849288 0.01455900404188365
1 0.22427973364978904 0.6573224242718134 0.021468214847870492 0.015067842271592819
1 0.8486719574103376 0.25832451714409727 0.021420893286853808 0.015015920003255209
1 0.3487038914161392 0.656589084201389 0.021831013482331175 0.015420913696289062
1 0.47211852254746833 0.26131523980034727 0.021925656604364404 0.014901691012912294
3 0.32901812203322783 0.9802517361111113 0.01823457484506852 0.010799831814236237
1 0.5972998252900844 0.2599860297309028 0.02126315475013181 0.014725155300564268
3 0.4539470431170886 0.979587131076389 0.017824454649591294 0.010514259338378906
3 0.5791283458597046 0.979587131076389 0.018518504211168203 0.01059733496771931
1 0.4738851941587553 0.6559244791666666 0.022178038263119773 0.015420913696289062
3 0.7048144119198313 0.9782579210069445 0.017761359234902522 0.01063368055555543
1 0.7250049446202531 0.6542629665798612 0.02183101348233132 0.014725155300564173
3 0.8294909513449367 0.9775933159722223 0.017761359234902522 0.010114457872178946
1 0.22251306203850213 0.26430596245659727 0.021594405677248178 0.01449669731987844
1 0.34693721980485237 0.26281060112847227 0.02149976255521488 0.015015920003255209
1 0.5988141152426161 0.6555921766493056 0.02149976255521488 0.015244377983941036
2 0.09821509510152955 0.2659674750434028 0.021673274945609177 0.015659756130642393
1 0.8501862473628693 0.653598361545139 0.021499762555215022 0.014610926310221354
3 0.9546722540875529 0.9769287109375 0.01676760645355363 0.00980811648898642