2 0.47838171158933296 0.6989964788732393 0.021984700078644465 0.015757042253521262
2 0.3508570458282691 0.6996654929577465 0.021461893186530284 0.01522887323943659
2 0.22449864159576746 0.7003521126760563 0.021327840137270335 0.015105633802817047
2 0.6064291842425109 0.6983274647887323 0.021274218917566368 0.015158450704225288
2 0.7336857439050546 0.6976584507042253 0.021381461356974444 0.014929577464788698
2 0.2225682776864231 0.30237676056338025 0.020644169586044182 0.01533450704225345
2 0.7316347322513762 0.2976584507042253 0.021126760563380302 0.015281690140845114
2 0.6038553656967183 0.2984859154929577 0.021126760563380302 0.01482394366197184
2 0.4765854007292485 0.2995070422535211 0.021984700078644465 0.01607394366197184
2 0.34958354186029883 0.30051056338028165 0.022494101665832458 0.015757042253521075
2 0.09665224851647958 0.3038908450704226 0.02068438550082221 0.01522887323943659
2 0.8594140988060341 0.296637323943662 0.021864052334310345 0.01570422535211274
2 0.8609557088725244 0.6963028169014084 0.02198470007864461 0.01528169014084502
2 0.09909201401301208 0.7003521126760563 0.02060395367126619 0.016637323943662068
3 0.20075784657181667 0.23329225352112673 0.0175743547579896 0.011514084507042336
3 0.3287919139200686 0.6319366197183097 0.016327661399871345 0.010862676056337933
3 0.3272637091585043 0.23211267605633804 0.016984521341245406 0.010915492957746456
3 0.582299635375706 0.22924295774647888 0.016770036462429402 0.010950704225352203
3 0.5843506470293844 0.6302464788732395 0.016153392435833188 0.011038732394366093
3 0.20333166511760922 0.6322711267605633 0.016515335668835333 0.011038732394366093
3 0.839399978551512 0.6282394366197182 0.01683706298705934 0.010492957746478926
3 0.45504307571316216 0.23093309859154923 0.01608636591120325 0.010915492957746456
3 0.9646189318653036 0.22672535211267605 0.01639468792450143 0.010669014084507088
3 0.7126528204761564 0.6295774647887323 0.016274040180167454 0.010985915492957854
3 0.7100790019303639 0.22823943661971824 0.01639468792450143 0.010457746478873275
3 0.96717934510617 0.6275528169014084 0.016274040180167454 0.01017605633802816
3 0.45683938657324663 0.6312676056338028 0.016394687924501283 0.011302816901408429
3 0.8378583684850217 0.22672535211267605 0.015778043897905072 0.00991197183098592
0 0.07830038607278186 0.9153345070422535 0.009370308143275916 0.011302816901408429