3 0.19615365794538875 0.2596678896925576 0.016616245582428957 0.009201636043983304
2 0.09507179998709454 0.325731594279661 0.019838657558020743 0.014213536149364358
3 0.31763529209326336 0.25841498940677965 0.01596355791050073 0.010107628773834752
3 0.44015637098855714 0.2571173199152542 0.016473033162963464 0.01091867220603812
3 0.5631714864922998 0.25598185911016946 0.016658296891131876 0.010797015691207624
3 0.6851985287791448 0.2543597722457627 0.016210576214725134 0.00979841846530718
3 0.8087076808913362 0.2537109375 0.016411278586907326 0.009686899993379256
3 0.1969668504796524 0.6431739936440677 0.017044262991482408 0.011009914592160991
2 0.09741847387722617 0.7096795550847458 0.020332694166469517 0.015409825211864358
3 0.9307347231781811 0.25289989406779656 0.016411278586907326 0.00964634782176906
3 0.31862336531016083 0.6425251588983051 0.017121456211552543 0.00987445378707624
2 0.21635778736126643 0.32475834216101696 0.020023921286189048 0.014213536149364358
3 0.6871746752129398 0.6402542372881356 0.016982508415426343 0.010264768438824111
3 0.809201717499785 0.6396054025423729 0.017244965363664818 0.00987445378707624
3 0.564653596317646 0.641551906779661 0.016982508415426343 0.010345872782044505
3 0.44188549911812786 0.6422007415254236 0.016920753839370205 0.00987445378707624
2 0.3383848296481115 0.32297404661016943 0.02108918772315666 0.014771128509004257
2 0.8289631818377354 0.31924324682203387 0.02093480128301653 0.01415270789194911
2 0.46090590854340524 0.3220007944915254 0.020687782978791983 0.014831956766419505
2 0.5834269874386991 0.32102754237288134 0.02025550094639931 0.013990499205508513
2 0.7064421029424417 0.3198920815677966 0.020610589758722063 0.014102017677436436
3 0.9327108696119761 0.6386321504237288 0.016720051467187868 0.00972238314353812
2 0.21821042464294932 0.7096795550847458 0.02030181687844145 0.014375744835805145
2 0.8309393282715305 0.7057865466101695 0.021259012807311 0.014264226363877128
2 0.5854031338724942 0.7083818855932204 0.020687782978791983 0.013828290519067726
2 0.34011395777768216 0.709030720338983 0.020965678571044526 0.01465961003707624
2 0.7079242127677879 0.7070842161016948 0.020487080606609788 0.013828290519067726
2 0.46263503667297595 0.7083818855932204 0.021336206027381063 0.01500430349576277