3 0.19613410879233667 0.21278716216216217 0.015549093397194689 0.009003378378378338
3 0.5612427300718441 0.2083783783783784 0.01637016763599037 0.011148648648648608
3 0.4391977420458433 0.20951013513513517 0.01599811837153613 0.011722972972973006
3 0.6854943551146084 0.5926520270270271 0.016370167635990515 0.01059121621621614
3 0.3186281217926788 0.5949155405405406 0.015510605542251194 0.010979729729729684
2 0.21672511118713655 0.27805743243243247 0.020360075265138583 0.014662162162162151
2 0.4593397194663018 0.2749831081081081 0.0201034895655149 0.014054054054054082
2 0.3377822442695861 0.27596283783783787 0.020257440985289026 0.014493243243243227
2 0.8254618542593226 0.27222972972972975 0.020218953130345458 0.014611486486486455
2 0.5818722203215875 0.27402027027027026 0.02092456380431051 0.014442567567567626
2 0.7036606226479646 0.2732094594594595 0.021745638043106554 0.014831081081081075
2 0.21855969893944582 0.6605405405405407 0.020360075265138583 0.014662162162162151
2 0.5838351009237085 0.6589358108108109 0.02112983236400963 0.014493243243243227
2 0.3395013684570647 0.6602195945945947 0.021168320218953197 0.014898648648648797
2 0.4613026000684229 0.6595777027027028 0.020488368114950424 0.014273648648648798
3 0.2002651385562778 0.9757770270270271 0.016755046185425965 0.010185810810810759
2 0.7061238453643517 0.6579560810810811 0.021360759493670885 0.014543918918918925
2 0.8274247348614439 0.6573141891891893 0.021040027369141356 0.015
2 0.09657885733835102 0.28 0.01948768388641805 0.014831081081081075
3 0.5651684912760863 0.9757770270270271 0.01788402326377018 0.010591216216216328
3 0.44336725966472806 0.9764358108108108 0.017409339719466385 0.010793918918919114
3 0.6859818679438934 0.9751351351351353 0.01728104686965454 0.010388513513513544
3 0.32083475880944234 0.9757770270270271 0.016498460485802283 0.010236486486486457
3 0.8072955867259665 0.9738513513513514 0.016755046185425893 0.009662162162162152
3 0.9295843311666097 0.9725506756756757 0.01649846048580221 0.010185810810810759
2 0.09657885733835102 0.6615202702702703 0.019949538145740707 0.01290540540540538
3 0.31746065685939107 0.21119932432432434 0.016318850496065733 0.009442567567567532
3 0.6832492302429013 0.20744932432432436 0.016755046185425893 0.008902027027027042
3 0.8048195347245981 0.20677364864864867 0.01690899760520016 0.008969594594594621
3 0.9267234006158058 0.20619932432432433 0.016652411905576477 0.009611486486486503
3 0.4407885733835101 0.5947297297297298 0.016113581936366687 0.01121621621621614
3 0.5625128292849813 0.594222972972973 0.016562606910708204 0.009746621621621519
3 0.8066669517618884 0.5921790540540541 0.015844166951761864 0.009695945945946012
3 0.9287247690728704 0.5912331081081081 0.015420800547382919 0.008462837837837849
3 0.19809698939445777 0.5956250000000001 0.01593397194663021 0.010168918918918924