2 0.22204071714007992 0.7419858156028368 0.021074090074522066 0.01526595744680852
2 0.34956528782805923 0.7406205673758864 0.02201911653526297 0.015390070921985738
2 0.7353655902365267 0.7385815602836879 0.021533102926882125 0.014521276595744818
2 0.47798088346473705 0.7399468085106382 0.021897613133167796 0.015815602836879446
2 0.8635246786910034 0.7372340425531915 0.022275623717464187 0.014982269503546112
3 0.9679231018468518 0.26515957446808514 0.0167674694891458 0.011294326241134722
2 0.6066799870396371 0.73927304964539 0.021695107463009025 0.015212765957446852
2 0.09535316988875688 0.7419858156028368 0.021897613133167723 0.016063829787233884
2 0.22023166648666162 0.34118794326241136 0.02083108327033157 0.014875886524822685
2 0.34826925153904315 0.339645390070922 0.022478129387622815 0.015336879432624073
2 0.47617183281131864 0.33812056737588647 0.021722108219030176 0.015443262411347499
2 0.7332865320228966 0.33592198581560284 0.02172210821902989 0.015390070921985834
2 0.604600928826007 0.3371099290780142 0.021114591208553864 0.015159574468085092
2 0.8619721352197861 0.33455673758865245 0.021978615401231246 0.015336879432624073
3 0.969988659682471 0.6676595744680851 0.017698995571875913 0.01062056737588648
3 0.8397505130143643 0.2654964539007092 0.017172480829463342 0.011205673758865279
3 0.45602926881952693 0.6713829787234042 0.017037477049357447 0.011471631205673892
3 0.32760017280483855 0.6724113475177305 0.017766497461928935 0.011648936170212778
3 0.5844448644562048 0.6707092198581559 0.016632465709039906 0.011560283687943146
3 0.7131304676530943 0.6696985815602836 0.017496489901717434 0.011471631205673892
2 0.09328761205313747 0.34253546099290777 0.02111459120855383 0.015390070921985834
3 0.19813154768333513 0.2721099290780142 0.01803650502214065 0.011648936170212778
3 0.7110649098174749 0.26702127659574465 0.017766497461928935 0.011595744680851111
3 0.19998109947078518 0.6722872340425532 0.017496489901717215 0.01210992907801426
0 0.07526460740900745 0.9557801418439715 0.00915325629117615 0.011205673758865184
3 0.32604762933362136 0.2702482269503546 0.01695647478129385 0.011170212765957501
3 0.5829058213629981 0.26787234042553193 0.017550491413759587 0.011595744680851111
3 0.8413030564855815 0.6683333333333333 0.017698995571875913 0.01086879432624111
3 0.45447672534830974 0.2690602836879432 0.01729398423155837 0.011524822695035464
0 0.0894130035640998 0.6357624113475177 0.010638297872340418 0.0107446808510637