3 0.3259547576056962 0.97501677852349 0.018051817531427813 0.010285234899329225
3 0.20614587946717547 0.97501677852349 0.01788573569992847 0.010050335570469996
3 0.446760126733213 0.97501677852349 0.01793683780192825 0.010352348993288843
3 0.5687791707832249 0.97501677852349 0.017809082546928836 0.009815436241610768
3 0.6900700098797397 0.9743791946308726 0.017885735699928542 0.009932885906040382
2 0.2221536129186114 0.28357382550335575 0.020325861070418734 0.014395973154362404
3 0.8113608489762547 0.9730872483221479 0.01741304125643059 0.01
2 0.5878530303546486 0.659010067114094 0.020479167376418 0.014614093959731539
3 0.2016105679146936 0.2175838926174497 0.017413041256430374 0.010721476510067116
2 0.46631945627363475 0.6596476510067114 0.021271249957414924 0.015369127516778462
2 0.3428312267911287 0.2819630872483222 0.020926310768916243 0.015553691275167788
2 0.3450286171771199 0.6602852348993289 0.020632473682417416 0.015134228187919424
3 0.3225309167717099 0.21614093959731542 0.017336388103430595 0.010570469798657693
2 0.7101148093891596 0.6583557046979867 0.020875208666916535 0.013791946308724807
1 0.10575580008857699 0.28501677852348994 0.014027526998943883 0.014077181208053654
2 0.46436480087214266 0.28068791946308724 0.021973903859912144 0.015620805369127501
3 0.4438217558682247 0.2146979865771812 0.017745204919428985 0.010855704697986539
2 0.7081601539876674 0.27859060402684566 0.02095186181991624 0.015134228187919424
2 0.22436377883010258 0.6609228187919465 0.02040251422341844 0.014513422818791923
3 0.5653553299492385 0.2135738255033557 0.01754079651142986 0.010973154362416058
3 0.6871316390147516 0.21244966442953023 0.01741304125643059 0.010771812080536923
3 0.8079370081422683 0.21147651006711413 0.017540796511429715 0.010167785234899328
2 0.5863838449221546 0.2800503355704698 0.020453616325418148 0.014563758389261732
2 0.8294509930841822 0.2776342281879195 0.021488433890913903 0.01531879194630875
3 0.20357799884168573 0.5954194630872484 0.017413041256430374 0.011107382550335576
2 0.8314056484856744 0.6564261744966444 0.021322352059414778 0.0143959731543625
3 0.324498347698702 0.5944463087248323 0.017464143358430082 0.010654362416107498
3 0.6890862944162437 0.59251677852349 0.018013490954927956 0.010469798657718077
3 0.5673099853507308 0.5934899328859061 0.017885735699928396 0.010687919463087307
3 0.44577641126971695 0.5941275167785236 0.017745204919428985 0.01
3 0.8103771335127586 0.5915604026845639 0.017540796511429715 0.010318791946308655
3 0.9326389125472695 0.9724496644295304 0.01713197969543147 0.009697986577181154
3 0.9321534425782715 0.5906040268456377 0.01741304125643059 0.010117449664429425
1 0.10404387967158384 0.6611073825503356 0.017119204169931544 0.01102348993288596
3 0.9294578066977822 0.21181208053691275 0.01672316287943294 0.009748322147651057