1 0.10310020018588688 0.2697183098591549 0.014772646028455022 0.01540492957746475
2 0.22742099806963606 0.6660211267605634 0.022413669836276476 0.015757042253521262
3 0.20381425609494527 0.19929577464788728 0.017976513905769664 0.010369718309859147
2 0.3539134553513977 0.6653345070422535 0.02268177593479652 0.016320422535211303
2 0.4814381211124615 0.6646654929577464 0.02254772288553664 0.015827464788732374
3 0.3303067133767069 0.19794014084507042 0.01832505183384576 0.010792253521126772
2 0.6092174876671194 0.6639964788732393 0.022882855508686767 0.015105633802817047
2 0.7364874526345893 0.6633274647887323 0.022628154715092767 0.01528169014084502
3 0.8401506756273683 0.19306338028169012 0.018123972259955656 0.010334507042253544
3 0.7123713090727103 0.19339788732394364 0.017909487381139507 0.010457746478873228
3 0.4578313791377707 0.19626760563380283 0.01882104811610771 0.011126760563380269
1 0.1046418102523772 0.6666901408450704 0.014558161149638982 0.01563380281690134
3 0.5851013441052406 0.19524647887323943 0.018271430614141722 0.01151408450704229
2 0.22523593336669767 0.26820422535211264 0.022373453921498556 0.01644366197183094
2 0.863757417602059 0.6619718309859154 0.02285604489883453 0.015757042253521262
2 0.35211714449131337 0.2665140845070422 0.02257453349538859 0.016707746478873277
3 0.20547651390576963 0.5982746478873239 0.017788839636805606 0.010827464788732376
2 0.7344364409809108 0.26281690140845065 0.022721991849574654 0.01607394366197184
2 0.607166476013441 0.2641549295774647 0.022319832701794447 0.016126760563380364
3 0.33235772503038535 0.5976056338028168 0.018539536712661765 0.01017605633802816
2 0.4796418102523772 0.2655105633802817 0.022319832701794447 0.01570422535211274
2 0.8616930006434546 0.2621478873239436 0.021823836419532353 0.015880281690140805
3 0.45937298920426106 0.5969366197183099 0.01882104811610771 0.011126760563380458
3 0.7144223207263888 0.5949119718309859 0.01840548366340189 0.01045774647887337
3 0.9674072352899119 0.1918838028169014 0.018271430614141722 0.010950704225352107
3 0.8427110888682348 0.5942429577464787 0.018901479945663692 0.00994718309859157
3 0.5866429541717308 0.5959154929577465 0.0193036390934439 0.01125
3 0.9694716522485165 0.5932218309859154 0.018539536712661765 0.010545774647887356
3 0.3337920926574676 0.9947183098591548 0.018767426896403816 0.01056338028169004
3 0.587152355758919 0.9947183098591548 0.018767426896403816 0.01056338028169004
3 0.20711196110674196 0.9947183098591548 0.017426896403803533 0.01056338028169004
3 0.46114248945449343 0.9947183098591548 0.018767426896403816 0.01056338028169004
3 0.7154411239007651 0.9944718309859155 0.01861996854221804 0.010422535211267814
0 0.08411828841066704 0.9241373239436619 0.009772467291055962 0.010545774647887356
3 0.8432204904554229 0.9928873239436619 0.01861996854221804 0.009859154929577396
3 0.9699810538357045 0.9922183098591549 0.017507328233359588 0.010299295774647893