2 0.10355910836413657 0.7097446518456377 0.020403100600077082 0.014793037568162692
2 0.3438113491380779 0.7091023489932886 0.020479516707193432 0.014180842662017691
2 0.46534352589599026 0.7084600461409397 0.02055593281430989 0.014341418375104808
2 0.7081633478690423 0.7071754404362417 0.020250268385844202 0.013849655253775192
2 0.22301276700848296 0.7097446518456377 0.019379124764717395 0.01358871972000846
3 0.20296118050114131 0.6439086094798658 0.016184931487252172 0.010121287915530578
2 0.5868757026539025 0.7078177432885907 0.02017385227872789 0.013749295433095578
3 0.32278163645964636 0.6435874580536913 0.017010225444109198 0.010608033045826346
2 0.8294509930841822 0.7058908347315437 0.02132009388547374 0.014120626769609809
2 0.3420996283386707 0.3298225146812081 0.020479516707193432 0.014451814177852308
3 0.6876226982761559 0.6410182466442954 0.017010225444109236 0.010979364382340578
2 0.4633872735538106 0.3280561818372484 0.020479516707193432 0.014010230966862405
2 0.10141945736487754 0.332391726090604 0.019898754293108882 0.015023865155725673
3 0.44431381321755875 0.6432663066275168 0.016429463030024648 0.010316989565855769
3 0.566335053061016 0.6423028523489933 0.015986249608749514 0.010899076525796924
2 0.5849194503117229 0.3269321518456376 0.019333275100447578 0.013327784186241634
2 0.7062070955268627 0.3259686975671141 0.019791771743146034 0.013327784186241634
3 0.9301979887064356 0.6387701866610739 0.01694909255841595 0.009403715197671924
2 0.22154557775184822 0.33142827181208057 0.02017385227872789 0.013899835164114905
3 0.20076039661618916 0.2654316537332215 0.016368330144331512 0.010808752687185385
3 0.3210699156602392 0.26398647231543626 0.017010225444109236 0.0103571334941275
3 0.44284662396092395 0.26334416946308725 0.016811543565606647 0.010567889117554519
3 0.8089103434912956 0.6400547923657719 0.016689277794220227 0.009930604256239425
2 0.8279838038275475 0.32500524328859065 0.02052536637146339 0.013588719720008366
3 0.5638897376332913 0.2617384123322148 0.01675041067991351 0.010437421350671154
3 0.6856664459339761 0.260614382340604 0.016490595915717787 0.010567889117554519
3 0.9282417363642559 0.25932977663590606 0.015986249608749514 0.01020157577207423
3 0.807443154234661 0.2601326552013423 0.016047382494442507 0.009965730193477308
0 0.08387431917095357 0.9088585360738256 0.008558603997036085 0.010648176974098079