2 0.7153650090338123 0.27544690148305084 0.021259012807311 0.014831956766419505
3 0.20354308268089133 0.2139698093220339 0.01778531790415555 0.01083756786281782
2 0.5923498935300696 0.27706898834745763 0.020533396538651855 0.014375744835805051
2 0.837886087929106 0.2747980667372881 0.021907435855899934 0.01517665022510594
3 0.3255701249677364 0.2125099311440678 0.017445667735847013 0.01050301244703391
2 0.4690877597221027 0.27739340572033894 0.02136708331540906 0.015653138241525446
2 0.3463196625225845 0.2786910752118644 0.021259012807311 0.015713966498940694
3 0.44809120386303014 0.21137447033898304 0.01812496807246409 0.011009914592161038
3 0.6941214348705153 0.20926575741525424 0.017924265700281897 0.011009914592161038
2 0.22441612938785166 0.2801509533898305 0.020610589758721917 0.015115821967690693
3 0.205272210810462 0.5958090572033898 0.01778531790415555 0.010715911347987231
3 0.8161484771573604 0.20829250529661014 0.017723563328099413 0.010305320610434307
3 0.5711063193667727 0.21040121822033897 0.01750742231190315 0.011182261321504256
0 0.08429499631657059 0.9121159957627119 0.009487046746617682 0.010675359176376938
2 0.7168471188591585 0.6590704449152541 0.020811292130904255 0.014426435050317725
2 0.8393681977544523 0.65809719279661 0.021413399247451125 0.01500430349576277
3 0.32729925309730706 0.5948358050847458 0.01750742231190315 0.010381355932203367
2 0.593832003355416 0.6593948622881356 0.02088848535097432 0.014943475238347522
2 0.3480487906521552 0.6616657838983051 0.020934801283016388 0.015176650225105845
3 0.9391635926611029 0.20780587923728813 0.017646370108029205 0.010715911347987278
3 0.45006735029682526 0.5945113877118644 0.018202161292534155 0.010305320610434402
2 0.22639227582164675 0.6623146186440677 0.020965678571044456 0.014882646980932274
3 0.5730824658005679 0.5932137182203389 0.017723563328099413 0.011131571106991487
2 0.47056986954744906 0.660692531779661 0.021907435855899934 0.015774794756355844
3 0.6956035446958616 0.5925648834745763 0.01823303858056215 0.010715911347987231
3 0.8181246235911555 0.5915916313559322 0.017445667735847013 0.010634807004767027
3 0.9411397390948981 0.5909427966101695 0.017584615531973213 0.010107628773834752
3 0.20774239385270585 0.9789459745762711 0.01812496807246409 0.010381355932203557
3 0.6970856545212079 0.9776483050847458 0.018341109088660497 0.010305320610434213
3 0.3290283812268777 0.9789459745762711 0.01806321349640795 0.010503012447034053
3 0.4510554235137228 0.9789459745762711 0.01798602027633789 0.010381355932203557
3 0.5745645756259141 0.9789459745762711 0.018233038580562293 0.010421908103813469
3 0.819112696808053 0.9769994703389829 0.017723563328099413 0.010107628773834752
3 0.9416337757033467 0.9757018008474576 0.01738391315979102 0.00991500595868653