3 0.20210881340919157 0.21731543624161076 0.017668551766429275 0.011510067114093966
2 0.223252308111607 0.2819630872483222 0.019968146356420125 0.013003355704697982
2 0.3433166967601268 0.2795637583892618 0.021041290498415806 0.015553691275167788
3 0.3225309167717099 0.21501677852348997 0.01713197969543147 0.010402684563758365
2 0.4646075358566416 0.27859060402684566 0.021271249957414924 0.01520134228187923
2 0.7081601539876674 0.2763590604026846 0.021002963921915953 0.014513422818791923
3 0.6871316390147516 0.21147651006711413 0.017464143358430297 0.01065436241610738
3 0.4438217558682247 0.21389261744966448 0.017272510475930886 0.01031879194630875
3 0.5658407999182368 0.21276845637583894 0.0174130412564303 0.010771812080536923
3 0.8084224781112663 0.21067114093959732 0.017208632848431177 0.010083892617449663
2 0.5863838449221546 0.2776342281879195 0.020632473682417416 0.014345637583892597
2 0.8294509930841822 0.2757046979865772 0.021565087043913897 0.014966442953020192
3 0.20369297857118523 0.5957382550335572 0.01793683780192825 0.010805369127516921
2 0.22436377883010258 0.6615771812080538 0.021041290498415875 0.01501677852349
3 0.32449834769870206 0.5947651006711411 0.017272510475930924 0.010687919463087307
2 0.3450286171771199 0.6602852348993289 0.021002963921916095 0.01501677852349
3 0.9301987871767793 0.2102013422818792 0.017464143358430297 0.010234899328859086
3 0.6890862944162437 0.59251677852349 0.017885735699928542 0.01060402684563769
3 0.44603192177971596 0.5944463087248323 0.017208632848431177 0.01020134228187923
2 0.7101148093891596 0.6583557046979867 0.02107961707491566 0.014077181208053654
3 0.5673099853507308 0.5934899328859061 0.017464143358430155 0.010654362416107498
3 0.8103771335127586 0.5915604026845639 0.017464143358430297 0.01043624161073827
2 0.8314056484856744 0.6573993288590605 0.02107961707491566 0.014077181208053654
2 0.46631945627363475 0.6602852348993289 0.021399005212414342 0.01501677852349
2 0.5878530303546486 0.6596476510067114 0.020530269478418 0.014446308724832307
3 0.9321534425782715 0.5909228187919463 0.017668551766429133 0.01023489932885904
3 0.44700286171771203 0.9737248322147652 0.017745204919428985 0.010117449664429614
3 0.6905554798487378 0.9730872483221479 0.018051817531427955 0.010117449664429614
3 0.3259547576056962 0.9737248322147652 0.017885735699928434 0.010167785234899232
3 0.20589036895717647 0.9737248322147652 0.01793683780192825 0.01020134228187923
3 0.5687791707832249 0.9737248322147652 0.01793683780192825 0.009882550335570764
3 0.8113608489762547 0.9718120805369129 0.017809082546928836 0.009697986577181154
3 0.9326389125472695 0.9711577181208054 0.017809082546928836 0.00959731543624154
0 0.08375634517766499 0.9082214765100671 0.008725683916465114 0.010721476510067305