0 0.07057288268302231 0.9122332172533875 0.009487146026360449 0.010809226631727826
2 0.212566879812084 0.7050132744888459 0.020683805298186093 0.014619177326483511
3 0.9333159337074253 0.2423714788125366 0.015777110792117736 0.010757507844016193
2 0.3358345295576145 0.7043409302485949 0.021205794075427414 0.015015688032272512
2 0.7085084170690329 0.7030307209599006 0.020970899125668612 0.014343343792021655
2 0.4599765105050241 0.7036858256042479 0.02164948453608252 0.015377719546253757
2 0.0899256165992431 0.7050132744888459 0.020762103614772275 0.01610178257421644
2 0.08811170559832963 0.3164500224114747 0.020683805298186093 0.014912250456849244
2 0.832402453347253 0.7017032720753025 0.021701683413806665 0.014739854497810465
3 0.9353125407803732 0.633072440781988 0.016716690591152092 0.009964486432438
2 0.3343338118230458 0.31398476019722094 0.021975727521858293 0.015084646415888024
2 0.5841184914524338 0.7036858256042479 0.021205794075427414 0.015015688032272512
2 0.21094871460263603 0.3152949694859152 0.020566357823306763 0.014567458538771876
2 0.45822784810126577 0.31282970727166154 0.0209708991256689 0.015257042374926802
2 0.5826177737178649 0.31182981070923693 0.020709904737048167 0.014791573285522195
2 0.706511809996085 0.3105196014205427 0.021401539866892964 0.014670896114195048
2 0.8309017356126842 0.30986449677619554 0.021610335377789266 0.014843292073233828
3 0.6870285788855539 0.6353825466331069 0.017108182174083192 0.010567872289073537
3 0.314602636043325 0.6373651001620521 0.017108182174083265 0.0102058407750921
3 0.8094218974292052 0.24271627073061403 0.016847187785462747 0.0101196427955729
3 0.5636304319457132 0.6363652035996276 0.01614250293618691 0.01094714339895885
3 0.8112488581495496 0.6343826500706823 0.016847187785462747 0.010050684411957389
3 0.6855278611509852 0.24319897941592244 0.016716690591152092 0.010050684411957389
3 0.4392405063291139 0.6373651001620521 0.016781939188307417 0.010723028652208437
3 0.1897168210883466 0.24831913939937242 0.016847187785462674 0.010860945419439366
3 0.19146548349210488 0.6380202048063993 0.017369176562703925 0.01086094541943927
3 0.31310191830875633 0.24683653415163945 0.0160772543390318 0.010516153501361997
3 0.561137935534386 0.24485398062269417 0.017643220670755553 0.011516050063786535
3 0.43724389925616597 0.24583663758921487 0.01723867936839356 0.011516050063786535
0 0.08268302231502023 0.606006275212909 0.008051676888946863 0.012274592283556877