3 0.19177876769726107 0.21439024390243905 0.01681735985533453 0.01
3 0.6938781810964584 0.2084494773519164 0.01649980152604436 0.011271777003484307
3 0.44238521589555857 0.2104878048780488 0.016698275481850707 0.012090592334494754
3 0.5682573986680193 0.20911149825783973 0.016764433467119488 0.011707317073170742
3 0.19330040135844398 0.606602787456446 0.016499801526044217 0.01158536585365842
3 0.3180346667842809 0.6062717770034843 0.01582499007630229 0.01132404181184673
3 0.6959026154456844 0.6039372822299652 0.016883517840603383 0.011062717770034852
3 0.9456093150443259 0.20627177700348434 0.017677413663829057 0.011271777003484307
3 0.4444890398271072 0.6052613240418119 0.016949675825872167 0.01167247386759584
3 0.8205045649009837 0.6032578397212544 0.01649980152604436 0.010104529616724752
3 0.5697790323292021 0.6045993031358886 0.017889119216689363 0.011219512195121979
3 0.9476469809906057 0.6022648083623694 0.01649980152604436 0.011062717770034852
2 0.3377894411855511 0.28047038327526136 0.020852996956732626 0.015540069686411187
2 0.8407621399902968 0.2751393728222997 0.021051470912539116 0.015121951219512179
2 0.21293609138623035 0.2813066202090593 0.020694217792087504 0.015662020905923366
2 0.5895338067304724 0.2771428571428572 0.020998544524324148 0.014547038327526138
2 0.7156573898469546 0.2763066202090593 0.02228200943853907 0.015069686411149802
2 0.4639130243020333 0.27963414634146344 0.021289639659506907 0.014721254355400693
2 0.21496052573545632 0.6752961672473868 0.02061482820976491 0.015296167247386734
2 0.3395624751907555 0.6746167247386761 0.021699819168173557 0.015662020905923366
2 0.7176818241961804 0.6726306620209059 0.0220306090945179 0.015418118466899007
2 0.08888986900718919 0.28313588850174215 0.020072332730560548 0.015418118466899007
2 0.46518325761919466 0.6739547038327527 0.021183786883076827 0.015243902439024359
2 0.5915582410796983 0.673623693379791 0.021699819168173557 0.015365853658536632
3 0.19516605654302474 0.9965156794425087 0.017201076169893696 0.006968641114982574
2 0.8427865743395229 0.6719512195121952 0.021541040003528366 0.015365853658536632
3 0.6959820050280069 0.9965156794425087 0.01852423587527028 0.006968641114982574
3 0.44590482071185994 0.9965156794425087 0.018524235875270134 0.006968641114982574
3 0.5709434128699334 0.9965156794425087 0.01720107616989377 0.006968641114982574
3 0.8215189873417722 0.995 0.017721518987341773 0.01
3 0.31954306884841005 0.9965156794425087 0.017201076169893696 0.006968641114982574
3 0.9468354430379747 0.9933333333333333 0.015189873417721518 0.013333333333333334
2 0.08902218497772682 0.6759581881533102 0.020456049045119752 0.014059233449477423
3 0.3167512018700657 0.21216027874564464 0.017187844572839953 0.01050522648083619
3 0.8193004895690912 0.20797909407665505 0.017254002558108737 0.008954703832752577