3 0.1975731121780882 0.19994827586206898 0.015870798777826288 0.009189655172413751
3 0.570235704932344 0.19544827586206898 0.016708860759493727 0.011379310344827568
3 0.44566564818856397 0.19660344827586207 0.016329113924050603 0.011965517241379332
3 0.6970580532518551 0.5876724137931035 0.016708860759493727 0.010810344827586202
3 0.3226014840680926 0.5899827586206896 0.01583151462243562 0.011206896551724223
2 0.21859013531209082 0.2665689655172414 0.02078131820165864 0.014965517241379303
2 0.4662243561763423 0.2634310344827586 0.020519423832387522 0.014344827586206843
2 0.34215189873417723 0.2644310344827586 0.020676560453950193 0.014793103448275814
2 0.8399214316892187 0.26062068965517243 0.02063727629855967 0.014913793103448257
2 0.5912920122217372 0.262448275862069 0.02135748581405496 0.014741379310344863
2 0.7156001745962463 0.26162068965517243 0.0221955477957224 0.015137931034482695
2 0.22046268005237893 0.6569655172413794 0.02078131820165864 0.014965517241379303
2 0.5932955041466609 0.6553275862068966 0.021567001309471857 0.014793103448276005
2 0.3439065910082933 0.6566379310344829 0.021606285464862526 0.015206896551724185
2 0.4682278481012659 0.6559827586206898 0.0209122653862942 0.014568965517241472
3 0.20178961152335226 0.9787241379310345 0.017101702313400264 0.010396551724137832
2 0.7181143605412484 0.6543275862068966 0.02180270624181601 0.01484482758620686
2 0.8419249236141425 0.6536724137931035 0.021475338280226967 0.015310344827586277
2 0.09595809690091665 0.26855172413793105 0.019890877346137047 0.015137931034482695
3 0.5742426887821912 0.9787241379310345 0.01825403753819305 0.010810344827586202
3 0.44992143168921866 0.979396551724138 0.017769532955041478 0.011017241379310387
3 0.6975556525534703 0.9780689655172413 0.01763858577040606 0.010603448275862395
3 0.3248537756438236 0.9787241379310345 0.016839807944129287 0.010448275862068689
3 0.8213793103448277 0.9767586206896552 0.01710170231340012 0.00986206896551721
3 0.9461981667394153 0.9754310344827587 0.016839807944129002 0.010396551724137832
2 0.09595809690091665 0.6579655172413793 0.020362287210824993 0.013172413793103412
3 0.32140986468790916 0.19832758620689658 0.016656481885639503 0.009637931034482771
3 0.6947664775207334 0.19450000000000003 0.01710170231340012 0.009086206896551752
3 0.818852029681362 0.19381034482758622 0.01725883893496308 0.0091551724137931
3 0.9432780445220428 0.1932241379310345 0.016996944565691962 0.009810344827586212
3 0.44728939327804457 0.589793103448276 0.016446966390222608 0.011448275862068915
3 0.5715320820602358 0.5892758620689655 0.016905281536446926 0.009948275862068954
3 0.8207376691401135 0.5871896551724138 0.01617197730248779 0.009896551724137908
3 0.9453208206023571 0.5862241379310345 0.015739851593190583 0.008637931034482828
3 0.19957660410301178 0.5907068965517243 0.016263640331732897 0.010379310344827484