0 0.06831514622435618 0.9088793103448275 0.009153208206023583 0.010603448275862395
2 0.08599301615015277 0.3145344827586207 0.020755128764731564 0.015258620689655231
2 0.3331165429943256 0.3120517241379311 0.021724137931034528 0.015258620689655231
2 0.08817983413356614 0.7042758620689656 0.021567001309471857 0.015672413793103412
2 0.2093059799214317 0.3132068965517242 0.020597992143168927 0.014672413793103469
2 0.4571890004364906 0.3105689655172414 0.020990833697075537 0.015431034482758624
2 0.5820078568310781 0.3099137931034483 0.0209122653862942 0.015258620689655231
2 0.2109297250109123 0.7042758620689656 0.020597992143168927 0.014672413793103373
2 0.7068267132256656 0.3084137931034483 0.02144914884330014 0.015258620689655231
3 0.686778699257966 0.6339827586206898 0.017560017459624724 0.010724137931034458
2 0.33437363596682673 0.7036034482758621 0.021396769969445627 0.014793103448276005
2 0.7088302051505893 0.7009655172413793 0.02152771715408119 0.014465517241379379
3 0.9339153208206025 0.23994827586206896 0.016656481885639503 0.011689655172413703
2 0.8311479703186382 0.3076034482758621 0.021776516804888898 0.015379310344827578
2 0.8326538629419469 0.7003103448275863 0.0221955477957224 0.01484482758620686
2 0.4591924923614143 0.702948275862069 0.021645569620253192 0.015620689655172366
3 0.8110999563509386 0.6326551724137931 0.01737669140113494 0.010051724137931047
3 0.6852728066346575 0.24143103448275866 0.016905281536447214 0.010327586206896531
3 0.31331732867743345 0.6359655172413793 0.016839807944129218 0.010948275862068991
2 0.5835137494543868 0.7022931034482759 0.02104321257092976 0.01513793103448279
3 0.5624574421649935 0.6346379310344827 0.01710170231340012 0.011551724137931197
3 0.8095940637276299 0.2406034482758621 0.01697075512876485 0.010448275862068973
3 0.43763858577040593 0.6352931034482759 0.016525534701003944 0.010862068965517249
3 0.5604539502400698 0.24258620689655175 0.0174945438673068 0.01186206896551719
3 0.43613269314709735 0.24389655172413796 0.016656481885639503 0.011551724137931008
3 0.18950676560453952 0.6362931034482759 0.017429070274989092 0.011413793103448219
3 0.1878699257965954 0.24637931034482763 0.017376691401134868 0.01132758620689657
3 0.3118245307725884 0.24505172413793105 0.016656481885639503 0.01132758620689657
0 0.08122653862941948 0.6042758620689656 0.009297250109122645 0.011637931034482752
3 0.9354081187254475 0.6323275862068966 0.01763858577040606 0.011206896551724223