2 0.22289459339760845 0.7078187919463088 0.019750962422921004 0.014010067114094037
3 0.9282441317752872 0.2556375838926175 0.015509487956938205 0.010654362416107404
0 0.08399908016216401 0.9088590604026846 0.008534051033965883 0.010117449664429614
2 0.3435722072701258 0.7071812080536913 0.020632473682417416 0.014177852348993459
2 0.10373726705958507 0.7078187919463088 0.02068357578441727 0.014899328859060385
2 0.7081601539876674 0.705251677852349 0.020325861070418876 0.01374161073825519
2 0.3421030218376316 0.3262919463087249 0.021437331788914195 0.014731543624161058
2 0.4650930058256397 0.706526845637584 0.021041290498415806 0.014899328859060385
2 0.10160375430109359 0.3291778523489933 0.019942595305420235 0.015083892617449711
2 0.46313835042414747 0.3248489932885907 0.02068357578441727 0.01479865771812077
2 0.22142540796511428 0.32741610738255034 0.019789288999420857 0.014446308724832211
2 0.5849146594896604 0.3238758389261745 0.020019248458419906 0.014614093959731539
2 0.8294509930841822 0.7039597315436242 0.021488433890913903 0.014228187919463077
2 0.7062054985861753 0.32260067114093965 0.020376963172418584 0.014563758389261732
2 0.5863838449221546 0.7058892617449665 0.02040251422341844 0.014563758389261732
2 0.8279818076516883 0.32194630872483226 0.021194596804415076 0.014614093959731539
3 0.3225309167717098 0.6416610738255034 0.017208632848431143 0.010654362416107498
3 0.6871316390147516 0.6394127516778524 0.016493203420434106 0.010318791946308655
3 0.4443200013627228 0.6410234899328859 0.016250468435934987 0.010906040268456346
3 0.5658407999182368 0.6403691275167787 0.016365448165434403 0.011107382550335576
3 0.9301987871767793 0.6371644295302015 0.01668483630293323 0.009966442953020191
0 0.09683848328961264 0.6108221476510068 0.008355193676966579 0.009513422818791924
3 0.32131724184921473 0.2609395973154363 0.015701120839437182 0.01043624161073827
3 0.8069532926787722 0.256761744966443 0.016608183149933523 0.009966442953020098
3 0.6851769836132595 0.25756711409395977 0.016748713930432937 0.010083892617449616
3 0.8079370081422683 0.6381208053691276 0.016493203420434106 0.009697986577181154
3 0.20210881340919157 0.6422986577181209 0.01674871393043301 0.010771812080536923
3 0.5638861445167445 0.2586912751677853 0.017272510475930886 0.011107382550335576
3 0.44285081593022857 0.2599664429530201 0.016429325792934255 0.011073825503355767
3 0.20039689299219846 0.2623825503355705 0.01695312233843213 0.011023489932885867