3 0.8084224781112663 0.9949328859060403 0.016812591557932934 0.008406040268456537
3 0.6876171089837496 0.9949328859060403 0.017208632848431177 0.007533557046979998
3 0.5663390454127347 0.9955704697986579 0.01766855176642942 0.006895973154362309
3 0.3242428371887031 0.9955704697986579 0.01713197969543147 0.00708053691275154
3 0.4455336762852179 0.9962080536912752 0.017068102067931766 0.006409395973154233
3 0.20406346881068374 0.9962080536912752 0.017413041256430374 0.006677852348993459
3 0.9306842571457774 0.9942785234899331 0.017464143358430297 0.00897651006711385
0 0.08375634517766499 0.9075671140939598 0.008891765747964428 0.010285234899329225
2 0.10031342622559876 0.30718120805369137 0.020019248458419906 0.014446308724832211
3 0.20015415800769937 0.2407046979865772 0.016301570537934768 0.010167785234899328
3 0.3210745068647157 0.2395805369127517 0.015739447415937108 0.009731543624161058
3 0.4423525704357306 0.2384563758389262 0.01604606002793572 0.010201342281879135
3 0.20149558818519403 0.6198154362416108 0.0166848363029333 0.010469798657718077
2 0.2206844274861173 0.3058892617449665 0.02027475896841888 0.014395973154362404
3 0.8084224781112663 0.6156543624161075 0.01562446768643762 0.008808724832214808
3 0.8064678227097742 0.23508389261744972 0.01570112083943704 0.00947986577181202
3 0.3225309167717099 0.6191778523489933 0.016046060027935828 0.009697986577181154
3 0.6851769836132595 0.2354026845637584 0.016186590808435278 0.009446308724832212
2 0.10245971450959017 0.6853355704697986 0.02055582052941778 0.015671140939597306
2 0.34160477634313363 0.3046140939597316 0.021437331788914195 0.014848993288590672
2 0.4628956154396484 0.30348993288590603 0.020721902360917123 0.015251677852348943
3 0.5634006745477464 0.23684563758389265 0.016876469185432497 0.010687919463087212
3 0.9297133172077814 0.6146812080536913 0.016557081047933814 0.009815436241610768
3 0.4438217558682247 0.6185402684563759 0.016557081047933814 0.01023489932885904
3 0.5653553299492385 0.6175671140939598 0.016953122338432203 0.01043624161073827
2 0.7062054985861753 0.30124161073825506 0.02076022893741683 0.014563758389261732
2 0.22252410315810994 0.6853355704697986 0.020479167376418073 0.014681208053691346
2 0.8274963376826902 0.3006040268456376 0.020875208666916535 0.014966442953020192
3 0.6871316390147516 0.6166107382550337 0.016608183149933523 0.009664429530201347
2 0.5844291895206623 0.3023657718120806 0.020760228937416976 0.014278523489932885
2 0.34307396177562777 0.6846979865771813 0.021322352059414778 0.015251677852349039
2 0.7081601539876674 0.682768456375839 0.020683575784417412 0.014899328859060385
3 0.9277586618062891 0.2341275167785235 0.015803325043436744 0.00988255033557048
2 0.8289655231151841 0.6814765100671142 0.021117943651415366 0.014899328859060385
2 0.4646075358566416 0.6840604026845638 0.021399005212414342 0.015620805369127501
2 0.5863838449221546 0.6834060402684564 0.020926310768916243 0.01520134228187904