3 0.439302300464413 0.21671985815602834 0.01875202505670164 0.011294326241134722
3 0.5677313964791014 0.21604609929078014 0.018401015228426396 0.011595744680851111
2 0.3325818122907441 0.2868085106382979 0.022059617669294842 0.016436170212765926
3 0.696416999675991 0.2145212765957447 0.018900529214818107 0.011382978723404259
3 0.31112971163192565 0.21824468085106385 0.01803650502214065 0.010992907801418426
0 0.058281131871692406 0.9512943262411346 0.009693271411599532 0.010904255319149266
2 0.4610109083054326 0.28562056737588654 0.02231612485149577 0.01638297872340426
2 0.20531374878496597 0.28867021276595745 0.021776109731072475 0.016063829787234075
2 0.7186386218814126 0.28391843971631203 0.02201911653526283 0.01526595744680852
3 0.18334863376174532 0.21978723404255318 0.018401015228426396 0.011418439716312036
3 0.8245895885084782 0.21367021276595746 0.018455016740468698 0.010780141843971667
2 0.5899530186845232 0.28544326241134754 0.02211361918133714 0.015088652482269442
3 0.5697969543147208 0.6187056737588652 0.01818500918025705 0.011329787234042593
2 0.8468112107139 0.28290780141843974 0.02296414299600395 0.01586879432624111
3 0.6979695431472082 0.6173581560283687 0.019157036397019177 0.01111702127659574
3 0.44136785830003245 0.6197340425531914 0.01875202505670164 0.010531914893617038
3 0.3126822551031429 0.6200709219858157 0.018401015228426396 0.010904255319148888
3 0.18529268819526945 0.6207446808510639 0.018252511070309927 0.011560283687943146
2 0.5915055621557403 0.6872695035460993 0.02156010368290313 0.015336879432624073
2 0.33464737012636353 0.6893085106382979 0.021897613133167796 0.015691489361702223
3 0.8261421319796954 0.6163297872340426 0.018401015228426684 0.010939716312056666
2 0.46256345177664976 0.6886170212765957 0.022275623717464044 0.015691489361702223
2 0.20739280699859594 0.689982269503546 0.021803110487093626 0.015390070921985738
3 0.9532751917053678 0.2129964539007092 0.018320012960362946 0.01111702127659574
2 0.7201911653526298 0.6865780141843972 0.021803110487093626 0.015088652482269442
2 0.8483637541851172 0.6855673758865248 0.02292364186197208 0.015390070921985738
3 0.9553407495409871 0.6159929078014185 0.018536019008532148 0.010496453900709071