2 0.09686268269272132 0.6989009533898305 0.019946728066118913 0.014943475238347522
2 0.4623880183687516 0.6976032838983051 0.02136708331540906 0.01465961003707624
2 0.3398669394734578 0.6982521186440678 0.020934801283016388 0.01465961003707624
2 0.5854031338724942 0.6969544491525423 0.020811292130904255 0.013828290519067726
2 0.21796340633872494 0.6989009533898305 0.020934801283016457 0.014375744835805145
2 0.09488653625892626 0.31625066207627117 0.019946728066118913 0.01534899695444911
2 0.7084182493762368 0.6956567796610169 0.020811292130904255 0.013939808990995744
2 0.8309393282715305 0.6950079449152542 0.02224708602420833 0.014426435050317725
2 0.21611076905704207 0.3151152012711864 0.02057971247069385 0.014943475238347426
3 0.1970903596317646 0.6327198093220339 0.016982508415426274 0.010756463519597522
2 0.5839210240471479 0.31170881885593216 0.020610589758721917 0.014375744835805051
2 0.7064421029424417 0.3104111493644068 0.020533396538651855 0.014598781779660992
2 0.3381378113438871 0.3134931144067796 0.021336206027381063 0.015409825211864453
2 0.46090590854340524 0.3125198622881356 0.020610589758721917 0.014710300251589009
3 0.31862336531016083 0.6320709745762711 0.016781806043244005 0.010345872782044505
3 0.44163848081390344 0.6317465572033898 0.016858999263314068 0.010421908103813469
2 0.8294572184461843 0.3096001059322034 0.020888485350974463 0.014710300251589009
3 0.6871746752129398 0.6298000529661016 0.017445667735847013 0.010797015691207624
3 0.564653596317646 0.6304488877118644 0.016920753839370205 0.010584116790254257
3 0.8096957541082336 0.6288268008474577 0.016781806043243863 0.010305320610434402
3 0.44015637098855714 0.24633871822033895 0.017121456211552543 0.010715911347987325
3 0.6851985287791448 0.24390558792372882 0.017044262991482338 0.010675359176377129
3 0.31763529209326336 0.24779859639830504 0.016658296891131803 0.010421908103813564
3 0.19536123150219392 0.2489340572033898 0.0164112785869074 0.011050466763771189
3 0.5626774498838509 0.24504104872881358 0.016920753839370205 0.011091018935381385
3 0.9327108696119761 0.6281779661016949 0.01647303316296361 0.009762935315148222
3 0.8087076808913362 0.24358117055084744 0.016658296891131876 0.010305320610434307
3 0.9307347231781811 0.24277012711864407 0.01614882163866914 0.01014818094544495
0 0.08951388814204593 0.5785421080508474 0.007846690820127645 0.010345872782044505
0 0.0773482366589951 0.9104210805084745 0.009270905730421363 0.011091018935381195