2 0.10392590567829524 0.7373636744966443 0.02017385227872789 0.015254692743288653
2 0.4650989943532178 0.7360790687919464 0.021121412006971155 0.014903433370910192
2 0.3438113491380779 0.7367213716442954 0.02087688046419875 0.014793037568162692
2 0.5863866395683577 0.7354367659395974 0.02052536637146325 0.014070446859270192
2 0.22325729855125545 0.7373636744966443 0.019898754293108917 0.014401634267512502
3 0.20271664895836883 0.6712064807046981 0.016246064372945238 0.010161431843802499
2 0.7081633478690423 0.7341521602348994 0.020555932814309744 0.014010230966862498
3 0.32327069954519133 0.6712064807046981 0.016368330144331512 0.010121287915530578
2 0.4633872735538106 0.3545511744966443 0.020372534157230476 0.014903433370910192
2 0.3420996283386707 0.3555146287751678 0.020953296571315064 0.014853253460570481
3 0.6871336351906109 0.6686372692953021 0.016872676451299785 0.010397277422399421
2 0.10160285602195687 0.3580838401845638 0.019593089864643302 0.014732821675755
2 0.7062070955268627 0.35262426593959734 0.01994460395737866 0.014512030070260095
2 0.5849194503117229 0.35390887164429535 0.0199751704002253 0.014180842662017596
2 0.22142331198046197 0.3571203859060403 0.020204418721574458 0.014281202482697116
3 0.44455834476033124 0.670564177852349 0.016689277794220372 0.01000587412174923
2 0.8289619299986373 0.7328675545302015 0.02087688046419875 0.014180842662017691
3 0.566335053061016 0.6699218750000001 0.016689277794220372 0.010046018050020962
3 0.32155897874578415 0.290320889261745 0.01630719725863841 0.010086161978292789
3 0.44284662396092395 0.2891968592701343 0.01707135832980237 0.01020157577207423
3 0.9297089256208906 0.6667103607382551 0.016490595915717787 0.010046018050020962
3 0.5643788007188363 0.28791225356543626 0.016490595915717787 0.0103571334941275
3 0.20137172547312032 0.29224779781879195 0.016184931487252172 0.010608033045826346
3 0.8084212804057508 0.6673526635906041 0.016872676451299785 0.010086161978292693
2 0.8274947407420026 0.3513396602348994 0.02052536637146339 0.014562209980599808
3 0.6856664459339761 0.28678822357382555 0.015986249608749514 0.009589380865929134
3 0.806954091149116 0.28614592072147654 0.015153314041180789 0.009514111000419424
3 0.9282417363642559 0.28550361786912754 0.01592511672305652 0.009739920596948367
0 0.08387431917095357 0.9075739303691277 0.009032383861157726 0.010121287915530578