3 0.1970903596317646 0.21218551377118644 0.01750742231190315 0.010584116790254257
2 0.21796340633872494 0.2782044491525424 0.020965678571044456 0.015004303495762676
2 0.3398669394734578 0.2764201536016949 0.020934801283016388 0.015531481726694949
3 0.31887038361438524 0.21056342690677965 0.017584615531973213 0.010188733117055052
2 0.46263503667297595 0.2756091101694915 0.022000067719984067 0.015531481726694949
3 0.6876687118213887 0.20715704449152542 0.017785317904155697 0.010715911347987278
3 0.44188549911812786 0.2094279661016949 0.01798602027633789 0.010345872782044505
3 0.8096957541082336 0.2065082097457627 0.017445667735847013 0.010305320610434307
3 0.564653596317646 0.20877913135593218 0.017584615531973213 0.011182261321504256
2 0.7089122859846855 0.27317597987288134 0.02093480128301653 0.014264226363877128
2 0.5858971704809429 0.27512248411016943 0.02088848535097432 0.014375744835805051
2 0.8314333648799793 0.2728515625 0.02216989280413841 0.015288168697033862
3 0.19906650606555965 0.5958090572033898 0.01724496536366475 0.010421908103813469
2 0.21993955277251998 0.6623146186440677 0.021011994503086523 0.014426435050317725
3 0.32084653004818037 0.5948358050847458 0.017584615531973213 0.010381355932203367
3 0.933204906220425 0.20553495762711863 0.017785317904155697 0.010462460275423713
2 0.34159606760302846 0.6616657838983051 0.020533396538651855 0.01500430349576277
2 0.5868852436978405 0.6593948622881356 0.02088848535097432 0.014771128509004257
3 0.5666297427514411 0.5935381355932203 0.01778531790415555 0.011182261321504256
3 0.6891508216467349 0.5925648834745763 0.018557250104856617 0.011050466763771093
2 0.7103943958100318 0.6590704449152541 0.020487080606609788 0.014325054621292375
2 0.8329154747053257 0.65809719279661 0.021490592467521333 0.014771128509004257
2 0.46436416480254666 0.660692531779661 0.021907435855899934 0.015409825211864358
3 0.4436146272476985 0.5945113877118644 0.017723563328099413 0.010188733117055145
3 0.8116719005420286 0.5915916313559322 0.01738391315979102 0.010421908103813469
3 0.9351810526542201 0.5909427966101695 0.018063213496408097 0.010148180945444854
3 0.322575658177751 0.9789459745762711 0.017723563328099486 0.0102647684388243
3 0.2010426524993547 0.9789459745762711 0.01764637010802935 0.010345872782044505
3 0.44460270046459605 0.9789459745762711 0.017723563328099413 0.010148180945445043
3 0.5681118525767874 0.9789459745762711 0.018202161292534155 0.010188733117054956
3 0.6906329314720813 0.9776483050847458 0.017924265700281897 0.010305320610434213
3 0.8126599737589262 0.9769994703389829 0.017723563328099413 0.010107628773834752
3 0.9351810526542201 0.9763506355932202 0.017306719939720813 0.009610864671610292