2 0.7076742847834976 0.27699310507550334 0.02132009388547374 0.014682641765415288
3 0.20137172547312032 0.21677721266778524 0.01760627107961707 0.010316989565855698
0 0.08326299031402243 0.9069316275167787 0.009032383861157726 0.010397277422399232
2 0.5863866395683577 0.2781171350671141 0.020953296571315064 0.014732821675755
2 0.8289619299986373 0.27619022651006714 0.02156462542824629 0.014793037568162788
3 0.3222925733741015 0.21501087982382552 0.01754513819392397 0.010397277422399327
2 0.46412086818212794 0.27892001363255037 0.02156462542824629 0.01543534042051173
2 0.3425886914242156 0.2798834679110738 0.021197828114087613 0.015495556312919424
3 0.4435802185892414 0.21372627411912754 0.01812590060800859 0.010728464830641802
3 0.686644572105066 0.21147821413590606 0.01774382007242659 0.010728464830641802
3 0.20308344627252753 0.5950935927013423 0.017468722086807546 0.010858932597525192
3 0.8079322173202059 0.21067533557046986 0.01733117309399795 0.010046018050020986
3 0.5653569268899261 0.2129233955536913 0.017606271079617142 0.010899076525796995
2 0.2219123750660069 0.2818103764681208 0.02083103079992886 0.014793037568162788
3 0.3240042941735087 0.5941301384228188 0.017468722086807546 0.010608033045826346
2 0.8309181823408169 0.6570758179530202 0.0213965099925902 0.014401634267512502
2 0.34454494376639533 0.6602873322147652 0.02072404824996598 0.01508408104813346
2 0.7091414740401323 0.6577181208053692 0.02052536637146339 0.014341418375104808
2 0.5878538288249924 0.6596450293624162 0.020280834828690843 0.014682641765415193
3 0.4452919393886486 0.5938089869966443 0.01794250195092918 0.01020157577207423
2 0.4658325889815351 0.6596450293624162 0.0213965099925902 0.01519447685088096
3 0.6886008244472457 0.5918820784395974 0.01808005094373877 0.01072846483064173
3 0.9297089256208906 0.21035418414429533 0.017468722086807692 0.010477565278942932
3 0.8098884696623856 0.5909186241610739 0.017606271079617142 0.010241719700345963
2 0.22411315895095904 0.6609296350671141 0.02067819858569609 0.014682641765415193
3 0.5668241161465609 0.5928455327181209 0.01713249121549551 0.01072846483064173
3 0.9321542410486152 0.5902763213087249 0.017942501950929324 0.010276845637583847
3 0.32571601497291597 0.9737311241610739 0.017881369065236078 0.01035713349412769
3 0.2054064959288659 0.9737311241610739 0.01754513819392393 0.010241719700345963
3 0.6900680137038804 0.973088821308725 0.01788136906523604 0.010316989565855769
3 0.5682913054031956 0.9737311241610739 0.01788136906523604 0.010527745189282693
3 0.4462700655597384 0.9737311241610739 0.01788136906523604 0.01004601805002115
3 0.8108665958334753 0.972446518456376 0.017407589201114407 0.009815190462458077
3 0.9321542410486152 0.9711619127516778 0.01713249121549551 0.009624506803166923