3 0.2058955590144108 0.9621696728187921 0.016689277794220372 0.010397277422399232
3 0.20234985164421015 0.20361000419463088 0.0170713583298023 0.01052774518928274
2 0.10300891239289853 0.2702489251258389 0.02067819858569609 0.015796635774958077
3 0.32620507805846083 0.9621696728187921 0.017010225444109236 0.01068832090237
1 0.9257964209365313 0.19750812709731547 0.010224475132173467 0.010046018050020962
1 0.9292198625353457 0.9589581585570471 0.010545422782062185 0.010086161978292693
1 0.9282417363642559 0.5764668099832215 0.010667688553448459 0.010121287915530578
3 0.6900680137038804 0.960885067114094 0.017071358329802225 0.010437421350671154
3 0.44700366018805576 0.9621696728187921 0.016689277794220372 0.010527745189282693
3 0.5687803684887406 0.9615273699664431 0.01727004020830496 0.010397277422399232
3 0.8113556589190203 0.9596004614093961 0.01661286168710406 0.010437421350671154
3 0.32302616800241885 0.2020042470637584 0.01661286168710395 0.010241719700346057
3 0.4438247501320138 0.20088021707214768 0.01687267645129964 0.010567889117554519
3 0.8084212804057508 0.19766870281040272 0.015741718065976965 0.009478985063181634
3 0.5658459899754711 0.1995956113674497 0.017132491215495364 0.010608033045826346
3 0.6871336351906109 0.1986321570889262 0.016490595915717787 0.010046018050020962
2 0.10447610164953328 0.6480835780201343 0.0209532965713151 0.01616796711147231
2 0.22276823546571053 0.26896431942114096 0.019944603957378734 0.015254692743288558
3 0.20369477512945866 0.5822475356543625 0.0170713583298023 0.010276845637583847
2 0.8294509930841822 0.26318359375000006 0.020831030799928933 0.015134260958473172
2 0.34356681759530544 0.26735856229026844 0.021197828114087613 0.015375124528104038
3 0.32424882571628116 0.5816052328020135 0.016872676451299674 0.010397277422399421
3 0.5673131792321058 0.5796783242449666 0.01687267645129964 0.010437421350671154
3 0.8098884696623856 0.5777514156879195 0.016123798601558964 0.00985031639969596
3 0.6890898875327907 0.5790360213926175 0.01675041067991351 0.010121287915530578
2 0.7081633478690423 0.26398647231543626 0.02052536637146339 0.014793037568162788
2 0.4650989943532178 0.2660739565855705 0.02173274086390238 0.015495556312919424
2 0.5863866395683577 0.2647893508808725 0.020953296571315064 0.015194476850880866
3 0.44578100247419344 0.5809629299496645 0.016490595915717787 0.010276845637583847
2 0.2247244878078902 0.6477624265939598 0.020021020064495118 0.01508408104813346
2 0.8314072454263619 0.6432663066275168 0.020724048249965835 0.014732821675755
3 0.3452785383947127 0.6471201237416108 0.020922730128468566 0.015314908635696345
3 0.710119600211222 0.6445509123322148 0.020831030799928933 0.014963649263317886
3 0.46681071515262496 0.6464778208892619 0.021442359656860015 0.015314908635696345
3 0.5883428919105373 0.6455143666107384 0.02055593281430989 0.015254692743288653
0 0.08387431917095357 0.9075739303691277 0.009139366411120672 0.010608033045826156