3 0.2016105679146936 0.2148489932885906 0.017745204919428985 0.01043624161073827
2 0.2221536129186114 0.2795637583892618 0.020951861819916172 0.01531879194630875
3 0.3222881817872109 0.21323825503355706 0.017336388103430668 0.010520134228187908
2 0.3428312267911287 0.27795302013422823 0.021041290498415806 0.01585570469798654
2 0.46436480087214266 0.2769966442953021 0.02107961707491566 0.015369127516778557
3 0.4438217558682247 0.2117953020134228 0.017464143358430155 0.010469798657718125
3 0.6871316390147516 0.20971476510067116 0.017464143358430297 0.01065436241610738
2 0.7081601539876674 0.27555369127516777 0.02076022893741683 0.014395973154362404
3 0.8084224781112663 0.20907718120805371 0.01741304125643059 0.010117449664429519
2 0.5863838449221546 0.27667785234899334 0.020555820529417852 0.014228187919463077
3 0.20320750860218717 0.5938087248322149 0.01760467413892957 0.010687919463087307
3 0.5653553299492385 0.2113255033557047 0.017336388103430737 0.011157718120805361
2 0.8294509930841822 0.2744295302013423 0.021731168875413022 0.01479865771812077
2 0.22410826832010358 0.6596476510067114 0.020836882090416682 0.014228187919463077
3 0.9301987871767793 0.2084228187919463 0.017540796511429715 0.010604026845637573
2 0.34454314720812185 0.659010067114094 0.020632473682417416 0.014966442953020001
3 0.32400010220420405 0.5934899328859061 0.017745204919428985 0.010654362416107498
3 0.4455336762852179 0.5931711409395973 0.01754079651142986 0.010083892617449616
2 0.7091438694511636 0.6564261744966444 0.020376963172418584 0.014127516778523462
3 0.6886008244472457 0.5909228187919463 0.018371205668926784 0.010654362416107498
3 0.8098916635437606 0.590268456375839 0.017464143358430297 0.010318791946308655
3 0.5673099853507308 0.5921979865771813 0.017745204919428985 0.010771812080536923
2 0.5873675603856505 0.6570805369127517 0.02040251422341844 0.014731543624160964
2 0.8309201785166764 0.6554697986577183 0.02161618914591361 0.014563758389261732
2 0.46583398630463674 0.6583557046979867 0.021322352059414778 0.015369127516778462
3 0.9316679726092735 0.5896308724832215 0.017885735699928542 0.010318791946308655
3 0.44651739174871397 0.9730872483221479 0.017272510475930886 0.010318791946308845
3 0.32546928763669813 0.9730872483221479 0.017464143358430155 0.010318791946308845
3 0.20528991925867887 0.9730872483221479 0.017668551766429275 0.010167785234899232
3 0.6900700098797397 0.9724496644295304 0.018013490954927956 0.010285234899329225
3 0.5687791707832249 0.9730872483221479 0.018077368582427665 0.010520134228188075
3 0.8108626034817566 0.9718120805369129 0.017272510475930886 0.00978187919463077
3 0.9321534425782715 0.9705201342281878 0.01713197969543147 0.009697986577181154