2 0.2224525859287619 0.7036943855932203 0.02025550094639938 0.014710300251589009
2 0.34423260991138255 0.7023967161016949 0.020764976198862188 0.01500430349576277
2 0.7127839198141614 0.7010990466101695 0.02040988738653958 0.014264226363877128
2 0.4667536888066764 0.7023967161016949 0.021212696875268933 0.01534899695444911
2 0.589768804310419 0.7017478813559321 0.020533396538651855 0.01465961003707624
2 0.8348109621010066 0.6991525423728813 0.02136708331540906 0.014710300251589009
0 0.09369429485180245 0.6128575211864407 0.0076382691259383444 0.011577644994703368
2 0.22047643949496684 0.31861096398305083 0.02030181687844145 0.014710300251589009
2 0.3425034817818119 0.3171510858050848 0.021459715179493192 0.015054993710275445
2 0.7108077733803665 0.3140691207627118 0.02073409891083405 0.01517665022510594
2 0.5877926578766239 0.31536679025423725 0.020487080606609788 0.014710300251589009
2 0.46527157898133015 0.316015625 0.020734098910834192 0.015237478482521188
2 0.10129010770670223 0.7036943855932203 0.019869534846048777 0.016078936043432274
2 0.8333288522756603 0.3130958686440678 0.02136708331540906 0.015054993710275445
2 0.10005501618558031 0.32039525953389825 0.019607077897810375 0.015054993710275445
3 0.20182655752602596 0.6381620762711865 0.016210576214725134 0.010421908103813469
3 0.3229890357480857 0.6375132415254237 0.015855487402402595 0.010584116790254257
3 0.5695133033640196 0.6362155720338983 0.01560846909817812 0.010462460275423762
3 0.6920343822593134 0.6352423199152541 0.015786013504339568 0.010675359176377129
3 0.4462511695560526 0.6371888241525424 0.01512987113374338 0.009991041280455496
3 0.8145554611546073 0.6339446504237288 0.016287769434795343 0.010634807004767027
3 0.1998504110922309 0.25356528072033896 0.017044262991482408 0.011314055879237325
3 0.937076540049901 0.6329713983050848 0.015901803334444593 0.00987445378707624
3 0.5675371569302246 0.24951006355932204 0.016411278586907472 0.010503012447033862
3 0.44452204142648194 0.2509699417372881 0.015369170115960822 0.010107628773834752
3 0.8130733513292608 0.24788797669491525 0.014674431135329676 0.009991041280455496
3 0.6900582358255183 0.24853681144067796 0.015963557910500872 0.010381355932203367
3 0.935100393616106 0.2474013506355932 0.015075835879694351 0.010264768438824111
3 0.32175394422696374 0.2525920286016949 0.01572425892828329 0.010503012447033862