3 0.2024011483753099 0.19992759369720373 0.016912436382617715 0.010567872289073537
2 0.10112227587106876 0.26840326862738334 0.021075296881117048 0.016050063786504806
2 0.47290878246117696 0.6556218322242526 0.021779981730392885 0.01573975106023519
2 0.34877985123319843 0.6562769368685998 0.0209708991256689 0.015670792676619683
2 0.7214406890251859 0.6536392786953074 0.021244943233720524 0.015015688032272512
3 0.3260472399843403 0.19827259249043203 0.016912436382617784 0.01036099713822705
2 0.5970507634085866 0.654639175257732 0.020762103614772168 0.015498396717580902
2 0.2256296489625473 0.6569492811088508 0.020331462873548173 0.015550115505292537
2 0.8448388359650266 0.652329069406613 0.020840401931358533 0.015015688032272512
2 0.3470311888294402 0.26526566217287867 0.021284092392013492 0.01542943833396539
3 0.697964243768759 0.19480743371375372 0.016599243116272904 0.01036099713822705
3 0.5740702074905389 0.19596248663931315 0.017173430771238375 0.010516153501361902
3 0.8213623907085996 0.19382477674723303 0.016142502936186767 0.00977485087749539
3 0.4499412762625603 0.19696238320173773 0.017108182174083334 0.010447195117746439
3 0.32728696333028834 0.5886460021377098 0.016781939188307417 0.010602351480881293
2 0.22363304188959934 0.2669034237837465 0.020527208665013723 0.01542943833396539
2 0.4711601200574187 0.2639382132882805 0.021897429205272073 0.015550115505292537
2 0.7194440819522379 0.26195565975933516 0.02104919744225512 0.015308761162638341
3 0.20452825264256816 0.5896286591042305 0.016716690591152307 0.010602351480881293
2 0.595563095393449 0.26262800399958625 0.021166644917134304 0.015739751060235098
3 0.5755709252251076 0.5869910009309381 0.01659924311627305 0.010395476330034757
2 0.10280568967767191 0.6572768334310243 0.021284092392013565 0.016050063786504806
2 0.8428422288920787 0.2611281591559494 0.020918700247944753 0.015619073888908049
3 0.4511809996085084 0.5879736578974588 0.016077254339031725 0.0101196427955729
1 0.9422549915176822 0.19332482846602075 0.010244029753360199 0.010516153501361902
3 0.8233589977815478 0.5850084474019928 0.015959806864152538 0.009964486432438
3 0.6994649615033276 0.5859911043685135 0.016390447605376317 0.0101196427955729
1 0.9447474879290095 0.5836809985173946 0.010126582278481013 0.009654173706168388
0 0.08144329896907215 0.9232320794400578 0.009082604723998437 0.011240216529324583