2 0.22252370392293805 0.7020370176174497 0.020601782478579706 0.014682641765415193
2 0.3430777545097605 0.7013947147651007 0.0206323489214262 0.014853253460570386
2 0.46460993126767286 0.7007524119127517 0.020754614692812475 0.014682641765415193
2 0.5863866395683577 0.7007524119127517 0.020479516707193432 0.014512030070260001
2 0.7076742847834976 0.6994678062080537 0.020372534157230476 0.014231022572357309
3 0.4435802185892414 0.635558672399329 0.016429463030024648 0.010121287915530578
3 0.3222925733741015 0.6362009752516778 0.016184931487252134 0.009965730193477308
2 0.8289619299986373 0.6975408976510068 0.020724048249965835 0.014281202482697116
3 0.686644572105066 0.6336317638422819 0.016246064372945238 0.009549236937657307
2 0.10068586273656016 0.3230783347315436 0.019531956978950202 0.015615988097734904
2 0.10300891239289853 0.7020370176174497 0.020097436171611506 0.01585685166736577
3 0.8079322173202059 0.632989460989933 0.01592511672305652 0.009624506803166923
2 0.34136603371035334 0.3201879718959732 0.02099914623558488 0.014793037568162788
3 0.20149399124450654 0.636843278104027 0.016490595915717714 0.010437421350671154
2 0.5844303872261779 0.3181004876258389 0.02072404824996598 0.014622425873007595
2 0.46265367892549314 0.31906394190436244 0.02052536637146325 0.014903433370910192
0 0.08344638897110178 0.9075739303691277 0.008795493929096902 0.010316989565855769
2 0.22081198312353081 0.3216331533137584 0.02037253415723055 0.014401634267512595
3 0.4421130293326066 0.25435192953020136 0.016612861687103915 0.010477565278942981
2 0.7062070955268627 0.31713703334731547 0.02060178247857956 0.014622425873007595
3 0.9267745471076212 0.2504981124161074 0.01562709390530242 0.009624506803166923
3 0.9287307994498009 0.631704855285235 0.016246064372945238 0.01000587412174923
3 0.6846883197628864 0.25194329383389263 0.01655172880141078 0.009815190462458077
3 0.19990453621648555 0.2564394138003356 0.016368330144331512 0.010608033045826346
3 0.806465028063571 0.2511404152684564 0.01586398383736324 0.009514111000419424
2 0.8270056776564576 0.3163341547818792 0.020754614692812475 0.014622425873007595
3 0.5653569268899261 0.6352375209731544 0.016429463030024648 0.010939220454068845
3 0.5634006745477464 0.25354905096476515 0.016490595915717787 0.011461091521602308
3 0.32082538411746675 0.2556365352348994 0.015802850951670173 0.009815190462458077