3 0.18324749017896116 0.1983793103448276 0.016643387167175876 0.009896551724137954
3 0.6801527717154081 0.19250000000000003 0.01632911392405075 0.011155172413793081
3 0.4312614578786556 0.19451724137931034 0.016525534701003944 0.011965517241379332
3 0.5558315146224357 0.1931551724137931 0.01659100829332158 0.011586206896551706
3 0.18475338280226977 0.5865344827586207 0.016329113924050676 0.011465517241379265
3 0.3081972937581842 0.5862068965517242 0.015661283282409462 0.011206896551724223
3 0.6821562636403319 0.583896551724138 0.016708860759493727 0.010948275862068991
3 0.9292797904845046 0.19034482758620694 0.0174945438673068 0.011155172413793081
3 0.43334351811436056 0.5852068965517242 0.016774334351811363 0.011551724137931197
3 0.8054692274116108 0.5832241379310344 0.01632911392405075 0.01
3 0.5573374072457442 0.5845517241379311 0.017704059362723696 0.01110344827586213
3 0.9312963771278918 0.5822413793103448 0.01632911392405075 0.010948275862068991
2 0.3277477084242689 0.2637758620689656 0.020637276298559524 0.015379310344827578
2 0.8255172413793104 0.25850000000000006 0.020833697075512865 0.014965517241379303
2 0.20418594500218246 0.2646034482758621 0.020480139676996925 0.015500000000000019
2 0.576887821911829 0.2604827586206897 0.02078131820165864 0.014396551724137983
2 0.7017066783064165 0.2596551724137931 0.02205150589262314 0.014913793103448257
2 0.4525665648188565 0.262948275862069 0.021069402007856872 0.014568965517241376
2 0.20618943692710612 0.6545172413793104 0.02040157136621559 0.01513793103448279
2 0.329502400698385 0.653844827586207 0.021475338280226967 0.015499999999999924
2 0.70371017023134 0.6518793103448275 0.02180270624181601 0.015258620689655231
2 0.08142295940637279 0.2664137931034483 0.019864687909209935 0.015258620689655231
2 0.45382365779135747 0.6531896551724139 0.020964644260148425 0.015086206896551744
2 0.5788913138367525 0.6528620689655174 0.021475338280226967 0.015206896551724185
3 0.1870056743780009 0.9752758620689655 0.017376691401134868 0.010362068965517134
2 0.827520733304234 0.6512068965517241 0.02131820165866429 0.015206896551724185
3 0.6831514622435618 0.9747241379310346 0.01797904845045823 0.010603448275862395
3 0.4352684417285029 0.975948275862069 0.017704059362723696 0.010603448275862395
3 0.5593408991706679 0.9752758620689655 0.017900480139676895 0.010327586206896437
3 0.8074727193365342 0.9739655172413793 0.01697075512876485 0.010051724137930857
3 0.3102007856831078 0.9752758620689655 0.016708860759493658 0.009931034482758606
3 0.9317154081187254 0.9719827586206897 0.016774334351811363 0.010155172413793328
2 0.08155390659100831 0.6551724137931035 0.020244434744652987 0.013913793103448409
3 0.30692710606721957 0.19617241379310346 0.017010039284155374 0.010396551724137879
3 0.8042776080314274 0.1920344827586207 0.01707551287647301 0.008862068965517219