3 0.4496726320384112 0.2141206896551724 0.017979048450458373 0.01098275862068969
3 0.4506329113924051 0.9933333333333333 0.020253164556962026 0.013333333333333334
3 0.20178961152335226 0.21708620689655173 0.01804452204277608 0.010637931034482809
3 0.32561326931470974 0.21560344827586211 0.017429070274989023 0.010758620689655156
2 0.470977738978612 0.2811034482758621 0.021894369271060758 0.015982758620689593
3 0.20379746835443038 0.9933333333333333 0.017721518987341773 0.013333333333333334
2 0.22309471846355305 0.28375862068965524 0.021200349192492363 0.015379310344827578
2 0.346407682234832 0.2821034482758621 0.02135748581405496 0.016224137931034572
3 0.5747402880838063 0.21313793103448278 0.017638585770405918 0.011413793103448266
3 0.6990615451767788 0.2116379310344828 0.017900480139677183 0.010948275862068991
3 0.5759493670886076 0.9933333333333333 0.017721518987341773 0.013333333333333334
3 0.7025709297250109 0.9947586206896553 0.018332605848974386 0.010448275862068689
2 0.720615451767787 0.2791379310344828 0.02152771715408119 0.015086206896551744
3 0.8263945875163685 0.9941034482758623 0.017704059362723696 0.010206896551724185
3 0.8233828022697512 0.21082758620689657 0.017560017459624724 0.010396551724137879
2 0.8449367088607594 0.27813793103448275 0.0221955477957224 0.015500000000000019
2 0.5957965953731995 0.28012068965517245 0.020964644260148425 0.014620689655172422
3 0.5762461807071149 0.6056724137931035 0.017979048450458373 0.011206896551724223
3 0.32736796158882586 0.6070000000000001 0.0174945438673068 0.010862068965517249
3 0.2034264513312964 0.6079827586206896 0.017494543867306873 0.010758620689655156
3 0.7010650371017024 0.6046896551724139 0.018332605848974386 0.010896551724137945
2 0.3484111741597556 0.6746551724137932 0.021802706241815722 0.015620689655172366
2 0.5973024879965081 0.6739827586206897 0.021069402007856872 0.014913793103448257
2 0.4729812309035356 0.6739827586206897 0.022352684417285076 0.01555172413793097
3 0.4519380183326059 0.6066724137931034 0.017769532955041478 0.010396551724137832
2 0.2249803579223047 0.6753103448275862 0.021147970318638135 0.014913793103448257
3 0.825386294194675 0.6036896551724138 0.017704059362723696 0.01068965517241395
2 0.7226189436927107 0.6726724137931035 0.021894369271060758 0.014517241379310234
3 0.9482016586643387 0.21015517241379308 0.01784810126582296 0.01098275862068969
2 0.8469402007856831 0.671344827586207 0.021357485814054816 0.014517241379310234
3 0.9507027498908773 0.9927758620689656 0.01825403753819305 0.009931034482758606
3 0.9502051505892624 0.6030344827586207 0.01810999563509379 0.010482758620689765
3 0.3278481012658228 0.9933333333333333 0.017721518987341773 0.013333333333333334