3 0.32708662974683544 0.9803103885135136 0.017818486164417988 0.010346283783783671
2 0.2253017888834246 0.6647487331081081 0.020412219292571865 0.014054375725823434
3 0.20663918838735887 0.9803103885135136 0.017818486164417988 0.010310920509132302
3 0.2024646593290284 0.21711029877533786 0.0174808404317589 0.010346283783783767
3 0.5711737993927473 0.98095703125 0.018125436830471648 0.010154311721389225
3 0.6929718236828601 0.9796637457770271 0.01795661396414214 0.010310920509132302
3 0.44839353297126244 0.98095703125 0.01768035836469383 0.010189674996040973
2 0.2233373046206808 0.28322951858108114 0.02025874395954496 0.015064755001583592
3 0.8142787269072871 0.9790171030405407 0.017618968231483127 0.010154311721389225
2 0.468283936131543 0.6634554476351352 0.021455851557154397 0.015600256017736456
3 0.3238943428198769 0.21549369193412166 0.017342712632034747 0.010467529296875
2 0.3445214275786863 0.28128959037162166 0.020719169958625525 0.015963992557010157
2 0.3462403513085871 0.6641020903716217 0.020642432292112073 0.014892990524704336
2 0.5903275209544989 0.6621621621621623 0.020887992824955032 0.01478184880437084
3 0.4456923671099898 0.21436206714527026 0.017741748497904535 0.010679708944784636
2 0.4663194518687992 0.28048128695101354 0.021578631823575948 0.015963992557010157
3 0.6900250972887445 0.21209881756756757 0.017618968231483127 0.010720124115815017
3 0.5677359519329457 0.21323044235641894 0.017480840431758828 0.011184898582664715
3 0.8118231215788575 0.2114521748310811 0.017618968231483127 0.010427114125844572
2 0.5888541577574411 0.27999630489864863 0.020765212558533624 0.014438319850612325
2 0.7111433031132398 0.27821803737331086 0.021287028690824893 0.015004132245038023
2 0.7126166663102977 0.6611921980574325 0.020611737225506865 0.014438319850612325
3 0.2040608027925077 0.5991144953547298 0.017204584832310518 0.01072012411581511
2 0.8344146906004106 0.660545555320946 0.0216553694900894 0.015004132245038023
2 0.8329413274033528 0.27740973395270274 0.021870234956327006 0.015600256017736456
3 0.3256132665497776 0.5981445312500001 0.01740410276524552 0.010467529296875
3 0.9341122669346562 0.210643871410473 0.017542230564969678 0.010720124115815017
3 0.9360767511974001 0.9777238175675678 0.017618968231483127 0.009916872591585767
3 0.5697004361956894 0.5968512457770271 0.01795661396414214 0.01084136962890625
3 0.6919895815514883 0.5958812816722973 0.018156131897077 0.01072012411581511
3 0.44765685137273353 0.5974978885135136 0.018018004097352845 0.009881509316934208
3 0.8137876058416011 0.5949113175675677 0.017480840431758973 0.010467529296875
3 0.9360767511974001 0.5945879961993245 0.01768035836469383 0.010154311721389414