3 0.6884045448654251 0.9805119453924914 0.018481876701084327 0.010494880546075365
3 0.4418153540415604 0.981160409556314 0.01814489998703942 0.010375426621160387
3 0.5653562016676026 0.981160409556314 0.01839115220114919 0.010375426621160387
3 0.19696288935931222 0.981160409556314 0.01785976584438582 0.010290102389078584
3 0.19286732621938046 0.21177474402730373 0.017717198773059165 0.01049488054607508
2 0.2139542921328898 0.27709897610921497 0.020672225342376994 0.014863481228668908
2 0.5847064414394954 0.6617235494880546 0.02106104462781349 0.014812286689419618
3 0.811452888063248 0.9791979522184299 0.017794962630146478 0.010136518771331187
2 0.46116559381345307 0.662372013651877 0.021631312913120548 0.015153583617747397
2 0.3363805244740139 0.27515358361774744 0.02113880848490073 0.015699658703071672
3 0.3155398107746144 0.20998293515358363 0.017522789130340846 0.010494880546075032
2 0.7087397934937573 0.6610580204778157 0.021579470341729103 0.014249146757679227
2 0.3381172506156305 0.6630204778156996 0.02102216269926994 0.015153583617747397
2 0.4596751198859463 0.27433447098976105 0.02146282455609788 0.015460750853242283
3 0.4388344061865468 0.20868600682593855 0.01814489998703942 0.010699658703071673
3 0.6854235970104117 0.2062286689419795 0.01771719877305938 0.010955631399317411
2 0.7067568151380307 0.27220136518771326 0.0213072968419234 0.015102389078498295
3 0.5623752538125891 0.20769624573378836 0.01745798591610143 0.011126279863481253
3 0.1948632652179548 0.5970477815699659 0.017794962630146478 0.01098976109215035
3 0.8084719402082342 0.2052559726962457 0.017587592344580117 0.010341296928327637
2 0.2159502311314641 0.6636689419795222 0.021462824556097954 0.014863481228669002
2 0.8298051583358534 0.2712286689419795 0.02209789605564443 0.015580204778156978
2 0.8317881366915798 0.6594368600682593 0.02150170648464143 0.014470989761092217
2 0.5832159675119886 0.2735153583617747 0.020542618913898164 0.014522184300341318
3 0.9320127878342765 0.20476109215017063 0.01766535620166779 0.010580204778156977
3 0.31727653691623103 0.596382252559727 0.017717198773059092 0.010750853242320772
3 0.687406575366138 0.5940955631399316 0.018274506415517967 0.010955631399317364
3 0.5638657277400958 0.5950853242320819 0.01785976584438582 0.010870307167235561
3 0.4405711323281635 0.5960580204778156 0.018067136129952182 0.01022184300341299
3 0.8104549185639607 0.5931228668941979 0.017587592344580117 0.010614334470989775
3 0.9344882706182225 0.9785494880546073 0.01785976584438582 0.00955631399317402
3 0.933995766190003 0.5927986348122866 0.017924569058625165 0.010460750853242379
3 0.31968721648593773 0.9825767918088735 0.018170821272735074 0.012627986348123083