3 0.20249207917419004 0.21666107382550337 0.01605883555343579 0.011174496644295312
2 0.22239634790311044 0.2818791946308725 0.02060692263141756 0.01520134228187923
2 0.34307396177562777 0.2800503355704698 0.020632473682417416 0.015620805369127501
2 0.4646075358566416 0.2789261744966443 0.021271249957414924 0.015369127516778557
2 0.7081601539876674 0.2769966442953021 0.02076022893741683 0.014731543624161058
3 0.32278642728170887 0.21404362416107384 0.016876469185432497 0.01043624161073827
2 0.5863838449221546 0.27812080536912753 0.020530269478418 0.014899328859060385
3 0.4443200013627228 0.21276845637583894 0.01793683780192825 0.010402684563758365
3 0.6871316390147516 0.2106711409395973 0.017604674138929424 0.01065436241610738
2 0.8294509930841822 0.2761912751677853 0.021194596804415076 0.014966442953020192
3 0.8084224781112663 0.20971476510067116 0.017336388103430595 0.01023489932885904
3 0.20369297857118523 0.5947651006711411 0.017208632848431177 0.010771812080536923
3 0.5658407999182368 0.21179530201342286 0.017272510475930886 0.010805369127516779
2 0.22472149354410115 0.6596476510067114 0.020836882090416682 0.014177852348993459
2 0.34478588219262085 0.659010067114094 0.020134228187919465 0.014563758389261732
2 0.5878530303546486 0.6577181208053692 0.020555820529417852 0.0143959731543625
2 0.46631945627363475 0.659010067114094 0.021245698906415072 0.01501677852349
3 0.9301987871767793 0.20939597315436242 0.017540796511429715 0.010654362416107356
3 0.324498347698702 0.5941275167785236 0.017336388103430668 0.01040268456375846
3 0.6890862944162437 0.5918791946308725 0.017809082546928836 0.010570469798657693
2 0.7101148093891596 0.6577181208053692 0.020926310768916535 0.013590604026845768
3 0.8103771335127586 0.5909228187919463 0.017668551766429133 0.010285234899328847
3 0.5678082308452288 0.5928523489932886 0.01760467413892957 0.01060402684563769
2 0.8314056484856744 0.6561073825503356 0.02136067863591449 0.014345637583892502
3 0.9321534425782715 0.590268456375839 0.017540796511430007 0.010318791946308655
3 0.44603192177971596 0.5941275167785236 0.016608183149933523 0.01
3 0.6900700098797397 0.9743791946308726 0.01793683780192825 0.01
3 0.20614587946717547 0.9743791946308726 0.018051817531427813 0.00978187919463077
3 0.44700286171771203 0.97501677852349 0.01766855176642942 0.010083892617449616
3 0.5687791707832249 0.9743791946308726 0.017809082546928836 0.009932885906040382
3 0.8113608489762547 0.9730872483221479 0.017208632848431177 0.009932885906040382
3 0.3259547576056962 0.9743791946308726 0.01760467413892957 0.009815436241610768
3 0.9326389125472695 0.9724496644295304 0.017464143358430297 0.009664429530201156