2 0.8443599413741332 0.7161267605633802 0.022199184957460472 0.014647887323943677
2 0.7170899764066632 0.7167957746478872 0.02132784013727055 0.014137323943661878
2 0.3347706799170658 0.7194894366197183 0.021461893186530284 0.01482394366197184
2 0.4617859440909416 0.7181514084507042 0.021783620504754363 0.014982394366197128
2 0.20802352184171016 0.7194894366197183 0.02009455208407805 0.01436619718309847
2 0.5893106098520055 0.7174647887323943 0.02088546507471235 0.013714788732394255
2 0.08017712876242225 0.3220246478873239 0.020965896904268227 0.015281690140845114
2 0.20622721098162577 0.32135563380281684 0.020845249159934215 0.014366197183098658
2 0.587768999785515 0.31679577464788733 0.02044309001215415 0.014260563380281704
2 0.8428183313076428 0.31477112676056335 0.021864052334310345 0.014771126760563314
2 0.7150389647529849 0.3157922535211267 0.02108654464860231 0.014313380281690134
2 0.46024433402445125 0.3176408450704225 0.021461893186530284 0.014771126760563314
2 0.3327196682633874 0.31966549295774643 0.021381461356974444 0.01522887323943659
2 0.08204046614713663 0.7201584507042252 0.021461893186530318 0.01540492957746475
3 0.5682642811181812 0.6490669014084507 0.01710516908557938 0.010950704225352107
3 0.43997551297633514 0.6497359154929577 0.01742689640380346 0.010669014084506899
3 0.4384339029098448 0.2502464788732394 0.017708407807249693 0.011302816901408524
3 0.31245084721527133 0.6504049295774648 0.017708407807249547 0.011091549295774522
3 0.695534246085651 0.6477112676056337 0.017708407807249547 0.010950704225352107
3 0.5657038678773146 0.24839788732394363 0.017507328233359445 0.01133802816901408
3 0.9480231643669121 0.2460387323943662 0.0165823621934652 0.010580985915492912
3 0.31117734324730106 0.25125 0.01664938871809535 0.010580985915492912
3 0.6934832344319726 0.24737676056338026 0.017306248659469628 0.010985915492957759
3 0.8222948094659325 0.6467077464788732 0.017306248659469628 0.01073943661971839
3 0.18428272681775934 0.25276408450704224 0.017172195610209464 0.011214788732394348
3 0.1860790376778437 0.650757042253521 0.017708407807249547 0.010950704225352107
3 0.8207531993994422 0.24670774647887322 0.01664938871809557 0.010457746478873275
3 0.9500741760205905 0.646038732394366 0.016917494816615322 0.01061619718309847
0 0.06189229284335454 0.943257042253521 0.009330092228497906 0.011338028169014176