2 0.21709686562051414 0.667280108954246 0.02169961890741222 0.01598324351683447
1 0.0959536694179825 0.27856762662483187 0.014502838823730928 0.015024248905824393
3 0.32113014648310056 0.9880174033720649 0.0176406973851625 0.010600499571164938
3 0.19436690509591542 0.21026246207288898 0.017500196255546115 0.01016224934570348
3 0.19836338167166903 0.9873574500913698 0.01798414459089126 0.010523161296083591
2 0.34061296978989947 0.6666201556735509 0.02190256498352474 0.01616885537702993
3 0.6925526882422027 0.9866974968106745 0.017921699644395193 0.0102808347008285
3 0.3176332294793162 0.2089425555114988 0.017578252438666286 0.010322081780871841
3 0.5686619143938405 0.9873574500913698 0.01818709066700378 0.010322081780871935
2 0.46450374363826175 0.6659602023928558 0.021652785197540186 0.015921372896769315
3 0.44502092033146284 0.9880174033720649 0.018436870452988335 0.010523161296083591
2 0.5891438568445778 0.6653002491121608 0.022121122296261224 0.015086119525889547
2 0.71303463069294 0.6639803425507705 0.021699618907412146 0.015086119525889547
3 0.4415240033276784 0.2076226489501086 0.017984144590891333 0.01089954090148004
3 0.5656645569620252 0.20597276574837084 0.01778119851477874 0.011023282141610347
3 0.8139456642307189 0.20399290590628555 0.01764069738516257 0.009775557970296172
2 0.8369254045413024 0.6633203892700755 0.02202745487651716 0.015550149176378392
1 0.09776457286637087 0.6679400622349412 0.013636415191096828 0.015137678375943842
3 0.8169430216625341 0.9853775902492844 0.017921699644395193 0.009775557970296219
3 0.19586558381182304 0.5999648743233458 0.017375306362553838 0.010641746651208565
2 0.21522351722562963 0.2770827317432679 0.02137178293830742 0.015550149176378297
2 0.33886451128800726 0.27543284854153016 0.021777675090532463 0.016354467237225487
2 0.7110363924050631 0.2719680938178809 0.0219493986933967 0.01573576103657376
3 0.6895553308103874 0.20514782414750196 0.017172360286441243 0.009698219695214729
2 0.587145618556701 0.27312301205909734 0.02207428858638912 0.01585950227670416
2 0.8344276066814562 0.271143152217012 0.021449839121427592 0.015436719706258848
3 0.44327246182957064 0.5986449677619555 0.018327591796620094 0.010940787981523474
3 0.31938168798120836 0.5996348976829982 0.01784364346127502 0.01028083470082831
2 0.4630050649223541 0.27477289526083504 0.021168836862194968 0.01526141961607415
3 0.9378364380790812 0.20316796430541664 0.01770314233165871 0.010559252491121598
3 0.8159439025185957 0.5960051546391751 0.01818709066700378 0.009888987440415668
3 0.6915535690982644 0.5969950845602179 0.017921699644395193 0.010641746651208565
3 0.5671632356779328 0.5976550378409129 0.018967652498205655 0.011157335151751513
3 0.9403342359389272 0.9847176369685893 0.016969414210328795 0.010399420055953283
3 0.9398346763669579 0.5950152247181325 0.017921699644395193 0.010481914216040155
0 0.07753241020161816 0.9187223088990794 0.009483826249102828 0.01068299373125181