3 0.18270042194092828 0.21381944444444448 0.017932489451476817 0.010225694444444381
3 0.30758175105485236 0.2113888888888889 0.018103902953586545 0.010677083333333334
3 0.18467827004219411 0.6033506944444444 0.018103902953586545 0.010833333333333334
3 0.8088212025316456 0.20708333333333337 0.01776107594936709 0.01059027777777781
3 0.6841376582278482 0.20774305555555558 0.018169831223628786 0.011180555555555523
3 0.4327663502109705 0.21022569444444447 0.018169831223628644 0.011319444444444382
3 0.5584520042194092 0.20890625 0.018235759493670886 0.011284722222222238
3 0.30934862869198315 0.60234375 0.01823575949367096 0.010677083333333334
3 0.9345068565400845 0.20640625000000004 0.018169831223628786 0.01097222222222219
3 0.8108386075949369 0.5990277777777778 0.017892932489451285 0.010642361111111049
3 0.6856540084388186 0.6000173611111111 0.018855485232067416 0.011024305555555619
3 0.4347837552742616 0.602013888888889 0.01863132911392405 0.010277777777777714
3 0.5604694092827005 0.6010243055555556 0.01838080168776376 0.011145833333333334
3 0.9370253164556962 0.5980208333333333 0.01845991561181425 0.01046875
2 0.20411392405063294 0.2809201388888889 0.02126845991561179 0.015243055555555524
2 0.7058412447257384 0.27536458333333336 0.02167721518987342 0.015243055555555524
2 0.328784282700422 0.2786805555555556 0.02167721518987342 0.016041666666666666
2 0.8305247890295359 0.27484375 0.022204641350210778 0.015607638888888952
2 0.4542194092827005 0.27767361111111116 0.02179588607594937 0.015850694444444476
2 0.5801555907172996 0.2771875 0.021598101265822785 0.015017361111111047
2 0.20625 0.6721354166666667 0.02126845991561179 0.015190972222222286
2 0.832542194092827 0.6674826388888889 0.022006856540084486 0.015416666666666667
2 0.707357594936709 0.6688020833333335 0.020899261603375335 0.014947916666666667
2 0.5811708860759494 0.6691493055555556 0.020925632911392406 0.015190972222222286
2 0.3305511603375528 0.6714756944444444 0.02126845991561186 0.015850694444444383
2 0.45598628691983123 0.6707986111111112 0.022600210970464087 0.016041666666666666
3 0.435126582278481 0.9947916666666666 0.018459915611814395 0.010416666666666666
3 0.6869725738396625 0.9947916666666666 0.01845991561181425 0.010416666666666666
3 0.18723628691983124 0.9947916666666666 0.018459915611814322 0.010416666666666666
3 0.30986286919831224 0.9947916666666666 0.018459915611814322 0.010416666666666666
3 0.8118407172995782 0.9938020833333333 0.018024789029536057 0.010347222222222474
3 0.5617088607594938 0.9947916666666666 0.018459915611814395 0.010416666666666666
3 0.9370253164556962 0.9931423611111111 0.017352320675105677 0.009548611111111237