3 0.2019810581541921 0.20296979865771814 0.01655708104793374 0.010285234899328847
2 0.10283020474908869 0.26961409395973157 0.02063247368241749 0.015620805369127501
2 0.4668049262426328 0.6464765100671142 0.021322352059414778 0.015318791946308655
2 0.3452841276871189 0.6471140939597316 0.020530269478418 0.015251677852349039
2 0.7101148093891596 0.6445469798657718 0.02079855551391683 0.014614093959731539
3 0.3230291622662079 0.2013590604026846 0.01655708104793378 0.010083892617449663
2 0.5883385003236467 0.645520134228188 0.020325861070418588 0.015083892617449616
2 0.22472149354410115 0.6477684563758389 0.019904268728920343 0.015134228187919424
2 0.8309201785166764 0.643271812080537 0.020402514223418294 0.014614093959731539
2 0.3435722072701258 0.2665604026845638 0.02083688209041654 0.015016778523489904
3 0.6871316390147516 0.19798657718120807 0.016250468435934987 0.010083892617449663
3 0.5658407999182368 0.1991107382550336 0.016812591557932646 0.01023489932885904
3 0.8079370081422683 0.19703020134228189 0.015803325043436744 0.009513422818791924
3 0.4443200013627228 0.2000838926174497 0.016748713930433083 0.010167785234899328
3 0.3242428371887031 0.5812919463087249 0.01642932579293429 0.010318791946308655
2 0.22276683814260895 0.2681543624161074 0.020095901611419612 0.015016778523489904
2 0.4650930058256397 0.26526845637583896 0.021437331788914195 0.015134228187919424
2 0.7081601539876674 0.2633389261744966 0.020606922631417706 0.014899328859060385
3 0.20406346881068374 0.5822483221476511 0.016365448165434546 0.010318791946308655
2 0.5868820904166525 0.26399328859060406 0.020721902360917123 0.01531879194630875
3 0.5673099853507308 0.5796812080536914 0.016250468435934987 0.010117449664429425
2 0.10447824753858209 0.6480872483221477 0.020836882090416647 0.015620805369127501
2 0.8289655231151841 0.2625335570469799 0.020479167376418 0.01520134228187923
3 0.4455336762852179 0.5806375838926175 0.01573944741593718 0.009848993288590577
1 0.9262894763737948 0.19654362416107385 0.01002878751745988 0.01023489932885904
3 0.8098916635437606 0.577751677852349 0.01562446768643762 0.009697986577181154
3 0.6886008244472457 0.5787080536912753 0.016046060027935863 0.009848993288590577
1 0.9287296017442853 0.5764597315436242 0.009913807787960463 0.009395973154362499
0 0.08356471229516574 0.9069295302013423 0.008891765747964428 0.010939597315436155