2 0.7081633478690423 0.27699310507550334 0.021442359656860015 0.014793037568162788
3 0.20161625701589275 0.21661663695469802 0.01754513819392393 0.010437421350671154
2 0.5863866395683577 0.2782777107802014 0.02087688046419875 0.014682641765415288
2 0.8289619299986373 0.2763508022231544 0.021778590528172197 0.014903433370910192
0 0.08326299031402243 0.9069316275167787 0.009001817418311157 0.010527745189282693
3 0.32253710491687393 0.21485030411073827 0.01760627107961707 0.010397277422399327
2 0.46436539972490043 0.27924116505872487 0.021442359656860015 0.015495556312919424
3 0.4435802185892414 0.21356569840604028 0.01794250195092918 0.010768608758913582
3 0.6871336351906109 0.21131763842281884 0.017606271079617142 0.010808752687185409
2 0.34283322296698804 0.28004404362416113 0.02124367777835743 0.015796635774958077
2 0.22215690660877938 0.2819709521812081 0.02067819858569609 0.014853253460570481
3 0.20308344627252753 0.5938089869966443 0.01774382007242659 0.010608033045826346
3 0.8084212804057508 0.2105147598573826 0.01713249121549551 0.010046018050020986
3 0.5653569268899261 0.2126022441275168 0.01804948450089213 0.01110983214922399
2 0.7096305371256773 0.6561123636744968 0.020250268385844202 0.014180842662017691
2 0.34454494376639533 0.6583604236577182 0.02099914623558488 0.014903433370910192
3 0.3240042941735087 0.5931666841442954 0.017606271079617104 0.0103571334941275
2 0.8309181823408169 0.6551489093959733 0.02132009388547374 0.014401634267512502
3 0.9301979887064356 0.21003303271812082 0.01788136906523604 0.010808752687185385
2 0.5873647657394475 0.6567546665268457 0.02072404824996598 0.01508408104813346
3 0.5673131792321058 0.5918820784395974 0.017468722086807546 0.01072846483064173
2 0.22423542472234528 0.6590027265100672 0.020724048249965907 0.014622425873007501
3 0.6890898875327907 0.5909186241610739 0.01826344960081804 0.010567889117554614
3 0.44553647093142107 0.5928455327181209 0.01808005094373877 0.01000587412174923
3 0.8098884696623856 0.5899551698825504 0.017468722086807692 0.010161431843802499
2 0.4660771205243076 0.6577181208053692 0.02190085629955833 0.015495556312919424
3 0.9321542410486152 0.5893128670302015 0.017804952958119583 0.01020157577207423
3 0.2054064959288659 0.9737311241610739 0.01754513819392393 0.01000587412174923
3 0.3254714834301435 0.973088821308725 0.01794250195092918 0.010201575772074421
3 0.6900680137038804 0.972446518456376 0.01808005094373877 0.010161431843802499
3 0.4465145971025109 0.9737311241610739 0.017667403965310132 0.010086161978292693
3 0.5682913054031956 0.973088821308725 0.01804948450089213 0.01035713349412769
3 0.8108665958334753 0.971804215604027 0.017407589201114407 0.009890460327967882
3 0.9321542410486152 0.9711619127516778 0.01727004020830496 0.009775046534186154