2 0.2146287354821871 0.7186497948488086 0.020174866240375806 0.014395062579733098
3 0.9351167949889077 0.254042685239458 0.015842359389273353 0.010947143398958754
0 0.07275218582800469 0.925214632969003 0.008717212579929537 0.010395476330034757
2 0.3378963852277176 0.7179946902044615 0.021075296881117048 0.014567458538771876
2 0.09291400234894949 0.7186497948488086 0.021127495758841194 0.015308761162638245
2 0.7103092783505154 0.7160121366755162 0.020762103614772313 0.014119229045271242
2 0.3363956674931488 0.326638623590663 0.021897429205272073 0.015136365203599561
2 0.4620253164556962 0.7173223459642105 0.02149288790291008 0.015308761162638245
2 0.09073469920396711 0.329603834086129 0.02037061203184132 0.015498396717580997
2 0.46002870938274815 0.32515601834293 0.021127495758841194 0.015205323587215073
2 0.21312801774761841 0.32779367651622243 0.020214015398668916 0.014843292073233828
2 0.5844186349993474 0.3241561217805054 0.02044891034842743 0.015015688032272512
2 0.8342033146287353 0.7146846877909181 0.02194962808299622 0.014619177326483511
2 0.7083126712775675 0.32284591249181116 0.02081430249249646 0.014963969244560877
2 0.5859193527339162 0.7166672413198633 0.020840401931358533 0.014963969244560877
2 0.8327025968941667 0.3221735682515601 0.02164948453608223 0.015015688032272512
3 0.31640349732480744 0.6506740681998413 0.01757797207360044 0.01094714339895885
3 0.6888294401670363 0.6483639623487224 0.016847187785462747 0.010602351480881293
3 0.4408064726608378 0.6500189635554942 0.01659924311627305 0.011205737337516829
3 0.5649354038888164 0.6493466193152433 0.016716690591152234 0.011412612488363363
3 0.9371134020618556 0.6460538564976036 0.01704293357692815 0.010240319966900046
0 0.08586715385619208 0.6189876909285247 0.008534516507895077 0.009774850877495344
3 0.3151637739788594 0.2594903975450816 0.016038105180738543 0.010723028652208437
3 0.8112227587106876 0.2551977381650174 0.01696463526034193 0.010240319966899952
3 0.6868328330940885 0.2560252387684032 0.017108182174083192 0.010360997138227097
3 0.812227587106877 0.6470365134641244 0.016847187785462747 0.009964486432438
3 0.19339684196789766 0.6513291728441885 0.017108182174083265 0.011067820570285805
3 0.5629387968158684 0.25718029169396267 0.017643220670755553 0.011412612488363267
3 0.43930575492626905 0.2584905009826569 0.016781939188307417 0.011378133296555607
3 0.19164817956413938 0.26097300279281455 0.01731697768497978 0.011326414508843878