2 0.34891798022976217 0.33278947368421047 0.022161367886721985 0.015473684210526339
2 0.4757413839166444 0.3316140350877193 0.02174726155490241 0.01582456140350871
2 0.7304034197168047 0.32943859649122803 0.02166711194229236 0.015052631578947361
2 0.8567192091904889 0.32843859649122803 0.021466737910766587 0.015403508771929732
2 0.22286935613144537 0.33464912280701753 0.021306438685546346 0.015228070175438594
2 0.6030724018167245 0.33077192982456133 0.021413304835693318 0.015052631578947361
2 0.09950574405557039 0.7318947368421053 0.021573604060913704 0.01682456140350875
3 0.4560512957520705 0.6627192982456139 0.017512690355330037 0.01087719298245626
3 0.7079080951108737 0.2611052631578948 0.01744589901148816 0.010263157894736898
2 0.09726155490248463 0.3358245614035087 0.020531659096981045 0.015649122807017572
3 0.4545150948437082 0.2637894736842105 0.016991717873363635 0.010754385964912292
3 0.20100187015762755 0.26629824561403503 0.01757948169917184 0.010754385964912292
3 0.2027918781725888 0.663719298245614 0.017365749398877896 0.011052631578947208
3 0.32897408495858943 0.6627192982456139 0.016711194229227812 0.01038596491228058
3 0.709951910232434 0.6607017543859649 0.017245524979962675 0.01054385964912285
2 0.47778519903820466 0.7305438596491228 0.022001068661501453 0.01564912280701738
3 0.9615415442158695 0.25959649122807016 0.017365749398877965 0.010298245614035105
2 0.3509617953513225 0.7312280701754386 0.021627037135987265 0.015578947368420965
3 0.3274512423189955 0.26496491228070174 0.0171787336361208 0.010701754385964933
2 0.6051162169382848 0.729877192982456 0.02138658829815654 0.015578947368420965
3 0.8352391130109537 0.260438596491228 0.017365749398877965 0.010456140350877188
2 0.7319396206251669 0.7292105263157894 0.02154688752337707 0.015
2 0.22491317125300558 0.7318947368421053 0.02178733636120758 0.015052631578947361
3 0.9630777451242319 0.6583508771929824 0.017312316323804408 0.010263157894736802
2 0.8587630243120491 0.727859649122807 0.022121293080416597 0.015350877192982466
3 0.836775313919316 0.6593684210526315 0.016711194229227955 0.010035087719298303
3 0.5836361207587497 0.661719298245614 0.017913438418381004 0.011473684210526282
3 0.5815923056371893 0.2626140350877193 0.01652417846647079 0.011526315789473641
0 0.07936147475287202 0.945456140350877 0.00929735506278386 0.011140350877192683