3 0.2026326099546895 0.21629194630872486 0.019265492453922905 0.016862416107382594
2 0.10359673627908562 0.2834563758389262 0.025551050999897795 0.021543624161073752
3 0.3230291622662079 0.2146979865771812 0.01853728750042587 0.012516778523489928
2 0.10428661465608287 0.6609228187919465 0.0208752086669165 0.015369127516778462
3 0.4435790208837257 0.21276845637583894 0.019048308520423714 0.012147651006711441
2 0.22289459339760845 0.2813255033557047 0.020875208666916462 0.015922818791946347
3 0.8089079480802644 0.2100335570469799 0.017885735699928542 0.011107382550335576
3 0.6871316390147516 0.21098993288590606 0.018051817531427955 0.011459731543624134
2 0.8294509930841822 0.2757046979865772 0.021156270227915365 0.01597315436241606
2 0.2246065138146016 0.6609228187919465 0.020721902360917123 0.015083892617449616
2 0.7081601539876674 0.27667785234899334 0.02083688209041654 0.015553691275167788
2 0.3433166967601268 0.27988255033557047 0.021245698906415072 0.016174496644295287
3 0.9292150717132832 0.20939597315436242 0.017336388103430595 0.010654362416107356
2 0.46485027084114067 0.27859060402684566 0.021322352059414778 0.016291946308724808
3 0.3247410826832011 0.5944463087248323 0.018013490954927994 0.010771812080536923
3 0.20382073382618474 0.5951006711409397 0.01695312233843213 0.01043624161073827
1 0.4455336762852179 0.5934899328859061 0.01760467413892957 0.010520134228187886
2 0.3452841276871189 0.6602852348993289 0.020530269478418 0.015318791946308655
2 0.8314056484856744 0.6564261744966444 0.020926310768916535 0.015251677852349039
2 0.5868820904166525 0.2774832214765101 0.021437331788914195 0.01585570469798654
3 0.5653553299492385 0.21164429530201342 0.0174130412564303 0.011208053691275168
2 0.7101148093891596 0.6577181208053692 0.021117943651415366 0.01501677852349
2 0.4665621912581338 0.6596476510067114 0.021117943651415512 0.01585570469798673
1 0.5678082308452288 0.5928523489932886 0.01700422444043191 0.010570469798657693
1 0.8108626034817566 0.5909228187919463 0.017668551766429133 0.01023489932885904
2 0.5883385003236467 0.6583557046979867 0.02068357578441727 0.015436241610738269
1 0.6890862944162437 0.5921979865771813 0.017068102067931475 0.01023489932885904
3 0.20614587946717547 0.9743791946308726 0.017809082546928763 0.011241610738255
3 0.44724559670221103 0.97501677852349 0.017272510475930886 0.010855704697986539
3 0.3259547576056962 0.9743791946308726 0.017413041256430336 0.010805369127516921
3 0.5687791707832249 0.9743791946308726 0.01760467413892957 0.010721476510067305
3 0.6900700098797397 0.9737248322147652 0.017272510475930886 0.010570469798657693
3 0.8113608489762547 0.9730872483221479 0.017464143358430297 0.010469798657718077
3 0.9321534425782715 0.9711577181208054 0.01695312233843206 0.01
1 0.9306842571457774 0.589781879194631 0.016493203420434106 0.009513422818791924