3 0.18500106264969254 0.22553435849471828 0.018682661906759438 0.010746593206701125
2 0.20668257243333094 0.29326790823063376 0.021280594292076987 0.015522271814480652
2 0.33343601424537067 0.29158299405809857 0.022194681612836952 0.016385790327904885
3 0.31162621150443265 0.2238494443221831 0.017977050641611383 0.010746593206701125
2 0.460702627886609 0.29057204555457744 0.022419194288111323 0.016133053202024617
2 0.7162621988274827 0.2882131657130282 0.02216260837351202 0.01558545609595067
3 0.43889282514567096 0.22250151298415494 0.018410039372497668 0.011088841397997366
2 0.5889955851862443 0.2898980798855634 0.021489070347688898 0.015164227552816859
3 0.6941958101719453 0.21980565030809857 0.018474185851147386 0.0112152099609375
3 0.8214624238131837 0.218963193221831 0.01841003937249781 0.01049912143761001
3 0.5669291965307071 0.22132207306338028 0.01826570979553555 0.011615377076914608
2 0.8435288124687209 0.28737070862676056 0.022499377386423436 0.015638109663842385
3 0.18692545700918708 0.6236795774647887 0.018410039372497668 0.010909819267165517
2 0.20886355270742474 0.6924240757042253 0.021537180206676294 0.015111573984925145
3 0.3134223129066276 0.6230056117957746 0.01832985627418541 0.010909819267165517
3 0.9492422092836204 0.2182892275528169 0.018329856274185267 0.011046718543683956
2 0.33523211564756555 0.6917501100352113 0.021906022458912714 0.0157012939453125
3 0.5684687120183027 0.6213206976232394 0.01826570979553555 0.01117308710662409
2 0.7183148861442767 0.689728213028169 0.02211449851452455 0.01476406043683975
3 0.44094551246246516 0.6223316461267605 0.01826570979553555 0.010662347498074307
2 0.845581499785515 0.6880432988556338 0.022290901330811744 0.014985205421985105
3 0.6962484974887394 0.6203097491197183 0.01911565063764572 0.011088841397997271
3 0.8235151111299779 0.6192988006161971 0.018682661906759365 0.010704470352387717
2 0.5900219288446414 0.690402178697183 0.021697546403300877 0.015459087533010537
2 0.4624987292888038 0.6910761443661971 0.022723890061697956 0.01576447822678252
3 0.9512948966004146 0.618624834947183 0.018682661906759365 0.010662347498074307
0 0.06107006589824479 0.9512268926056338 0.009188983066586385 0.01134157852387754