3 0.19819281541707834 0.21838296979865773 0.01720890732261182 0.010046018050020962
3 0.31886913177528703 0.21709836409395977 0.017407589201114446 0.00977504653418625
3 0.6851773828484312 0.5947724412751679 0.017407589201114407 0.010316989565855769
3 0.4418684977898341 0.5966993498322148 0.01780495295811973 0.01068832090237
3 0.5614444222055668 0.2145291526845638 0.01707135832980237 0.010477565278942957
3 0.43991224544765445 0.21565318267617453 0.01780495295811973 0.0103571334941275
3 0.5629116114622015 0.5954147441275168 0.01826344960081804 0.010808752687185385
3 0.1996600046737131 0.5979839555369127 0.017468722086807546 0.010648176974098079
2 0.34112150216758086 0.6628565436241611 0.021365943549743704 0.01616796711147231
3 0.8045087757213913 0.21244166841442952 0.017010225444109236 0.009775046534186226
3 0.32058085257469426 0.5973416526845639 0.01754513819392393 0.010276845637583847
2 0.5844303872261779 0.6615719379194632 0.021442359656860015 0.01519447685088096
2 0.4628982104682656 0.6622142407718121 0.021121412006971155 0.016418866663171154
2 0.7057180324413179 0.6609296350671141 0.021121412006971298 0.014853253460570386
3 0.6827320674207067 0.2132445469798658 0.01661286168710406 0.009850316399695913
3 0.806465028063571 0.5941301384228188 0.01774382007242659 0.009775046534186154
2 0.22056745158075838 0.6634988464765101 0.02107556234270134 0.015254692743288653
3 0.6856664459339761 0.9743734270134229 0.017804952958119583 0.010276845637583847
2 0.8270056776564576 0.6596450293624162 0.02173274086390238 0.015134260958473079
3 0.3222925733741015 0.9763003355704698 0.01720890732261182 0.010397277422399232
3 0.4435802185892414 0.9763003355704698 0.01788136906523604 0.010276845637583847
3 0.5643788007188363 0.9756580327181209 0.01780495295811973 0.010201575772074421
3 0.20198305433005148 0.9756580327181209 0.01754513819392393 0.010477565278943075
3 0.807443154234661 0.9737311241610739 0.017804952958119583 0.00947898506318173
3 0.9257964209365313 0.2113176384228188 0.01733117309399795 0.010241719700346034
2 0.10172512179334312 0.2848613150167786 0.014526701962826422 0.014682641765415288
2 0.3394097813681736 0.2818103764681208 0.0213965099925902 0.015615988097734904
3 0.9277526732787109 0.5931666841442954 0.01733117309399795 0.010086161978292693
2 0.2187334650099649 0.28325555788590606 0.020953296571315134 0.015375124528104038
3 0.9282417363642559 0.973088821308725 0.017010225444109236 0.009930604256239425
2 0.703761780099138 0.2781171350671141 0.021656324756785923 0.015134260958473172
2 0.5824741348839982 0.2794017407718121 0.021197828114087613 0.015254692743288558
2 0.8250494253142779 0.27747483221476515 0.0206323489214262 0.015084081048133366
2 0.46094195812608596 0.2806863464765101 0.02099914623558488 0.015134260958473172
2 0.1037425070212159 0.664783452181208 0.013762540891662497 0.01508408104813346
0 0.08387431917095357 0.9075739303691277 0.009177574464678873 0.01128044384437923