2 0.10227531776458115 0.6968985947986578 0.01974592207887611 0.014793037568162692
2 0.46412086818212794 0.6956139890939598 0.021151978449817796 0.014512030070260001
2 0.34283322296698804 0.6962562919463088 0.02072404824996598 0.014512030070260001
2 0.5858975764828127 0.6949716862416108 0.020601782478579706 0.013689079540687885
2 0.22215690660877938 0.6968985947986578 0.020724048249965907 0.014231022572357309
2 0.10031906542240146 0.3181004876258389 0.01974592207887611 0.015194476850880866
2 0.7076742847834976 0.6936870805369127 0.02060178247857985 0.013799475343435385
2 0.8289619299986373 0.6930447776845639 0.022023122070944746 0.014281202482697116
2 0.2203229200379859 0.3169764576342282 0.02037253415723055 0.014793037568162788
3 0.20149399124450654 0.6313837038590605 0.016811543565606574 0.010648176974098079
2 0.5844303872261779 0.31360436765939603 0.020403100600077117 0.014231022572357404
2 0.7057180324413179 0.312319761954698 0.02032668449296066 0.014451814177852308
2 0.34112150216758086 0.3153707005033557 0.021121412006971155 0.015254692743288558
2 0.46265367892549314 0.31440724622483224 0.020403100600077117 0.014562209980599808
3 0.3218035102885566 0.6307414010067114 0.016612861687103988 0.010241719700346152
3 0.4435802185892414 0.630420249580537 0.016689277794220372 0.010316989565855769
2 0.8274947407420026 0.31151688338926176 0.020678198585696018 0.014562209980599808
3 0.686644572105066 0.62849334102349 0.01727004020830496 0.01068832090237
3 0.5653569268899261 0.6291356438758391 0.01675041067991351 0.010477565278942886
3 0.8079322173202059 0.6275298867449666 0.01661286168710406 0.01020157577207423
3 0.4421130293326066 0.2488923552852349 0.016949092558416097 0.010608033045826346
3 0.6846883197628864 0.2464837195889262 0.016872676451299785 0.010567889117554519
3 0.32082538411746675 0.25033753670302017 0.016490595915717714 0.010316989565855673
3 0.19978227044509933 0.25146156669463093 0.016246064372945238 0.01093922045406875
3 0.5634006745477464 0.2476077495805369 0.01675041067991351 0.010979364382340578
3 0.9297089256208906 0.6268875838926175 0.01630719725863852 0.009664650731438846
3 0.806954091149116 0.24616256816275167 0.016490595915717787 0.01020157577207423
3 0.9277526732787109 0.24535968959731547 0.015986249608749514 0.010046018050020962
0 0.09500050436710046 0.5777514156879195 0.007767697288381394 0.010241719700346152
0 0.08295732588555686 0.9062893246644296 0.009177574464678873 0.010979364382340767