3 0.20493097516870287 0.20726480836236935 0.01603669562916245 0.009285714285714258
3 0.5814889957217837 0.20271777003484323 0.016883517840603383 0.011498257839721238
3 0.455616812949323 0.2038850174216028 0.016499801526044217 0.012090592334494754
3 0.709637013187492 0.59904181184669 0.016883517840603383 0.010923344947735246
3 0.33126626383804525 0.6013763066202091 0.015997000838001152 0.01132404181184673
2 0.22616768843999474 0.2745818815331011 0.020998544524324075 0.015121951219512179
2 0.47639042032373313 0.27141114982578396 0.02073391258324873 0.014494773519163763
2 0.3510210382393155 0.2724216027874565 0.020892691747893925 0.014947735191637624
2 0.8539937370440611 0.26857142857142857 0.020852996956732626 0.015069686411149802
2 0.6027654037842368 0.27041811846689895 0.021580734794689662 0.014895470383275248
2 0.7283729546156222 0.2695818815331011 0.022427557006130593 0.015296167247386734
2 0.22805980681868304 0.6690592334494774 0.020998544524324075 0.015121951219512084
2 0.6047898381334628 0.667404181184669 0.021792440347549968 0.014947735191637624
2 0.35279407224452 0.6687282229965157 0.021832135138711267 0.015365853658536632
2 0.4784148546729591 0.6680662020905924 0.021130860494861712 0.014721254355400788
3 0.20919154942001503 0.9941811846689895 0.01728046575221629 0.010505226480836048
2 0.7309134212499449 0.6663937282229966 0.0220306090945179 0.015
2 0.8560181713932872 0.6657317073170732 0.021699819168173845 0.015470383275261384
2 0.1022537820314912 0.27658536585365856 0.020098795924668105 0.015296167247386734
3 0.5855378644202355 0.9941811846689895 0.01844484629294768 0.010923344947735055
3 0.45913641776562436 0.9939024390243903 0.018524235875270134 0.01219512195121941
3 0.7101398138755348 0.9935191637630661 0.017822961231420582 0.010714285714285931
3 0.33354209853129274 0.9941811846689895 0.017015833811141093 0.010557491289198424
3 0.8352577956159308 0.9921951219512196 0.017280465752216076 0.009965156794424956
3 0.9613813787324131 0.9908536585365854 0.017015833811140947 0.010505226480836048
2 0.1022537820314912 0.67006968641115 0.020575133418603647 0.013310104529616638
3 0.3300621885061527 0.20562717770034844 0.01683059145238827 0.009738675958188168
3 0.7073214837030831 0.20175958188153312 0.017280465752216364 0.009181184668989555
3 0.8327040973845544 0.20106271777003484 0.01743924491686156 0.009250871080139358
3 0.9584307325894236 0.20047038327526134 0.01717461297578614 0.009912891986062723
3 0.4572575309839898 0.601184668989547 0.016618885899527966 0.011567944250871088
3 0.5827989238301063 0.6006620209059234 0.01708199179640973 0.010052264808362375
3 0.8346094473602964 0.5985540069686411 0.01634102236139888 0.01
3 0.9604948617298108 0.5975783972125436 0.015904379658624887 0.008728222996515645
3 0.20695540951792882 0.6021080139372823 0.01643364354077536 0.010487804878048715