3 0.7093417101594337 0.9858450704225352 0.0193036390934439 0.010704225352112644
3 0.5815623436047758 0.9872007042253521 0.01894169586044183 0.010704225352112644
3 0.19668263387431184 0.19089788732394367 0.018821048116107852 0.011302816901408476
3 0.32702241366983625 0.9872007042253521 0.018968506470293776 0.01091549295774674
2 0.21835901193965823 0.25998239436619713 0.021488703796382302 0.015880281690140805
3 0.45378297705011794 0.9872007042253521 0.018539536712661765 0.01086267605633831
3 0.20103935797526273 0.9872007042253521 0.01868699506684776 0.010457746478873181
2 0.22041002359333664 0.6569542253521126 0.02164956745549434 0.015105633802817047
2 0.47456119968542215 0.6555985915492957 0.022721991849574654 0.016003521126760536
3 0.8360888682347896 0.9851760563380282 0.018271430614141722 0.01061619718309847
2 0.34498552227067997 0.2581338028169014 0.02215896904268248 0.016637323943661974
2 0.34678183313076427 0.6562852112676055 0.02140827196682639 0.01540492957746475
3 0.3234297919496675 0.18922535211267605 0.018405483663401744 0.011179577464788698
2 0.4722554872381497 0.257112676056338 0.02254772288553664 0.01639084507042251
2 0.6015764638592979 0.6542605633802816 0.02154232501608641 0.01522887323943659
3 0.4506997569171373 0.1880457746478873 0.018767426896403816 0.011443661971830986
2 0.7283236219346534 0.25477112676056335 0.02195788946879252 0.015633802816901438
3 0.7062584900264531 0.1858450704225352 0.01847251018803168 0.01156690140845067
3 0.5784791234717952 0.18702464788732395 0.01861996854221775 0.011707746478873227
2 0.6005442553799957 0.25644366197183094 0.021864052334310345 0.01540492957746475
3 0.1983448916851362 0.5885387323943662 0.018405483663401744 0.010985915492957854
3 0.8330190534067348 0.18484154929577462 0.01819099878458574 0.010616197183098612
2 0.7298652320011438 0.6539260563380281 0.021408271966826244 0.014982394366197128
2 0.8571351969686137 0.6525704225352112 0.02245388575105461 0.015334507042253639
2 0.8550841853149352 0.2540845070422535 0.022721991849574654 0.015950704225352108
3 0.3252261028097519 0.5878697183098592 0.018271430614141722 0.010950704225352107
3 0.9613078215485807 0.1841725352112676 0.018767426896403816 0.011302816901408429
3 0.5805301351254736 0.5865140845070421 0.018325051833845616 0.011478873239436591
3 0.7078001000929435 0.5855105633802816 0.018901479945663692 0.011126760563380458
3 0.9633588332022591 0.9838204225352111 0.018539536712661765 0.01010563380281686
3 0.45275076857081575 0.5875352112676057 0.018767426896403816 0.010704225352112833
3 0.8350700650604133 0.5845070422535211 0.018271430614141722 0.01061619718309847
3 0.9633588332022591 0.5838204225352112 0.018325051833845904 0.01061619718309847