3 0.30607881383675256 0.23916015625 0.01743522121207985 0.01056034482758624
3 0.6805366106503711 0.23536503232758624 0.017027929431743888 0.010818165746228488
3 0.9296738596682671 0.23371497844827588 0.0163230013503927 0.010441747205010756
3 0.3080839426014841 0.6300579202586207 0.01710625477411613 0.010524249898976261
3 0.18313935644914883 0.24097521551724138 0.01677728833615234 0.010983171134159496
3 0.8053558762549106 0.23470501077586206 0.016017532515140858 0.01012204926589438
3 0.558223756001746 0.6290678879310345 0.016965269157845894 0.0107666015625
3 0.43315384930161505 0.6300579202586207 0.016902608883948043 0.010323149582435272
3 0.1851444852138804 0.6307179418103449 0.01683994861005019 0.010441747205010756
3 0.6825417394151025 0.6277478448275863 0.017372560938181927 0.011024422481142248
3 0.9321802706241816 0.626427801724138 0.016197680802597002 0.010008608061691765
3 0.5557173450458316 0.2366850754310345 0.017231575321911833 0.011024422481142248
2 0.5767711970755128 0.30400727370689656 0.0202079383320602 0.014283278892780136
3 0.4313993616324749 0.23800511853448275 0.017294235595809684 0.010900668440193991
2 0.08332154012985596 0.6977101293103448 0.0213514883306962 0.014912361934267248
3 0.8068597228284592 0.626427801724138 0.017027929431743888 0.010323149582435272
2 0.7020917448712354 0.30285223599137934 0.02055256983849838 0.014180150525323256
2 0.4522025725665648 0.3049973060344828 0.021273162988323817 0.014510161301185367
2 0.20607301669576605 0.6970501077586208 0.020239268469009197 0.014128586341594768
2 0.3298897179179398 0.6970501077586208 0.021194837645951575 0.014231714709051744
2 0.3278845891532082 0.3068123653017242 0.02106951709815587 0.01508768015894399
2 0.826409728284592 0.3016971982758621 0.02099119175578363 0.014231714709051744
2 0.20431852902662595 0.3084624191810345 0.020442914359177215 0.014396720096982752
2 0.7035955914447839 0.6944100215517243 0.0205212397015496 0.01359231883081899
2 0.4544583424268878 0.6963900862068966 0.021570799289338683 0.014458597117456975
2 0.5787763258402445 0.6950700431034483 0.020709220523243154 0.01359231883081899
2 0.8284148570493235 0.69375 0.021774445179506628 0.014128586341594768
2 0.08131641136512441 0.30945245150862066 0.02047424449612614 0.015737388873922384
0 0.06383419494762113 0.9194773706896552 0.009015246907054773 0.010684098868534496