2 0.3465628495224985 0.7047457627118644 0.020842295448679254 0.014949152542372985
2 0.5923470704637357 0.7034406779661017 0.020661619203303786 0.014711864406779492
2 0.2247870601393788 0.7053898305084746 0.020532564742321298 0.014762711864406886
2 0.46908715477931684 0.7040847457627118 0.02146175686139545 0.015
2 0.7153617826722876 0.7027966101694915 0.020893917233072306 0.014542372881355922
2 0.10170782070033554 0.3227457627118644 0.019422696377871463 0.015237288135593208
3 0.3255656887206401 0.6385593220338983 0.016531876451862614 0.010152542372881422
3 0.6936290114428288 0.6362881355932204 0.017048094295792852 0.01027118644067779
3 0.4483351974533253 0.6385593220338983 0.016660930912845175 0.01054237288135596
2 0.1038759356448421 0.7053898305084746 0.020687430095500312 0.01608474576271192
2 0.8373956809773724 0.7014915254237288 0.021087498924546 0.014881355932203254
2 0.3448335197453325 0.3198135593220339 0.020893917233072448 0.014762711864406697
3 0.2035446958616536 0.6395254237288135 0.016919039834810294 0.010576271186440635
2 0.5903725372107028 0.317864406779661 0.020661619203303786 0.014542372881355922
2 0.2229286759012303 0.321271186440678 0.020261550374257954 0.01494915254237289
3 0.8161533166996472 0.635322033898305 0.01620924029940636 0.009881355932203443
2 0.46735782500215084 0.3186779661016949 0.020739051879893437 0.015
2 0.7133872494192548 0.31657627118644066 0.02066161920330364 0.014711864406779683
3 0.9386647165103674 0.6343389830508473 0.016531876451862614 0.009983050847457662
3 0.6916544781897962 0.2510508474576271 0.016777079927729508 0.01010169491525422
3 0.9366901832573344 0.24957627118644066 0.016415727436978573 0.010305084745762656
2 0.8359115546760734 0.3156101694915254 0.021048782586251317 0.014881355932203348
3 0.8151595973500817 0.2499152542372881 0.016777079927729508 0.0101864406779661
3 0.20181536608448764 0.25591525423728817 0.016467349221371406 0.01045762711864408
3 0.44660586767615934 0.2534745762711864 0.016093091284522174 0.01027118644067798
0 0.08460810462014971 0.9117118644067795 0.008840230577303602 0.010220338983050775
3 0.3238363589434741 0.25461016949152543 0.01620924029940629 0.010338983050847522
3 0.5691301729329777 0.25184745762711863 0.015486535317904204 0.011355932203389802
3 0.5721758582121655 0.638 0.015331669964725047 0.010423728813559213