3 0.2019036278220018 0.21041061485018792 0.01818709066700378 0.010600499571165033
2 0.2230100197377006 0.2767359195600455 0.021324949228435315 0.015498590326324002
3 0.9482456283439905 0.9855257430265835 0.01743775130905012 0.00981164916533413
2 0.34627634412110136 0.27492104803813394 0.021246893045315143 0.01573576103657376
2 0.5950570109617642 0.27327116483639624 0.02107516944245076 0.01484894881563979
3 0.3252948420983949 0.20876073164845013 0.017312861416057698 0.010481914216040155
2 0.4704168977554482 0.2739311181170913 0.021824508800404565 0.01573576103657376
2 0.7194473443820957 0.27195125827500605 0.02099711325933059 0.014622089875400798
3 0.69796628278742 0.20513098860462708 0.01770314233165871 0.010858293821436556
3 0.8213574970638131 0.2043060470037582 0.01743775130905012 0.010239587620784921
3 0.4496851755187263 0.20744082508705994 0.01804658953738747 0.010523161296083591
3 0.2039018661098786 0.6004430037409922 0.01812464572050764 0.010724240811295437
2 0.8428385586584888 0.27096132835396336 0.022417735792118025 0.015436719706258848
2 0.22500825802557742 0.667428261731545 0.021246893045315143 0.015086119525889547
3 0.5735759493670886 0.20645089516601728 0.017640697385162427 0.011157335151751562
3 0.8243548544956283 0.9868456495879736 0.01778119851477888 0.010724240811295246
3 0.327043300600287 0.5997830504602971 0.01784364346127502 0.010399420055953283
3 0.9457478304841445 0.2036460937230631 0.017234805232937384 0.010817046741393119
2 0.34802480262299357 0.6667683084508498 0.020638054816977648 0.015312978466128445
3 0.20614988418374003 0.9888255094300589 0.018405647979740338 0.010600499571164938
2 0.7209460230980033 0.6641284953280694 0.02104394696920269 0.015086119525889547
3 0.5755741876549654 0.5981331672585594 0.017921699644395193 0.01089954090148004
2 0.8448367969463656 0.6628085887666793 0.02160595148766794 0.015024248905824393
2 0.5960561301057026 0.664458471968417 0.02107516944245076 0.015024248905824393
3 0.6994649615033276 0.5971432373375167 0.018327591796620094 0.010858293821436603
2 0.4721653562573404 0.6661083551701548 0.0224957919752382 0.015374849086193599
3 0.8233557353516898 0.5958233307761265 0.017984144590891333 0.010641746651208565
3 0.45143363402061853 0.599123097179602 0.01804658953738747 0.010043663990578553
3 0.7009636402192353 0.9881655561493637 0.01818709066700378 0.010765487891338682
3 0.577072866370873 0.9888255094300589 0.01868665023897303 0.010817046741393168
3 0.3287917591021793 0.9888255094300589 0.01818709066700378 0.010523161296083591
3 0.45218297337857233 0.9888255094300589 0.017984144590891333 0.0102808347008285
3 0.9482456283439905 0.595493354135779 0.01804658953738747 0.010399420055953283
1 0.09487298952760014 0.278550791081957 0.009780439744959558 0.014127124914879472
1 0.09813390424541336 0.6679023964470988 0.011244380491784781 0.0133785056594415