2 0.09839720050114484 0.7449658703071672 0.020348209271179845 0.015153583617747397
2 0.46535188145332007 0.7436689419795222 0.020620382770985404 0.014692832764505207
2 0.3420702466842355 0.7443174061433446 0.020775910485160032 0.014522184300341223
2 0.22013651877133103 0.7449658703071672 0.020309327342636223 0.014368600682593827
3 0.1994254115004104 0.6783447098976109 0.016278567416943904 0.010750853242320772
2 0.5884002246511426 0.7436689419795222 0.020425973128267084 0.013600682593856656
3 0.3212295329848361 0.6776962457337883 0.016537780273901567 0.010836177474402764
2 0.8349894154750074 0.7410580204778157 0.02150170648464143 0.014027303754266238
2 0.09659567114528879 0.35889078498293514 0.019881626128655964 0.014863481228668908
3 0.6911003585777854 0.6750682593856654 0.017198773059143767 0.010648464163822572
3 0.4442778761826586 0.6770307167235494 0.0166673867023804 0.010409556313993183
2 0.7119410722771848 0.7430204778156997 0.020387091199723394 0.013139931740614468
2 0.4636151553117034 0.3549829351535836 0.02027044541409246 0.014590443686006817
2 0.5869097507236358 0.35431740614334467 0.02011491769991783 0.013976109215017043
2 0.34033352054261884 0.35627986348122864 0.02102216269926994 0.0149317406143345
3 0.9371970449734307 0.6731228668941979 0.016848835702250965 0.010051194539249195
3 0.5680649760228107 0.676382252559727 0.0166673867023804 0.01098976109215035
3 0.19731282671620512 0.29127986348122864 0.016732189916619886 0.010750853242320868
2 0.710450598349678 0.3533447098976109 0.020387091199723394 0.014317406143344726
2 0.21827018620123556 0.3582423208191126 0.02046485505681085 0.014590443686006817
3 0.8141487017756079 0.6737713310580203 0.016602583488141056 0.010460750853242379
3 0.5660819976670842 0.2876962457337884 0.0166673867023804 0.010580204778156977
3 0.44303365446926163 0.28866894197952214 0.016796993130859375 0.010341296928327684
2 0.8330064371192811 0.3523549488054607 0.020309327342636296 0.014249146757679227
3 0.6891173802220589 0.2862116040955631 0.016537780273901712 0.010750853242320868
3 0.3194928068432194 0.28981228668941983 0.01596751198859465 0.010051194539249101
3 0.9352140666177042 0.28491467576791807 0.016097118417073484 0.010170648464163795
3 0.8126582278481012 0.2855631399317406 0.01578606298872423 0.009982935153583696
0 0.07873590530090292 0.9226621160409555 0.009137253207759127 0.01034129692832759
0 0.09125588629196006 0.6228156996587031 0.007517172851773446 0.01034129692832759