3 0.32596054651568834 0.973088821308725 0.017468722086807546 0.010276845637583847
2 0.22276823546571053 0.28052577076342283 0.020601782478579706 0.014963649263317981
3 0.2021053201014377 0.21533203125 0.017468722086807546 0.010437421350671154
3 0.4438247501320138 0.21244166841442955 0.017545138193924004 0.01072846483064178
2 0.46460993126767286 0.27763540792785235 0.021151978449817796 0.015254692743288558
3 0.44700366018805576 0.973088821308725 0.017545138193924004 0.010276845637583847
2 0.3430777545097605 0.2787594379194631 0.02124367777835743 0.01555577220532721
3 0.5658459899754711 0.21147821413590606 0.017132491215495364 0.011109832149224013
3 0.3227816364596464 0.21356569840604028 0.017132491215495437 0.010688320902369975
3 0.2061400905571833 0.973088821308725 0.017468722086807546 0.010241719700345963
3 0.5687803684887406 0.972446518456376 0.01812590060800859 0.01035713349412769
3 0.6871336351906109 0.21019360843120807 0.01788136906523604 0.010899076525796995
3 0.6905570767894254 0.971804215604027 0.017804952958119583 0.010276845637583847
2 0.7081633478690423 0.2757084993708054 0.020831030799928933 0.014512030070260095
2 0.5863866395683577 0.27699310507550334 0.020922730128468566 0.014401634267512595
3 0.8113556589190203 0.9711619127516778 0.017407589201114407 0.009965730193477308
3 0.8084212804057508 0.20906957843959734 0.017407589201114407 0.010477565278942932
2 0.8294509930841822 0.2747450450922819 0.02156462542824629 0.014903433370910192
3 0.5678022423176508 0.5922032298657718 0.01780495295811973 0.010808752687185385
3 0.32424882571628116 0.5938089869966443 0.017606271079617104 0.010437421350671154
3 0.2038170409008449 0.5944512898489933 0.017132491215495437 0.010477565278942886
2 0.3450340068519402 0.6590027265100672 0.02072404824996598 0.014903433370910192
2 0.5878538288249924 0.6573969693791947 0.020922730128468566 0.014903433370910192
2 0.4663216520670801 0.6590027265100672 0.020953296571315064 0.015375124528104038
3 0.6890898875327907 0.5912397755872484 0.01840099859362749 0.010768608758913653
3 0.44602553401696593 0.5931666841442954 0.01780495295811973 0.010121287915530578
3 0.9301979887064356 0.2085878513003356 0.01733117309399795 0.01072846483064178
2 0.2238686274081866 0.6602873322147652 0.02005158650734169 0.014401634267512502
3 0.8103775327479305 0.5902763213087249 0.01774382007242659 0.010567889117554614
2 0.8314072454263619 0.6557912122483223 0.021243677778357284 0.014451814177852308
3 0.9326433041341602 0.96987730704698 0.017545138193923858 0.009815190462458077
2 0.7096305371256773 0.6573969693791947 0.020678198585696018 0.01347832391726096
3 0.9321542410486152 0.5896340184563759 0.01788136906523604 0.010241719700346152
0 0.08273675513672138 0.9055674850121412 0.019467504559740993 0.021425803860487726