3 0.9282417363642559 0.9711619127516778 0.016490595915717787 0.01004601805002115
3 0.4435802185892414 0.9743734270134229 0.01804948450089213 0.010241719700345963
3 0.19807054964569212 0.21709836409395977 0.0170713583298023 0.010046018050020962
3 0.5643788007188363 0.9737311241610739 0.017667403965310132 0.010201575772074421
3 0.3222925733741015 0.9743734270134229 0.01754513819392397 0.010316989565855769
3 0.807443154234661 0.972446518456376 0.017545138193923858 0.009549236937657118
3 0.2021053201014377 0.9743734270134229 0.017331173093998023 0.010201575772074421
3 0.686155509019521 0.973088821308725 0.01733117309399795 0.010477565278943075
2 0.22068971735214463 0.6602873322147652 0.021197828114087613 0.014793037568162692
1 0.10172512179334312 0.2843795878775168 0.014358586527170368 0.014622425873007595
2 0.34136603371035334 0.6596450293624162 0.021610475092516106 0.01543534042051173
3 0.3186246002325146 0.21613490981543626 0.0170713583298023 0.0101212879155306
2 0.4628982104682656 0.6596450293624162 0.02124367777835743 0.015254692743288653
2 0.5844303872261779 0.6590027265100672 0.021488209321129832 0.014401634267512502
3 0.6827320674207067 0.21179936556208057 0.017071358329802225 0.009850316399695913
3 0.5614444222055668 0.21308397126677855 0.017545138193924004 0.011019508310612427
3 0.44015677699042693 0.21436857697147654 0.017667403965310132 0.010728464830641802
3 0.8045087757213913 0.21099648699664433 0.017545138193923858 0.009850316399695889
2 0.7062070955268627 0.6577181208053692 0.021197828114087467 0.014622425873007501
2 0.8270056776564576 0.6567546665268457 0.02197727240667493 0.014963649263317886
1 0.10300891239289853 0.6615719379194632 0.014809441559157055 0.014903433370910192
2 0.3396543129109461 0.28116807361577184 0.021121412006971155 0.01555577220532721
2 0.2187334650099649 0.2827738307466443 0.02083103079992886 0.015134260958473172
3 0.19978227044509933 0.5954147441275168 0.01720890732261182 0.01068832090237
2 0.703761780099138 0.27747483221476515 0.021610475092516106 0.015134260958473172
2 0.5824741348839982 0.27892001363255037 0.021197828114087613 0.015023865155725673
2 0.8250494253142779 0.27683252936241615 0.020999146235585023 0.014853253460570481
2 0.46118648966885845 0.28052577076342283 0.02107556234270134 0.014732821675755
3 0.4418684977898341 0.5944512898489933 0.01808005094373877 0.010608033045826346
3 0.3205808525746942 0.5947724412751679 0.017804952958119694 0.01000587412174923
3 0.6851773828484312 0.5925243812919464 0.01774382007242659 0.010161431843802499
3 0.806954091149116 0.5915609270134229 0.01808005094373877 0.009624506803166923
3 0.5629116114622015 0.5931666841442954 0.018721946243516353 0.010768608758913653
3 0.9257964209365313 0.21019360843120807 0.017667403965310132 0.010477565278942957
3 0.9282417363642559 0.5905974727348994 0.01818703349370158 0.010241719700345963
0 0.08417998359941915 0.9075739303691277 0.009001817418311157 0.010276845637583847