1 0.10447824753858209 0.2837416107382551 0.01598218240043605 0.014077181208053654
3 0.4435790208837257 0.21389261744966448 0.01793683780192825 0.010771812080536899
3 0.20564763397267743 0.9737248322147652 0.017745204919428985 0.00996644295302038
2 0.34307396177562777 0.28068791946308724 0.02107961707491566 0.01578859060402692
3 0.5653553299492385 0.21323825503355706 0.017464143358430155 0.011208053691275192
3 0.3222881817872109 0.2153355704697987 0.017336388103430668 0.010352348993288582
2 0.46436480087214266 0.2795637583892618 0.02148843389091405 0.015671140939597306
3 0.6871316390147516 0.2117953020134229 0.01741304125643059 0.010721476510067138
2 0.2221536129186114 0.28244966442953023 0.02060692263141756 0.014848993288590672
3 0.32571202262119714 0.9743791946308726 0.01793683780192825 0.010083892617449616
2 0.7081601539876674 0.2774832214765101 0.020875208666916535 0.01479865771812077
3 0.2016105679146936 0.21709731543624158 0.01760467413892957 0.010469798657718148
2 0.5863838449221546 0.2789261744966443 0.02068357578441727 0.014446308724832211
3 0.8084224781112663 0.21098993288590606 0.01741304125643059 0.010117449664429519
3 0.5687791707832249 0.9737248322147652 0.01815402173542737 0.009882550335570764
0 0.08344973256566621 0.9069295302013423 0.009351684665962588 0.01020134228187923
2 0.8294509930841822 0.27667785234899334 0.02136067863591449 0.015134228187919424
3 0.446760126733213 0.9743791946308726 0.01754079651142986 0.009848993288590388
3 0.8108626034817566 0.9724496644295304 0.017208632848431177 0.009882550335570764
3 0.6900700098797397 0.9730872483221479 0.017745204919429127 0.00996644295302038
3 0.5673099853507308 0.5938087248322149 0.0174130412564303 0.010906040268456346
3 0.4455336762852179 0.5944463087248323 0.01754079651142986 0.01020134228187923
3 0.32400010220420405 0.5954194630872484 0.017464143358430155 0.010654362416107498
3 0.20345024358668623 0.5957382550335572 0.017668551766429275 0.011157718120805384
2 0.34454314720812185 0.6615771812080538 0.02068357578441727 0.015134228187919424
3 0.6886008244472457 0.5928523489932886 0.018051817531427955 0.010906040268456346
2 0.46607672128913574 0.6609228187919465 0.021565087043913755 0.015134228187919424
2 0.5873675603856505 0.6602852348993289 0.020632473682417416 0.014614093959731539
2 0.7096293394201616 0.6596476510067114 0.021156270227915365 0.014228187919463077
3 0.8098916635437606 0.5918791946308725 0.017336388103430595 0.010469798657718077
2 0.22410826832010358 0.6622147651006712 0.02055582052941771 0.014731543624160964
3 0.9326389125472695 0.9711577181208054 0.017336388103430595 0.00939597315436231
2 0.8309201785166764 0.6583557046979867 0.020721902360917123 0.014127516778523462
1 0.10447824753858209 0.6622147651006712 0.018269001464926934 0.01479865771812096
3 0.9316679726092735 0.5915604026845639 0.017668551766429133 0.010318791946308655
3 0.9300710319217799 0.2106543624161074 0.015087895615439672 0.010033557046979832