3 0.20149399124450654 0.2145291526845638 0.01740758920111448 0.010527745189282716
2 0.7076742847834976 0.2750661965184564 0.020724048249965835 0.014682641765415288
2 0.5858975764828127 0.2763508022231544 0.020800464357082292 0.014512030070260095
3 0.3222925733741015 0.21308397126677853 0.01720890732261182 0.010477565278942932
2 0.8294509930841822 0.2744238936661074 0.022068971735214563 0.015194476850880866
2 0.46412086818212794 0.27699310507550334 0.0213965099925902 0.015375124528104038
2 0.34283322296698804 0.27795655935402686 0.021151978449817796 0.015796635774958077
2 0.2224014381515518 0.2798834679110738 0.02083103079992886 0.015134260958473172
3 0.4438247501320138 0.21163878984899331 0.01780495295811973 0.010648176974098172
3 0.20320571204391374 0.5938089869966443 0.01754513819392393 0.01068832090237
3 0.686644572105066 0.2095513055788591 0.017545138193923858 0.010567889117554519
3 0.5653569268899261 0.21083591128355705 0.017468722086807546 0.011149976077495793
3 0.8084212804057508 0.20858785130033564 0.017208907322611967 0.010201575772074254
2 0.7096305371256773 0.6567546665268457 0.02060178247857956 0.014401634267512502
2 0.8309181823408169 0.6554700608221476 0.021365943549743558 0.014682641765415193
3 0.3240042941735087 0.5931666841442954 0.017606271079617104 0.010527745189282693
2 0.34454494376639533 0.6590027265100672 0.020831030799928933 0.01519447685088096
2 0.5878538288249924 0.6573969693791947 0.020601782478579706 0.014793037568162692
3 0.9301979887064356 0.2079455484479866 0.01774382007242659 0.010648176974098172
3 0.44553647093142107 0.5925243812919464 0.01829401604366468 0.0103571334941275
2 0.22411315895095904 0.6596450293624162 0.02099914623558495 0.014732821675755
3 0.6886008244472457 0.5909186241610739 0.01815646705085523 0.010768608758913653
3 0.5673131792321058 0.5918820784395974 0.017545138193924004 0.010648176974098079
2 0.4660771205243076 0.6590027265100672 0.021197828114087613 0.015254692743288653
3 0.8098884696623856 0.5899551698825504 0.017545138193923858 0.010397277422399421
3 0.9321542410486152 0.5893128670302015 0.017942501950929324 0.010276845637583847
0 0.08326299031402243 0.9062893246644296 0.009177574464678873 0.010316989565855769
3 0.3254714834301435 0.972446518456376 0.01774382007242659 0.010437421350671154
3 0.2054064959288659 0.972446518456376 0.017667403965310205 0.01035713349412769
3 0.4465145971025109 0.972446518456376 0.017468722086807546 0.010397277422399232
3 0.5687803684887406 0.972446518456376 0.01808005094373877 0.010437421350671154
3 0.6900680137038804 0.971804215604027 0.01818703349370158 0.010276845637583847
3 0.8108665958334753 0.9705196098993291 0.017545138193923858 0.010161431843802499
3 0.9321542410486152 0.96987730704698 0.017606271079617142 0.009699776668676729