3 0.20290084388185656 0.21696180555555558 0.015981012658227847 0.00925347222222219
3 0.578151371308017 0.21243055555555557 0.016824894514767885 0.011458333333333333
3 0.45271624472573835 0.21359375 0.016442510548523255 0.012048611111111142
3 0.7058544303797469 0.6073784722222223 0.016824894514768027 0.010885416666666667
3 0.32879746835443047 0.6097048611111111 0.015941455696202533 0.011284722222222286
2 0.22406381856540086 0.28404513888888894 0.020925632911392406 0.015069444444444476
2 0.4734177215189874 0.28088541666666667 0.02066191983122358 0.014444444444444477
2 0.34848364978902957 0.28189236111111116 0.020820147679324847 0.014895833333333334
2 0.8497099156118144 0.27805555555555556 0.020780590717299673 0.015017361111111047
2 0.5993539029535866 0.27989583333333334 0.02150580168776362 0.01484375
2 0.7245253164556964 0.27906250000000005 0.0223496835443038 0.015243055555555524
2 0.22594936708860763 0.6771527777777779 0.020925632911392406 0.015069444444444382
2 0.6013713080168777 0.6755034722222222 0.021716772151898735 0.014895833333333334
2 0.35025052742616036 0.6768229166666667 0.021756329113924052 0.0153125
2 0.4754351265822785 0.6761631944444446 0.02105748945147689 0.014670138888888951
3 0.2063554852320675 0.9973958333333334 0.017141350210970487 0.005208333333333333
2 0.7270569620253164 0.6744965277777778 0.021954113924050632 0.014947916666666667
2 0.8517273206751057 0.6738368055555556 0.021624472573839853 0.015416666666666667
2 0.10058016877637133 0.2860416666666667 0.020029008438818552 0.015243055555555524
3 0.581487341772152 0.9973958333333334 0.018459915611814395 0.005208333333333333
3 0.45622362869198313 0.9973958333333334 0.018459915611814395 0.005208333333333333
3 0.7054324894514769 0.9973958333333334 0.01845991561181425 0.005208333333333333
3 0.3303006329113924 0.9973958333333334 0.017141350210970418 0.005208333333333333
3 0.8291139240506329 0.995 0.017721518987341773 0.01
3 0.9566191983122364 0.9956597222222223 0.01714135021097056 0.00868055555555543
2 0.10058016877637133 0.6781597222222223 0.020503691983122387 0.013263888888888952
3 0.3275975738396624 0.21532986111111113 0.016772151898734176 0.009704861111111143
3 0.7035469409282701 0.21147569444444445 0.017220464135020905 0.009149305555555572
3 0.8284941983122364 0.21078125 0.01737869198312246 0.00921875
3 0.953784282700422 0.21019097222222222 0.01711497890295349 0.009878472222222238
3 0.4543512658227848 0.6095138888888889 0.01656118143459906 0.011527777777777715
3 0.5794567510548524 0.6089930555555555 0.017022679324894468 0.010017361111111048
3 0.8303929324894516 0.6068923611111111 0.016284282700421846 0.009965277777777715
3 0.9558412447257384 0.605920138888889 0.015849156118143363 0.008697916666666666
3 0.2049182489451477 0.6104340277777778 0.016376582278481013 0.010451388888888953