2 0.2207714476244441 0.27897025443412166 0.020765212558533624 0.015004132245038023
3 0.6904059666866235 0.9745961782094595 0.018094741763866294 0.01038669895481424
3 0.20026714313205615 0.21252771326013517 0.017618968231483057 0.01084136962890625
3 0.3245207727505987 0.9758894636824325 0.0182635646301958 0.010310920509132302
2 0.3419555705824496 0.27735364759290543 0.02096473049146848 0.015963992557010157
2 0.4639991554054055 0.27606036211993246 0.021609326890181302 0.015782124287373356
3 0.4460732365078687 0.9758894636824325 0.017741748497904535 0.010346283783783671
3 0.44312651011375304 0.20961782094594597 0.01787987629762869 0.010972718934755031
3 0.5686079423965105 0.9758894636824325 0.018294259696801297 0.010113896550359035
3 0.32157404635648307 0.21107276710304057 0.01720458483231059 0.010760539286845443
3 0.20419611165754364 0.9758894636824325 0.01812543683047172 0.01054835963893576
3 0.8117128699110504 0.9739495354729731 0.01740410276524552 0.010113896550359035
3 0.5656612160023948 0.20864785684121623 0.017618968231483127 0.011275832717483069
3 0.6874592402925078 0.20735457136824326 0.01787987629762869 0.011053549276815886
2 0.7085774461170031 0.274120433910473 0.02104146815798208 0.014781848804370744
2 0.5862883007612043 0.2755753800675676 0.020811255158441722 0.014610084327491583
3 0.8092572645826207 0.20654626794763517 0.017480840431758973 0.010230090167071352
2 0.830375470407116 0.2734737911739865 0.021333071290732846 0.015064755001583592
3 0.20186328659553543 0.593723606418919 0.017542230564969605 0.011316247888513544
3 0.5671345791994526 0.5921069995777027 0.017542230564969678 0.01072012411581511
3 0.3230474095535409 0.5934002850506757 0.017342712632034747 0.01084136962890625
3 0.4453365549093397 0.5927536423141893 0.017818486164417988 0.010230090167071352
2 0.34367449431235036 0.6590345228040541 0.020719169958625525 0.014892990524704336
3 0.6894237245552515 0.591137035472973 0.01795661396414214 0.010598878602723781
2 0.5877616639582621 0.6577412373310811 0.02096473049146848 0.015004132245038023
3 0.9340020152668491 0.9733028927364866 0.01787987629762869 0.009916872591585767
2 0.4657180791353062 0.6583878800675677 0.021455851557154397 0.015297142235008512
2 0.22298149242003082 0.6596811655405407 0.021041468157981934 0.01466060329127951
3 0.9315464099384195 0.20573796452702703 0.017480840431758973 0.010881784799936678
2 0.710050809314061 0.6567712732263514 0.02041221929257172 0.014054375725823434
3 0.8112217488453645 0.5901670713682433 0.017542230564969678 0.010467529296875
2 0.8323399546698599 0.6554779877533784 0.021240986090916937 0.014276659166490806
3 0.9335108942011633 0.5895204286317568 0.017618968231483127 0.01042711412584462
0 0.0813544551028481 0.9086386190878378 0.009139456081749275 0.011144483411634383