3 0.19263959390862945 0.19301754385964912 0.018234036868821777 0.009982456140350848
2 0.2135853593374298 0.2610701754385965 0.021466737910766732 0.01594736842105258
2 0.33976756612343045 0.25922807017543853 0.022081218274111646 0.016333333333333352
3 0.31828746994389523 0.19056140350877193 0.017993588030991197 0.01094736842105263
2 0.46659096981031256 0.25805263157894737 0.022415174993320883 0.016333333333333352
3 0.44511087363077745 0.18921052631578944 0.018701576275714622 0.01094736842105263
2 0.5944296019235907 0.257719298245614 0.022001068661501453 0.01510526315789472
3 0.6997729094309377 0.18703508771929825 0.018554635319262696 0.011350877192982457
2 0.7217606198236708 0.2563684210526316 0.022294950574405736 0.015403508771929732
3 0.5724418915308576 0.18836842105263157 0.018407694362810482 0.011473684210526329
3 0.8260886989046219 0.18619298245614033 0.017993588030991343 0.010666666666666677
3 0.19377504675394067 0.5886491228070175 0.01784664707453913 0.010666666666666819
2 0.2153753673523911 0.6574912280701753 0.021667111942292216 0.014719298245613952
2 0.848584023510553 0.2553684210526316 0.02325674592572806 0.015473684210526339
3 0.32007747795885655 0.5876315789473684 0.017993588030991197 0.010631578947368325
2 0.3415575741383916 0.6561403508771929 0.021333155223083124 0.015052631578947361
2 0.7232968207320332 0.6537894736842105 0.02117285599786245 0.014824561403508862
2 0.595458188618755 0.6544561403508772 0.021306438685546346 0.015052631578947361
3 0.7013091103393001 0.585280701754386 0.0189820999198503 0.011087719298245702
3 0.44715468875233766 0.5876315789473684 0.018554635319262554 0.010508771929824547
2 0.4683809778252738 0.6554736842105262 0.02254875768100449 0.01582456140350871
3 0.8281325140261823 0.5846140350877194 0.017993588030991343 0.010789473684210406
2 0.8501202244189152 0.6527894736842105 0.022468608068394298 0.01510526315789472
3 0.5744857066524178 0.5866315789473684 0.018260753406358413 0.011087719298245702
3 0.9559711461394603 0.5836140350877193 0.01862142666310443 0.010456140350877188
3 0.1960726689820999 0.9852280701754387 0.018474485706652357 0.010456140350877377
3 0.32161367886721876 0.9852280701754387 0.018474485706652503 0.010631578947368325
3 0.7028453112476621 0.9845614035087719 0.01875500935078818 0.010456140350877377
3 0.5755142933475821 0.9852280701754387 0.018835158963398373 0.010578947368420966
3 0.44792946834090297 0.9852280701754387 0.018407694362810482 0.010298245614034916
3 0.8291477424525782 0.9832105263157893 0.018340903018968752 0.010105263157894721
3 0.9559711461394603 0.9825438596491227 0.01784664707453913 0.009982456140351132
3 0.9538738979428267 0.18617543859649122 0.018888592038471933 0.012561403508771937