3 0.44260209241815146 0.25756344379194634 0.016307197258638374 0.010728464830641826
3 0.2003935993020305 0.2602932309144296 0.016368330144331512 0.010608033045826346
3 0.9306870517919805 0.6345952181208054 0.016123798601558964 0.009333463323196345
2 0.4631427420110381 0.3230783347315436 0.02055593281430989 0.014512030070260095
3 0.32278163645964636 0.6387701866610739 0.016047382494442614 0.009624506803166923
2 0.5844303872261779 0.32211488045302017 0.020021020064495118 0.014070446859270096
2 0.1033757097070572 0.7046062290268457 0.02017385227872789 0.015314908635696345
3 0.5638897376332913 0.2562788380872484 0.016689277794220372 0.010768608758913558
2 0.22301276700848296 0.7046062290268457 0.020128002614458074 0.013849655253775192
3 0.44431381321755875 0.6384490352348994 0.016368330144331512 0.010046018050020962
3 0.9287307994498009 0.25354905096476515 0.01592511672305652 0.00966465073143875
2 0.3418550967958982 0.3245235161493289 0.02087688046419875 0.014070446859270096
3 0.6876226982761559 0.6365221266778524 0.016184931487252245 0.0103571334941275
2 0.7066961586124076 0.32066969903523496 0.020280834828690843 0.013799475343435385
3 0.5658459899754711 0.6378067323825504 0.016612861687103915 0.010437421350671154
3 0.2025943831869826 0.6394124895134229 0.016246064372945238 0.010086161978292693
3 0.3210699156602392 0.25868747378355705 0.01604738249444265 0.010241719700346057
3 0.6856664459339761 0.2548336566694631 0.01630719725863852 0.010086161978292789
3 0.8089103434912956 0.635558672399329 0.0168115435656065 0.009664650731438846
2 0.34356681759530544 0.7039639261744968 0.02072404824996598 0.014341418375104808
2 0.2210565146663033 0.32580812185402686 0.019409691207563966 0.013749295433095672
3 0.806465028063571 0.2538702023909396 0.016047382494442507 0.009624506803166923
2 0.7081633478690423 0.7020370176174497 0.02052536637146339 0.013899835164114999
2 0.8279838038275475 0.32002739618288595 0.02052536637146339 0.014070446859270096
2 0.4650989943532178 0.7033216233221476 0.021121412006971155 0.014732821675755
2 0.5868757026539025 0.7026793204697988 0.02052536637146325 0.014451814177852308
2 0.8294509930841822 0.7007524119127517 0.02107556234270148 0.014120626769609809
2 0.10105266005071885 0.3269321518456376 0.019455540871833817 0.014180842662017596
0 0.08375205339956734 0.9082162332214765 0.008688511379133956 0.010477565278943075