2 0.07907342931580097 0.31790813577586213 0.020395919153753828 0.015438316608297385
3 0.18089637439982542 0.24943089978448274 0.01710625477411613 0.010818165746228488
3 0.3039611523352248 0.2481108566810345 0.017027929431743746 0.010163300612877133
3 0.6774163847664776 0.2443157327586207 0.016965269157846036 0.010482998551993509
3 0.5535996835443039 0.24530576508620694 0.01683994861005019 0.010900668440193991
0 0.0610899307071148 0.9280980603448277 0.00870194553756548 0.010441747205010945
3 0.42852977684417287 0.24695581896551724 0.017435221212079924 0.01056034482758624
3 0.8022356503710171 0.2439857219827586 0.015774723953786575 0.009890010439116376
3 0.18277618261676126 0.6406586745689656 0.016965269157845894 0.010818165746228488
3 0.9265536337843737 0.24299568965517243 0.016088025323275832 0.010085954337284497
2 0.0812665389022261 0.7083108836206897 0.02052123970154953 0.01502580313846977
3 0.3062169221955478 0.6399986530172413 0.01716891504801398 0.0107666015625
3 0.8042407791357487 0.6363685344827587 0.016714628062254346 0.010364400929418024
3 0.679922795722392 0.637688577586207 0.017372560938181927 0.010900668440193991
2 0.2020755469773025 0.31691810344827587 0.020599565043921842 0.014510161301185367
3 0.43053490560890445 0.6396686422413793 0.01710625477411613 0.010364400929418024
2 0.8237907845918814 0.31048289331896556 0.0213514883306962 0.014572038321659497
3 0.5556048123090354 0.6386786099137931 0.016965269157845894 0.0107666015625
3 0.9285587625491052 0.6357085129310345 0.016714628062254346 0.010364400929418024
2 0.3257669276516805 0.31526804956896554 0.0213514883306962 0.014912361934267248
2 0.6994728011785247 0.31147292564655177 0.020599565043921988 0.014180150525323256
2 0.5746535355739852 0.312627963362069 0.020395919153753755 0.014180150525323256
2 0.4500849110650372 0.3136179956896552 0.021147842440528114 0.014737043709590504
2 0.2037047140986469 0.7083108836206897 0.02047424449612614 0.013912016769935273
2 0.8252946311654299 0.7036907327586207 0.021774445179506628 0.013912016769935273
2 0.7009766477520735 0.705010775862069 0.020395919153753897 0.013695447198275777
2 0.5761573821475339 0.7056707974137931 0.02067789038629423 0.014231714709051744
2 0.4518393987341772 0.7063308189655172 0.021523804083915365 0.01508768015894399
2 0.32727077422522916 0.7076508620689655 0.020442914359177215 0.013912016769935273