1 0.10092058848834208 0.7040338983050848 0.019125871117611628 0.011389830508474575
3 0.20016346898391119 0.6412203389830509 0.0160930912845221 0.00972881355932202
3 0.3216940548911641 0.6402542372881356 0.01602856405403075 0.00945762711864423
3 0.444708767099716 0.6402542372881356 0.01635120020648715 0.009762711864406698
3 0.567723479308268 0.6392881355932203 0.016854512604319014 0.010220338983050775
3 0.6902477845650864 0.6379830508474577 0.016531876451862614 0.009694915254237345
3 0.8127720898219047 0.6366779661016949 0.01646734922137148 0.009610169491525274
1 0.2211606297857696 0.7051355932203389 0.01950012905446097 0.011898305084745668
3 0.3204680375118299 0.2571186440677966 0.016144713068915083 0.009694915254237345
3 0.9347930826808913 0.6360338983050847 0.01646734922137148 0.009796610169491562
3 0.1985631936677278 0.25808474576271184 0.016028564054030824 0.009915254237288213
3 0.4429794373225501 0.2559830508474576 0.01596403682353947 0.009830508474576333
3 0.6882732513120537 0.25289830508474576 0.015602684332788249 0.009169491525423817
3 0.5657489460552353 0.2543559322033898 0.015899509593048335 0.010033898305084771
1 0.8335240471478963 0.7012372881355933 0.020184117697668664 0.013203389830508361
3 0.8112879635206056 0.2522542372881356 0.01555106254839534 0.009203389830508495
1 0.7114901488428116 0.7025423728813559 0.02040351028133852 0.012271186440678055
1 0.464970317473974 0.7044915254237287 0.02093263357136713 0.013355932203389785
1 0.3431945280908544 0.7051355932203389 0.019654994407640056 0.012644067796610254
3 0.9328185494278584 0.2514406779661017 0.015602684332788249 0.009915254237288213
1 0.5879850296825261 0.7038474576271185 0.02068743009550024 0.013203389830508361
2 0.8315495138948636 0.31777966101694916 0.020932633571367276 0.014830508474576239
2 0.21905704207175428 0.3233050847457627 0.01973242708422956 0.014542372881355922
2 0.34096188591585647 0.3215084745762712 0.021371418738707716 0.014830508474576239
2 0.7090252086380452 0.31876271186440674 0.020106685021078725 0.014661016949152478
2 0.0983911210530844 0.32444067796610165 0.019048438441022084 0.014491525423728812
2 0.5865009033812268 0.31955932203389825 0.02045513206573172 0.014220338983050832
2 0.4637313946485417 0.32037288135593217 0.020661619203303786 0.015169491525423667