2 0.346407682234832 0.2830862068965518 0.0212396333478831 0.015741379310344805
2 0.22271497162811002 0.2847413793103449 0.0210694020078568 0.014844827586206956
3 0.20167175905718027 0.21774137931034485 0.017848101265822813 0.010396551724137927
3 0.4518987341772152 0.9933333333333333 0.017721518987341773 0.013333333333333334
3 0.4496726320384112 0.21462068965517248 0.017979048450458373 0.010896551724137945
2 0.470977738978612 0.28193103448275864 0.021802706241815722 0.015793103448275947
3 0.3253513749454387 0.21593103448275863 0.017638585770405918 0.010396551724137927
3 0.20379746835443038 0.9933333333333333 0.017721518987341773 0.013333333333333334
3 0.5747402880838063 0.21362068965517242 0.017769532955041478 0.011379310344827616
3 0.6990615451767788 0.2123103448275862 0.018044522042776154 0.011206896551724127
3 0.5759493670886076 0.9933333333333333 0.017721518987341773 0.013333333333333334
3 0.7020733304233959 0.9947586206896553 0.018044522042776154 0.010120689655172252
2 0.720615451767787 0.27979310344827585 0.021606285464862526 0.015379310344827578
3 0.8263945875163685 0.9941034482758623 0.018044522042776154 0.01027586206896558
3 0.8233828022697512 0.21148275862068966 0.017769532955041335 0.01048275862068967
2 0.8449367088607594 0.2788103448275862 0.02202531645569603 0.015431034482758624
2 0.5957965953731995 0.28127586206896554 0.0209122653862942 0.014793103448275814
3 0.5762461807071149 0.6036896551724138 0.018109995635093933 0.011017241379310387
3 0.2034264513312964 0.606 0.017704059362723696 0.011017241379310387
3 0.32736796158882586 0.6050172413793105 0.017638585770405918 0.010637931034482713
2 0.34816237450894805 0.6726724137931035 0.021147970318638066 0.015206896551724185
3 0.7010650371017024 0.6027068965517242 0.01838498472282832 0.010896551724137945
2 0.47273243125272807 0.6720172413793103 0.021802706241815722 0.015499999999999924
3 0.4519380183326059 0.6046896551724139 0.017900480139676895 0.01015517241379314
2 0.2249803579223047 0.6733275862068966 0.021357485814055034 0.014965517241379303
2 0.5973024879965081 0.6706896551724139 0.0212396333478831 0.01513793103448279
3 0.9482016586643387 0.21098275862068966 0.017704059362723696 0.010982758620689642
2 0.8469402007856831 0.6690344827586208 0.021855085115669946 0.01513793103448279
2 0.7221213443910958 0.6700344827586207 0.02040157136621566 0.014120689655172592
3 0.825386294194675 0.6017241379310345 0.018332605848974386 0.010758620689655156
3 0.9507027498908773 0.9927758620689656 0.018044522042776154 0.009775862068965656
3 0.9502051505892624 0.6010517241379311 0.01810999563509379 0.010517241379310462
3 0.3265822784810127 0.995 0.020253164556962026 0.01