2 0.3419555705824496 0.7014622043918919 0.020841950225047076 0.015064755001583687
2 0.22089422789086557 0.7021088471283785 0.020488956959085244 0.014610084327491488
2 0.5862883007612043 0.700168918918919 0.020488956959085314 0.015357764991553988
2 0.4639991554054055 0.7008155616554055 0.02096473049146848 0.015186000514674825
2 0.7080863250513173 0.6995222761824325 0.020642432292112073 0.014216036409945142
3 0.44288094958091007 0.6348580025337839 0.01688228663295411 0.010154311721389414
2 0.8298843493414301 0.6982289907094595 0.020811255158441722 0.01437769709406666
2 0.09835952200222374 0.320751293285473 0.019414629627897285 0.015236519478462848
3 0.3210829252907971 0.6355046452702703 0.01637581803396559 0.00984109414590364
3 0.6869681192268219 0.6329180743243245 0.01668276870001925 0.010189674996040973
3 0.8087661435169348 0.6322714315878378 0.016191647634333336 0.0097653157002217
2 0.10069234706423197 0.7021088471283785 0.020212701359636934 0.015842747043918925
3 0.19977602206637018 0.6361512880067568 0.017020414432678335 0.010230090167071352
2 0.3402366468525488 0.3178414009712838 0.021164248424403485 0.015125377758129256
2 0.21917530416096478 0.3192963471283784 0.020642432292112146 0.014438319850612325
2 0.46203467114266167 0.31670977618243246 0.020765212558533624 0.015125377758129256
3 0.44140758638385225 0.25107553842905406 0.01688228663295411 0.010598878602723781
2 0.7066129618542594 0.31460818728885137 0.020642432292112073 0.015064755001583592
2 0.5843238164984605 0.31590147276182434 0.021133553357798134 0.01495361328125
3 0.31936400156089634 0.25220716321790543 0.016314427900754744 0.010346283783783767
3 0.9300730467413617 0.6313014674831081 0.016820896499743408 0.010154311721389414
2 0.8279198650786863 0.31363822318412166 0.020719169958625525 0.015004132245038023
3 0.8072927803198768 0.24735734269425677 0.01668276870001925 0.010270505338101733
3 0.685003634964078 0.2483273067989865 0.01643720816717615 0.010189674996040973
3 0.9285996835443039 0.24687236064189194 0.016314427900754744 0.010310920509132208
3 0.19817987860289088 0.253662109375 0.01605351983460911 0.010346283783783767
3 0.5651700949367089 0.6348580025337839 0.016759506366532704 0.011447597194362325
3 0.5632056106739651 0.24913561021959463 0.016820896499743408 0.011225313753695142