0 0.06420779781833891 0.9377836879432624 0.009396263095366682 0.01086879432624149
2 0.08170428772005615 0.30333333333333334 0.02115509234258559 0.01526595744680852
3 0.18720974187277242 0.23308510638297875 0.017226482341505568 0.010744680851063795
3 0.3149908197429528 0.23189716312056735 0.016632465709039906 0.010283687943262407
3 0.4431499081974295 0.230709219858156 0.01695647478129385 0.010780141843971573
3 0.18862728156388378 0.6337056737588653 0.01763149368182311 0.011063829787234076
2 0.2089048493357814 0.30196808510638296 0.02142509990279731 0.015212765957446759
3 0.829989739712712 0.6293085106382978 0.01651096230694473 0.009308510638297966
3 0.8279241818770925 0.227145390070922 0.01659196457500818 0.01001773049645389
3 0.3165298628361594 0.633031914893617 0.01695647478129385 0.01024822695035463
3 0.6997515930446053 0.2274822695035461 0.01710497893941032 0.009982269503546111
2 0.08397235122583432 0.7029432624113475 0.021722108219030138 0.016560283687943336
2 0.33668592720596174 0.30062056737588655 0.022653634301760435 0.01569148936170213
2 0.464858516038449 0.2994326241134752 0.021897613133167796 0.01611702127659574
3 0.5710659898477157 0.22900709219858154 0.017833999351981954 0.011294326241134722
3 0.9581623285451992 0.6282801418439716 0.017496489901717434 0.01037234042553204
3 0.4447024516686467 0.6323581560283688 0.017496489901717288 0.010815602836879445
3 0.5731315476833351 0.6313297872340425 0.017915001620045404 0.011028368794326298
2 0.7219732152500269 0.2970567375886525 0.02193811426719938 0.015390070921985834
2 0.21084890376930557 0.7029432624113475 0.02164110595096658 0.015514184397163148
2 0.8501458040825144 0.29638297872340424 0.022059617669294696 0.015815602836879446
3 0.7018171508802247 0.6303191489361701 0.017550491413759445 0.010212765957446853
2 0.5932876120531375 0.29824468085106387 0.02193811426719952 0.015088652482269442
2 0.338238470677179 0.7022695035460993 0.02253213089966526 0.01611702127659574
2 0.7240387730856463 0.7002304964539008 0.021857111999135925 0.01574468085106389
3 0.95609677070958 0.22613475177304962 0.01669996759909249 0.0104432624113475
2 0.8516983475537315 0.6988652482269504 0.02231612485149577 0.01574468085106389
2 0.4666675666918674 0.7015957446808511 0.02261313316772871 0.01650709219858148
2 0.5953531698887569 0.7009042553191489 0.022113619181337 0.016063829787233884