3 0.6900700098797397 0.9724496644295304 0.01821789936292708 0.010318791946308845
3 0.44700286171771203 0.9730872483221479 0.017885735699928396 0.01020134228187923
3 0.5687791707832249 0.9730872483221479 0.01812847068442752 0.01020134228187923
3 0.20564763397267743 0.9730872483221479 0.01760467413892957 0.010117449664429614
3 0.2016105679146936 0.21661073825503355 0.017464143358430155 0.010318791946308727
2 0.22239634790311044 0.2808389261744967 0.02037696317241851 0.014614093959731539
2 0.5878530303546486 0.659010067114094 0.020760228937416976 0.014563758389261732
3 0.8113608489762547 0.9711577181208054 0.017540796511430007 0.00996644295302038
2 0.46607672128913574 0.6596476510067114 0.021322352059414778 0.014899328859060385
2 0.34307396177562777 0.2789261744966443 0.02083688209041654 0.015436241610738269
3 0.3225309167717099 0.2148489932885906 0.01727251047593096 0.010318791946308727
2 0.7101148093891596 0.6583557046979867 0.02127124995741507 0.014010067114094037
2 0.34478588219262085 0.6602852348993289 0.020721902360917123 0.014899328859060385
2 0.4646075358566416 0.27812080536912753 0.021156270227915365 0.01520134228187923
3 0.44406449085272376 0.2135738255033557 0.017885735699928396 0.010520134228187957
3 0.6871316390147516 0.2111577181208054 0.017464143358430297 0.010771812080536923
2 0.7081601539876674 0.2760234899328859 0.021002963921915953 0.014848993288590672
3 0.5658407999182368 0.2126006711409396 0.017208632848431177 0.01093959731543625
3 0.20357799884168573 0.5954194630872484 0.01754079651142986 0.010805369127516921
3 0.8084224781112663 0.21020134228187923 0.017336388103430595 0.01016778523489935
2 0.22436377883010258 0.6609228187919465 0.021156270227915365 0.014614093959731539
2 0.8294509930841822 0.2750671140939598 0.02178227097741273 0.01531879194630875
2 0.8314056484856744 0.6567617449664431 0.021194596804415076 0.014228187919463077
2 0.5863838449221546 0.27731543624161076 0.020249207917419024 0.014278523489932885
3 0.9301987871767793 0.2097147651006712 0.01741304125643059 0.010402684563758414
3 0.3242428371887031 0.5947651006711411 0.017464143358430155 0.010570469798657693
3 0.6890862944162437 0.59251677852349 0.018013490954927956 0.010771812080536923
3 0.5673099853507308 0.5934899328859061 0.01760467413892957 0.010687919463087307
3 0.44577641126971695 0.5944463087248323 0.017809082546928836 0.010050335570469807
3 0.8103771335127586 0.5915604026845639 0.017336388103430595 0.01043624161073827
3 0.9326389125472695 0.9705201342281878 0.017604674138929424 0.00939597315436231
3 0.9321534425782715 0.5912416107382551 0.017668551766429133 0.010285234899328847
3 0.32661908493169356 0.9744798657718121 0.017911286750928398 0.012416107382550385