3 0.6975482839618948 0.980865664758818 0.018265146850123953 0.010600499571164938
3 0.3248768432728696 0.9821855713202081 0.01804658953738747 0.010322081780871935
3 0.5731579505415633 0.9815256180395131 0.018327591796620094 0.010363328860915372
3 0.44851783733524725 0.9815256180395131 0.01778119851477874 0.010363328860915372
3 0.20248474814041498 0.9821855713202081 0.01792169964439512 0.010322081780871935
2 0.21946977358736783 0.2694360281694997 0.020638054816977648 0.015374849086193694
3 0.8209394982382878 0.9802057114781227 0.01764069738516257 0.010363328860915372
2 0.22134312198225234 0.658808463779609 0.02091905707621034 0.014735519345520342
2 0.4685002202140154 0.6574885572182187 0.02160595148766808 0.015612019796443546
2 0.3426112080777763 0.2676211566475882 0.02099711325933059 0.016045114136899623
2 0.3443596665796685 0.6581485104989138 0.020606832343729578 0.015024248905824393
3 0.32187948584105436 0.20129585193773056 0.017234805232937453 0.010600499571165033
2 0.4667517617121231 0.26663122672654554 0.02157472901441987 0.015797631656639007
3 0.6940513669581103 0.1976661088939075 0.017921699644395193 0.010940787981523474
2 0.715532428552786 0.2646513668844602 0.021200059335443038 0.015137678375943842
2 0.5926407738483622 0.6564986272971761 0.021200059335443038 0.015312978466128445
3 0.44577025968941664 0.19997594537634034 0.01818709066700378 0.010641746651208516
3 0.19836338167166903 0.20261575849912075 0.017781198514778808 0.011415129402023083
2 0.5911420951324545 0.2661362617660242 0.020762944709969925 0.01450866040528135
3 0.8179421408064727 0.19684116729303863 0.017578252438666432 0.010280834700828358
3 0.5701605931097481 0.19865603881495017 0.017437751309049974 0.011157335151751562
2 0.7170311072686936 0.6561686506568285 0.020716111000097966 0.01434367208510751
3 0.20023673006655354 0.5921531824294037 0.017500196255546115 0.010940787981523474
2 0.8399227619731175 0.26366143696341754 0.021496672831299697 0.01484894881563979
2 0.8409218811170559 0.6548487440954384 0.021324949228435315 0.014797389965585496
3 0.9423324742268041 0.19601622569216975 0.01743775130905012 0.010641746651208516
3 0.32362794434294656 0.5914932291487087 0.017578252438666286 0.010481914216040155
3 0.94483027208665 0.9788858049167326 0.017312861416057555 0.009698219695214873
3 0.5716592718256557 0.5901733225873185 0.017703142331658563 0.010765487891338871
3 0.6960496052459871 0.5888534160259283 0.018405647979740265 0.010559252491121692
3 0.44751871819130884 0.5908332758680136 0.017703142331658563 0.010203496425746963
3 0.8199403790943494 0.5878634861048857 0.01764069738516257 0.01044066713599672
3 0.9443307125146808 0.5875335094645381 0.01764069738516257 0.01012100226566009
1 0.09749670518248939 0.2697973720586334 0.020793170804626483 0.014460440865711039
1 0.09813924254534777 0.6574885572182187 0.02207428858638912 0.01739595600832234