3 0.19587932232170424 0.20592198388501742 0.0178865607633529 0.010389374523628068
3 0.5722252238345168 0.20158699912891986 0.01809233535620559 0.010931247618140247
3 0.5737447900586601 0.5987382948606272 0.018867947283112117 0.011097977801067032
3 0.6998687866625503 0.5977379137630663 0.018234794689719013 0.010431057069359706
3 0.4481273155294844 0.5994052155923345 0.018725487949598694 0.0107540967987804
3 0.32099027477616554 0.20442141223867596 0.018171479430379747 0.010754096798780494
3 0.8239666949675827 0.19958623693379793 0.017949876022692168 0.010149699885670741
2 0.3440370291756715 0.6670976698606272 0.021954566175903047 0.01615198647103663
3 0.19752551906452612 0.6010725174216028 0.01768078617050014 0.010592576934070053
2 0.4699077647422044 0.6670976698606272 0.0216696475088762 0.015537168921493958
3 0.4466077493053412 0.20275411040940766 0.01851971335674586 0.01122302543826218
3 0.322763102037666 0.6004055966898956 0.018298109949058353 0.010071545112423716
3 0.8264993053411547 0.5970709930313589 0.018440569282571703 0.009727664110137273
3 0.698349220438407 0.20041988784843207 0.017348381058968698 0.010035072884908515
2 0.5960317613460945 0.6664307491289199 0.022286971287434416 0.01489108946265238
2 0.21892607672121026 0.6684315113240419 0.0216696475088762 0.015537168921493958
2 0.7216492358752702 0.6657638283972126 0.02162216106437168 0.015005716463414653
0 0.07760641787588762 0.9225283101045297 0.00928359990062519 0.010389374523628021
3 0.700881830811979 0.9918880662020907 0.01809233535620559 0.01047273961509139
3 0.9495841694967584 0.19858585583623695 0.01809233535620559 0.01067073170731708
3 0.3245359292991664 0.9925549869337981 0.017949876022692168 0.010509211842606874
2 0.8472667104044458 0.6650969076655052 0.022033710250077058 0.015360018102134063
3 0.4499001427909849 0.9925549869337981 0.018377254023232436 0.010389374523628021
3 0.5752643562828034 0.9925549869337981 0.018234794689719013 0.010389374523628021
2 0.09666431093701759 0.27444808906794427 0.014586252870291765 0.015120343464176832
2 0.34251746295152824 0.27144694577526135 0.022128683139086103 0.016339557926829305
3 0.8270058274158691 0.990554224738676 0.018029020096866324 0.010227854658917674
3 0.1999314989194196 0.9925549869337981 0.0178865607633529 0.010389374523628021
3 0.9521167798703304 0.596070611933798 0.018377254023232436 0.010347691977896338
2 0.7196231475764125 0.2677788817508711 0.022255313657764637 0.015599692740091485
2 0.2172798799783884 0.272780787238676 0.02182793565722444 0.01640208174542683
3 0.9521167798703304 0.9892203832752614 0.017823245504013634 0.010509211842606874
2 0.5940056730472368 0.2694461835801394 0.022033710250077203 0.015360018102134158
2 0.8457471441803027 0.26711196101916374 0.02182793565722437 0.015714319740853664
2 0.46813493748070395 0.2709467552264808 0.02162216106437168 0.015245391101371979
2 0.09837382293917876 0.6690984320557493 0.01392935705464651 0.01559969274009139