2 0.2202006542665997 0.6628565436241611 0.02124367777835743 0.015555772205327117
1 0.10160285602195687 0.284540163590604 0.014198112702225938 0.014622425873007595
3 0.322048041831329 0.9750157298657719 0.01727004020830496 0.010316989565855769
3 0.19794828387430588 0.21806181837248323 0.017132491215495437 0.009890460327967693
3 0.20186078855866524 0.9743734270134229 0.01760627107961707 0.010241719700345963
2 0.34112150216758086 0.6622142407718121 0.021442359656860015 0.015736419882550385
3 0.6856664459339761 0.9737311241610739 0.017545138193923858 0.01000587412174923
3 0.31862460023251465 0.21677721266778524 0.017208907322611856 0.010046018050020962
3 0.5643788007188363 0.9743734270134229 0.01780495295811973 0.01004601805002115
2 0.4624091473827207 0.6615719379194632 0.021197828114087613 0.015495556312919424
3 0.4433356870464689 0.9750157298657719 0.01804948450089213 0.010241719700345963
2 0.5844303872261779 0.6609296350671141 0.021656324756785923 0.014682641765415193
2 0.7057180324413179 0.6596450293624162 0.021243677778357284 0.014682641765415193
3 0.43991224544765445 0.21549260696308725 0.017606271079617142 0.010608033045826346
3 0.5614444222055668 0.21388684983221481 0.017407589201114407 0.010728464830641802
3 0.8045087757213913 0.21195994127516782 0.01727004020830496 0.00951411100041947
2 0.8270056776564576 0.6590027265100672 0.02156462542824629 0.015134260958473079
1 0.1033757097070572 0.6634988464765101 0.013349893913233966 0.014732821675755
3 0.807443154234661 0.972446518456376 0.017545138193923858 0.009514111000419613
3 0.19941547313094063 0.5973416526845639 0.017010225444109236 0.0103571334941275
2 0.21836666769580623 0.2830949821728188 0.020922730128468566 0.015134260958473172
2 0.3394097813681736 0.28148922504194634 0.02132009388547374 0.01591706755977346
2 0.703761780099138 0.2781171350671141 0.021488209321129832 0.015314908635696345
3 0.6827320674207067 0.21308397126677855 0.0168115435656065 0.009438841134909831
2 0.5824741348839982 0.27924116505872487 0.021610475092516106 0.01543534042051173
2 0.8245603622287332 0.2773142565016779 0.020999146235585023 0.015023865155725673
3 0.44162396624706163 0.5960570469798658 0.01794250195092918 0.010648176974098079
3 0.32033632103192183 0.5970205012583893 0.01746872208680758 0.01000587412174923
2 0.46094195812608596 0.28084692218959734 0.02072404824996598 0.014853253460570481
3 0.9257964209365313 0.21115706270973156 0.01733117309399795 0.010276845637583893
3 0.806465028063571 0.5934878355704699 0.017804952958119583 0.009624506803166923
3 0.6846883197628864 0.5944512898489933 0.017545138193923858 0.0103571334941275
3 0.5629116114622015 0.5950935927013423 0.01856911402928358 0.010858932597525192
3 0.9282417363642559 0.971804215604027 0.01661286168710406 0.010121287915530578
3 0.9277526732787109 0.5925243812919464 0.017545138193923858 0.01020157577207423
0 0.083568654742488 0.9075739303691277 0.009284557014641827 0.010397277422399232