3 0.19456142923395897 0.6680091594827586 0.01702792943174382 0.010524249898976261
3 0.315997040048014 0.2752963362068966 0.017027929431743746 0.01060159617456899
3 0.31800216881274557 0.6680091594827586 0.016965269157845894 0.010818165746228488
2 0.4618701576822348 0.3406384698275862 0.021147842440528114 0.014963926117995735
3 0.5673900589262332 0.6666891163793104 0.017027929431743746 0.010524249898976261
2 0.586438782191183 0.3399784482758621 0.02036458901680483 0.014283278892780136
3 0.1924309799214317 0.27711139547413793 0.01683994861005019 0.011106925175107751
3 0.6897029135748582 0.27216123383620694 0.016965269157846036 0.01060159617456899
3 0.441066946748145 0.2746363146551724 0.017027929431743746 0.010818165746228488
2 0.7112580477957224 0.3389884159482759 0.020912866413411245 0.014623602505387889
2 0.09267582387603666 0.7353313577586207 0.020991191755783522 0.015201121363146513
3 0.8145221791793977 0.2715012122844828 0.015900044501582278 0.009890010439116376
2 0.2153646401680489 0.7346713362068966 0.01975365134630078 0.014283278892780232
3 0.5653849301615016 0.2734812769396552 0.016902608883948043 0.010684098868534496
3 0.44257079332169363 0.6680091594827586 0.01683994861005019 0.010240646888469769
2 0.33930666193801834 0.7346713362068966 0.020881536276462317 0.014283278892780232
3 0.9393414447839371 0.27051117995689655 0.01626034107649485 0.01036440092941812
2 0.3373015331732868 0.34261853448275864 0.021147842440528114 0.014912361934267248
3 0.8160260257529465 0.664709051724138 0.016714628062254346 0.010323149582435272
2 0.46387528644696646 0.7340113146551724 0.021398483536119662 0.01467516668911647
3 0.6917080423395898 0.6653690732758621 0.01729423559580983 0.011065673828125
2 0.8355760312090791 0.3379983836206897 0.02132015819374713 0.014510161301185367
2 0.21398611414229596 0.34393857758620694 0.020442914359177215 0.01434515591325436
2 0.7127618943692711 0.7320312500000001 0.020599565043921988 0.014015145137392248
2 0.5884439109559145 0.7326912715517242 0.020881536276462175 0.01396358095366376
3 0.9408452913574858 0.6640490301724139 0.016526647240560792 0.010441747205010756
2 0.8370798777826277 0.7313712284482758 0.021805775316455698 0.014231714709051744
2 0.09067069511130513 0.3449286099137931 0.020395919153753828 0.015314562567349128