2 0.4555969726098414 0.3118600682593856 0.020574704099073318 0.014473872786902764
2 0.578642075646952 0.31104348869453924 0.01969093760800534 0.013922681580631414
3 0.4345106142264656 0.2458804394197952 0.01699312410895587 0.010829886478775563
3 0.6808488951051971 0.24310406889931738 0.01672954462916366 0.010416493074072074
3 0.3127058852119065 0.6329391531569964 0.017117161511210982 0.010615534343003408
3 0.8043901477513283 0.24277743707337882 0.016217890344861086 0.010334835117587413
2 0.7021833282930832 0.30973696139078494 0.0202336012428716 0.014137033716403569
3 0.559788390504169 0.6313059940273037 0.016543488525780813 0.010870715457017847
3 0.18879252035900979 0.24833017811433444 0.016729544629163588 0.010870715457017942
3 0.5578037920680865 0.24424728029010234 0.017256703588747934 0.010656363321245692
3 0.927435250788439 0.24163422568259382 0.01627990904598875 0.010615534343003408
3 0.4362471378580377 0.6326125213310579 0.016419451123525775 0.01078905750053328
2 0.3325518695727308 0.31332991147610917 0.02134993786316796 0.014473872786902764
3 0.6828334935412795 0.6306527303754266 0.016667525928035998 0.011085067592790097
2 0.08968663595714346 0.7005519411262798 0.020667732150764673 0.014586152477069163
3 0.19028096918607162 0.6335924168088737 0.017117161511210982 0.010829886478775658
2 0.2113673275694474 0.6998986774744027 0.02034213396984487 0.014249313406569968
3 0.31121743638484467 0.24686033489761092 0.016217890344861086 0.010416493074072074
3 0.9294198492245214 0.6286929394197952 0.01699312410895587 0.009492737441339614
2 0.3340403183997926 0.6992454138225256 0.02125690981147661 0.01442283656409984
2 0.8257245809392145 0.30859374999999994 0.020776264877737868 0.014249313406569968
2 0.21000291614464076 0.3151263865187713 0.02031112461928111 0.014085997493600644
3 0.8053824469693697 0.6293462030716723 0.017194684887620416 0.009906130846043007
2 0.5806266740830345 0.6985921501706484 0.02046617137209998 0.014198277183767042
2 0.7036717771201451 0.6972856228668941 0.020822778903583687 0.014198277183767042
2 0.4570854214369032 0.6985921501706484 0.021055349032812063 0.014698432167235561
2 0.8267168801572558 0.6959790955631399 0.02162902201824216 0.014249313406569968
2 0.08788809362444376 0.3159429660836177 0.02003204046420702 0.014871955324765339
0 0.07052285730872251 0.9207017918088737 0.0090237210140623 0.010493047408276274