2 0.34047639411563463 0.3226013513513513 0.02112983236400963 0.01478040540540538
2 0.4622776257269928 0.3211486486486487 0.020616660964762265 0.014831081081081075
2 0.10069705781731099 0.7070270270270271 0.020539685254875133 0.01603040540540538
2 0.828412589804995 0.3183952702702703 0.02096305165925422 0.014898648648648607
2 0.7066113581936367 0.319375 0.020462709544988144 0.014442567567567626
2 0.21917550461854263 0.32390202702702703 0.020360075265138583 0.014493243243243227
2 0.5843226137529935 0.3205067567567568 0.020565343824837413 0.014442567567567626
3 0.1997776257269928 0.6410810810810811 0.016883339035237806 0.010354729729729683
3 0.4431235032500855 0.6401013513513514 0.016883339035237734 0.0104729729729731
2 0.09836212795073557 0.3253547297297298 0.019872562435853572 0.015067567567567627
3 0.44140437906260693 0.2559966216216217 0.01637016763599037 0.010304054054054082
3 0.6850068422853235 0.25358108108108113 0.01688333903523788 0.009729729729729684
3 0.1980585015395142 0.2584290540540541 0.016947485460143654 0.010270270270270221
3 0.32107851522408487 0.6404222972972973 0.016434314060896363 0.009847972972973101
3 0.6869697228874445 0.6381587837837839 0.016947485460143727 0.010118243243243228
2 0.46399674991447154 0.7057432432432433 0.02112983236400963 0.014898648648648797
3 0.8072955867259665 0.2529222972972973 0.016755046185425893 0.009881756756756772
3 0.9285964762230585 0.2521114864864865 0.016049435511460694 0.009949324324324304
2 0.3419517618884708 0.7063851351351351 0.02071929524461168 0.015
2 0.5862854943551147 0.7050844594594595 0.020616660964762265 0.01478040540540538
3 0.31961597673622993 0.25729729729729733 0.016370167635990442 0.00979729729729731
3 0.8087709544988027 0.636875 0.016370167635990515 0.009662162162162152
3 0.9300718439958948 0.6358952702702703 0.01649846048580221 0.009881756756756772
2 0.7085742387957578 0.7044425675675676 0.020809100239479954 0.014324324324324305
3 0.5651684912760863 0.6394594594594596 0.016755046185425893 0.011148648648648608
2 0.22089462880602123 0.7070270270270271 0.02084758809442352 0.014324324324324305
3 0.5636931235032502 0.25486486486486487 0.015690215531987742 0.010726351351351393
2 0.8298879575778311 0.7031587837837837 0.021245295928840186 0.014611486486486455
0 0.08165839890523435 0.9120101351351351 0.008698255217242549 0.010540540540540632