3 0.1856962025316456 0.2052586206896552 0.018188563945875126 0.010724137931034553
2 0.20675250982103885 0.2717586206896552 0.021475338280226967 0.015741379310344805
3 0.3093889131383676 0.20360344827586208 0.017769532955041478 0.010810344827586154
2 0.33044522042776087 0.2701034482758621 0.021567001309471857 0.01629310344827587
2 0.4550152771715409 0.26912068965517244 0.021606285464862526 0.015793103448275947
3 0.43395896988214755 0.2021206896551724 0.017900480139676895 0.010758620689655203
3 0.6833478830205152 0.19998275862068965 0.017900480139677183 0.010948275862068944
2 0.7049017896115233 0.26763793103448275 0.021278917503273768 0.014793103448275814
3 0.8076691401134876 0.19932758620689656 0.01784810126582296 0.010396551724137927
2 0.5800829332169359 0.2687931034482759 0.021069402007856872 0.014620689655172422
3 0.1873330423395897 0.5946724137931035 0.01804452204277601 0.01098275862068969
3 0.5585290266259275 0.20163793103448277 0.017769532955041478 0.011465517241379312
2 0.8292230467044959 0.26648275862068965 0.022274116106503736 0.015206896551724091
2 0.20875600174596248 0.6623275862068965 0.021357485814055034 0.014620689655172518
3 0.9324879965080751 0.1986551724137931 0.01797904845045823 0.010896551724137898
2 0.332199912701877 0.6616724137931035 0.021147970318638066 0.015379310344827483
3 0.3111436054124837 0.594344827586207 0.018188563945875126 0.010948275862068991
3 0.4357136621562637 0.5940172413793103 0.017979048450458373 0.010362068965517134
2 0.705910082933217 0.6590172413793104 0.02088607594936709 0.014517241379310234
3 0.6848537756438237 0.5917068965517241 0.018830205150589516 0.010948275862068991
3 0.8091750327367963 0.5910344827586207 0.017900480139677183 0.010603448275862017
3 0.5605325185508512 0.5930172413793103 0.018188563945875126 0.011068965517241243
2 0.5810912265386294 0.6596896551724138 0.0209122653862942 0.01513793103448279
2 0.8307289393278046 0.6580344827586209 0.022156263640331877 0.014965517241379303
2 0.45652116979484947 0.661 0.021855085115670088 0.015793103448275853
3 0.9339938891313838 0.5903793103448277 0.018332605848974386 0.010603448275862017
3 0.4367219554779572 0.9844137931034483 0.017704059362723696 0.010603448275862395
3 0.31264949803579223 0.9844137931034483 0.017900480139676964 0.010603448275862395
3 0.18946748144914885 0.9844137931034483 0.018109995635093863 0.010448275862068689
3 0.6863596682671324 0.9837586206896552 0.018463553033609657 0.010568965517241699
3 0.5620384111741598 0.9844137931034483 0.01852902662592758 0.010810344827586202
3 0.8101702313400263 0.9831034482758622 0.017704059362723696 0.010051724137930857
3 0.9344914884329988 0.9817758620689655 0.017560017459624724 0.009965517241379302