1 0.10172512179334312 0.2827738307466443 0.014526701962826422 0.015023865155725673
2 0.2203229200379859 0.6615719379194632 0.02107556234270134 0.015134260958473079
3 0.19770375233153342 0.21661663695469802 0.017468722086807546 0.009815190462458077
3 0.20198305433005148 0.9737311241610739 0.01740758920111448 0.010437421350671154
3 0.3222925733741015 0.9737311241610739 0.01720890732261182 0.01035713349412769
2 0.34112150216758086 0.6609296350671141 0.0213965099925902 0.015375124528104038
3 0.686155509019521 0.973088821308725 0.017545138193923858 0.010527745189282693
3 0.4433356870464689 0.9743734270134229 0.01774382007242659 0.010161431843802499
3 0.5648678638043811 0.9737311241610739 0.01774382007242659 0.010527745189282693
2 0.4624091473827207 0.6609296350671141 0.020831030799928933 0.01508408104813346
2 0.5844303872261779 0.6602873322147652 0.021610475092516106 0.014401634267512502
3 0.31886913177528703 0.21517145553691278 0.017468722086807546 0.010005874121749159
2 0.7057180324413179 0.6590027265100672 0.0213965099925902 0.014853253460570386
3 0.807443154234661 0.971804215604027 0.01774382007242659 0.009965730193477308
3 0.8045087757213913 0.21083591128355705 0.017208907322611967 0.009850316399695889
3 0.44015677699042693 0.21356569840604028 0.01780495295811973 0.010648176974098172
3 0.6832211305062516 0.2113176384228188 0.01675041067991351 0.009549236937657284
3 0.5614444222055668 0.2126022441275168 0.017331173093998096 0.01089907652579697
1 0.10319231104997786 0.6628565436241611 0.013976505991588369 0.015023865155725768
2 0.8270056776564576 0.6583604236577182 0.021518775763976473 0.014963649263317886
2 0.2187334650099649 0.2813286493288591 0.02124367777835743 0.015796635774958077
2 0.3394097813681736 0.2798834679110738 0.0213965099925902 0.015796635774958077
3 0.1996600046737131 0.5966993498322148 0.01720890732261182 0.010527745189282693
2 0.703761780099138 0.2763508022231544 0.021778590528172197 0.015254692743288558
2 0.5824741348839982 0.27795655935402686 0.021656324756785923 0.015134260958473172
2 0.8250494253142779 0.27554792365771813 0.02132009388547374 0.015254692743288558
3 0.3205808525746943 0.5960570469798658 0.017942501950929213 0.00985031639969596
2 0.46094195812608596 0.27924116505872487 0.02107556234270134 0.014853253460570481
3 0.4418684977898341 0.5957358955536913 0.018018918058045636 0.010477565278942886
3 0.6846883197628864 0.5938089869966443 0.01774382007242659 0.01020157577207423
3 0.9257964209365313 0.2097118812919463 0.017407589201114407 0.010241719700346034
3 0.806954091149116 0.5931666841442954 0.017942501950929324 0.009549236937657307
3 0.5629116114622015 0.5947724412751679 0.01812590060800859 0.010939220454068845
3 0.9282417363642559 0.9711619127516778 0.01655172880141078 0.010086161978292693
3 0.9282417363642559 0.5922032298657718 0.017804952958119583 0.010086161978292693
0 0.08387431917095357 0.9069316275167787 0.009246348961083626 0.010241719700345963