3 0.2042904845027557 0.2639962480069872 0.016163317292815935 0.009124354855388978
2 0.10381538124990976 0.33116282027685773 0.02162902201824212 0.015453768264718424
3 0.32610698740657534 0.2624486721416382 0.017256703588747934 0.01037566409582979
3 0.44815979122564475 0.2606521970989761 0.016931105407828207 0.010452218430034084
3 0.5714529690672656 0.2595089857081911 0.017055142810083388 0.010748228522290995
2 0.34694527098544087 0.3285916168941979 0.02134993786316796 0.015341488574552026
3 0.6944980721043763 0.25820245840443684 0.016791563330291324 0.010176622826898457
3 0.817543175141487 0.25705924701365185 0.01627990904598875 0.009492737441339614
2 0.22501650456862657 0.33038809193686003 0.020466171372100054 0.01442283656409984
2 0.8388776083293731 0.3238554554180887 0.021256909811476755 0.01504547848229521
3 0.3275954362336372 0.6493440699658702 0.016667525928035998 0.010334835117587508
2 0.46974229921804117 0.3269584577645051 0.02170654539465152 0.015515011732081897
3 0.4498963148572169 0.6486908063139931 0.017055142810083388 0.010176622826898551
3 0.5734375675033481 0.6483641744880545 0.01679156333029118 0.01053387638651884
2 0.716328654901283 0.32483535089590443 0.02069874150132836 0.014698432167235466
3 0.6969788201494793 0.6470576471843004 0.017194684887620416 0.010135793848656174
3 0.20603878202358836 0.6493440699658702 0.017256703588748007 0.010258280783383119
3 0.8195277735775693 0.6460777517064845 0.016667525928035998 0.009344732395211205
2 0.5927874022551518 0.32548861454778155 0.021055349032812063 0.015219001639825081
3 0.9400921285695769 0.2564059833617747 0.015791511774609083 0.009906130846043103
2 0.2265049533956884 0.7159769624573378 0.020187087217026 0.014933198792128906
2 0.10525839269127747 0.7166302261092149 0.02183058279690674 0.014586152477069163
2 0.3484337198125027 0.7159769624573378 0.020931311630556882 0.01498423501493183
2 0.8408622067654554 0.7133639078498293 0.021132872409221428 0.014647395944432635
2 0.7178171037283448 0.7146704351535836 0.02122590046091278 0.014361593096736366
2 0.471230748045103 0.7153236988054608 0.021830582796906705 0.015341488574552122
2 0.5942758510822136 0.7146704351535836 0.020931311630556882 0.015280245107188648
3 0.9420767270056594 0.6450978562286689 0.016357432422398257 0.009201830971362976