3 0.18226524941560449 0.2192857142857143 0.018034666784280885 0.010627177700348512
3 0.307753715873506 0.2181184668989547 0.017889119216689436 0.010104529616724752
3 0.43312309795792353 0.21628919860627177 0.018722709831076625 0.01092334494773515
3 0.6871432981960924 0.6095993031358886 0.018166982754818595 0.010679442508710887
3 0.8107396462753056 0.21278745644599303 0.017955277201958147 0.01019163763066203
3 0.434896131963128 0.6112717770034843 0.01880209941339922 0.011271777003484355
3 0.18428968376483043 0.6125958188153311 0.017822961231420652 0.011219512195121979
3 0.560516914391567 0.6102613240418119 0.01869624663696914 0.011445993031359004
2 0.3308031579411635 0.6792857142857144 0.02233493582675433 0.016271777003484356
3 0.5589952807303842 0.21494773519163762 0.018034666784280885 0.011358885017421584
3 0.30952674987871037 0.6122648083623694 0.018166982754818522 0.010383275261324154
3 0.8132668813125744 0.6086062717770034 0.01829929872535616 0.010104529616724752
2 0.45667534071362414 0.6792857142857144 0.021951219512195162 0.015662020905923366
2 0.5827989238301063 0.6779616724738676 0.02242755700613074 0.015069686411149709
2 0.7089225069465884 0.6772996515679442 0.022202619856216476 0.015418118466899007
2 0.20556609182728358 0.6799651567944252 0.022162925065055322 0.01578397212543545
3 0.6851188638468664 0.2139547038327526 0.017478939708022855 0.010104529616724752
3 0.9363471971066909 0.21195121951219514 0.018087593172496 0.010679442508710793
2 0.8340404886869845 0.6766202090592335 0.022639262558990757 0.01571428571428574
3 0.8113924050632911 0.9966666666666667 0.017721518987341773 0.006666666666666667
2 0.08255193401843602 0.2889721254355401 0.014766462312001053 0.015121951219512179
3 0.9388876637410136 0.607595818815331 0.018656551845807556 0.010679442508710887
2 0.3290301239359591 0.28564459930313596 0.02208353548273287 0.016463414634146335
2 0.20367397344859528 0.28714285714285714 0.021699819168173557 0.015905923344947722
3 0.9379746835443038 0.9966666666666667 0.017721518987341773 0.006666666666666667
0 0.0645040356371014 0.9353832752613239 0.009539981475764136 0.01043554006968634
2 0.7063952719093196 0.2818118466898955 0.02228200943853907 0.015714285714285646
2 0.8320028227407048 0.2809756097560976 0.02162042958585096 0.015418118466899007
2 0.08457636836766198 0.6812891986062718 0.014700304326732234 0.01571428571428574
2 0.45490230670841975 0.2849825783972126 0.021792440347549968 0.015
2 0.5807744894808804 0.28313588850174215 0.022162925065055322 0.015836236933797824