3 0.16956986374565855 0.214140350877193 0.016978359604595244 0.010070175438596512
3 0.6764760886989046 0.2081578947368421 0.016657761154154398 0.01135087719298241
3 0.42257547421854125 0.21021052631578943 0.01685813518567988 0.012175438596491214
3 0.5496526850120225 0.20882456140350872 0.016924926529521756 0.011789473684210539
3 0.17110606465402084 0.6091052631578947 0.01665776115415447 0.011666666666666667
3 0.2970344643334224 0.6087719298245614 0.01597648944696775 0.011403508771929865
3 0.6785199038204648 0.606421052631579 0.017045150948437192 0.011140350877193061
3 0.9306171520170985 0.20596491228070177 0.01784664707453913 0.011350877192982457
3 0.4246994389527117 0.6077543859649123 0.01711194229227878 0.01175438596491233
3 0.8043147208121827 0.605736842105263 0.016657761154154398 0.010175438596491138
3 0.5511888859203847 0.6070877192982457 0.01806037937483293 0.011298245614035144
3 0.9326743254074271 0.6047368421052631 0.016657761154154398 0.011140350877193061
2 0.31697835960459525 0.28068421052631576 0.021052631578947375 0.015649122807017572
2 0.8247662302965535 0.27531578947368424 0.02125300561047293 0.015228070175438594
2 0.1909297355062784 0.2815263157894737 0.020892332353726915 0.015771929824561444
2 0.5711327811915575 0.2773333333333333 0.021199572535399374 0.014649122807017629
2 0.6984637990916377 0.27649122807017545 0.02249532460593093 0.015175438596491233
2 0.4443093775046754 0.2798421052631579 0.02149345444830351 0.014824561403508766
2 0.1929735506278386 0.6782807017543859 0.020812182741116722 0.015403508771929827
2 0.31876836761955646 0.6775964912280702 0.021907560780122796 0.01577192982456135
2 0.700507614213198 0.6755964912280701 0.02224151749933218 0.015526315789473794
2 0.06569596580283195 0.2833684210526316 0.020264493721613666 0.015526315789473699
2 0.4455917713064387 0.6769298245614035 0.02138658829815654 0.015350877192982466
2 0.5731765963131178 0.6765964912280702 0.021907560780122796 0.015473684210526433
2 0.8268100454181138 0.6749122807017544 0.021747261554902555 0.015473684210526433
3 0.8061715201709857 0.9982456140350877 0.017365749398877965 0.003508771929824661
3 0.9324071600320598 0.9973684210526316 0.016029922522041024 0.005263157894736802
2 0.06582954849051563 0.6789473684210526 0.020651883515896353 0.014157894736842232
3 0.2957387122628907 0.21189473684210525 0.017352391130109578 0.010578947368420966
3 0.8030991183542613 0.20768421052631575 0.017419182473951238 0.009017543859649113