3 0.19869996578857338 0.2094087837837838 0.015549093397194689 0.009003378378378338
3 0.5638085870680808 0.20500000000000002 0.01637016763599037 0.011148648648648654
3 0.44176359904208 0.20613175675675677 0.01599811837153613 0.011722972972972959
3 0.6880602121108451 0.5892736486486487 0.016370167635990515 0.01059121621621614
3 0.32119397878891554 0.5915371621621622 0.015510605542251194 0.010979729729729684
2 0.2192909681833733 0.2746790540540541 0.020360075265138583 0.014662162162162151
2 0.4619055764625386 0.2716047297297297 0.0201034895655149 0.014054054054054082
2 0.3403481012658229 0.2725844594594595 0.020257440985289026 0.014493243243243227
2 0.8280277112555593 0.26885135135135135 0.020218953130345458 0.014611486486486455
2 0.5844380773178243 0.2706418918918919 0.02092456380431051 0.014442567567567626
2 0.7062264796442013 0.2698310810810811 0.021745638043106554 0.014831081081081075
2 0.22112555593568256 0.6571621621621623 0.020360075265138583 0.014662162162162151
2 0.5864009579199453 0.6555574324324325 0.02112983236400963 0.014493243243243227
2 0.3420672254533014 0.6568412162162164 0.021168320218953197 0.014898648648648797
2 0.4638684570646596 0.6561993243243244 0.020488368114950424 0.014273648648648798
3 0.20283099555251455 0.9723986486486486 0.016755046185425965 0.010185810810810759
2 0.7086897023605885 0.6545777027027028 0.021360759493670885 0.014543918918918925
2 0.8299905918576806 0.6539358108108109 0.021040027369141356 0.015
2 0.09914471433458777 0.2766216216216216 0.01948768388641805 0.014831081081081075
3 0.5677343482723229 0.9723986486486486 0.01788402326377018 0.010591216216216328
3 0.4459331166609648 0.9730574324324325 0.017409339719466385 0.010793918918919114
3 0.6885477249401302 0.9717567567567568 0.01728104686965454 0.010388513513513544
3 0.3234006158056791 0.9723986486486486 0.016498460485802283 0.010236486486486457
3 0.8098614437222034 0.9704729729729731 0.016755046185425893 0.009662162162162152
3 0.9321501881628466 0.9691722972972974 0.01649846048580221 0.010185810810810759
2 0.09914471433458777 0.658141891891892 0.019949538145740707 0.01290540540540538
3 0.3200265138556278 0.20782094594594597 0.016318850496065733 0.009442567567567579
3 0.685815087239138 0.20407094594594596 0.016755046185425893 0.008902027027027042
3 0.8073853917208349 0.2033952702702703 0.01690899760520016 0.008969594594594621
3 0.9292892576120425 0.20282094594594594 0.016652411905576477 0.009611486486486503
3 0.4433544303797468 0.5913513513513514 0.016113581936366687 0.01121621621621614
3 0.5650786862812179 0.5908445945945946 0.016562606910708204 0.009746621621621519
3 0.8092328087581253 0.5888006756756757 0.015844166951761864 0.009695945945946012
3 0.9312906260691071 0.5878547297297297 0.015420800547382919 0.008462837837837849
3 0.20066284639069448 0.5922466216216217 0.01593397194663021 0.010168918918918924