3 0.6937080573001806 0.9778998940677966 0.018063213496408097 0.010421908103813469
3 0.3251567473974017 0.979197563559322 0.01784707248021169 0.010148180945445043
3 0.570692941796438 0.9785487288135593 0.01812496807246409 0.010188733117054956
3 0.4474308079884711 0.9785487288135593 0.017584615531973213 0.010188733117054956
3 0.20411777832745417 0.979197563559322 0.017723563328099486 0.010148180945445043
2 0.2209150230147122 0.2784560381355932 0.020409887386539653 0.015115821967690693
3 0.8157350995870257 0.9772510593220338 0.017445667735847013 0.010188733117054956
2 0.22276766029639505 0.6612685381355932 0.020687782978792053 0.014487263307732973
2 0.46719227232642174 0.6599708686440677 0.02136708331540906 0.01534899695444911
2 0.3426950469973329 0.27667174258474575 0.020764976198862188 0.01577479475635594
2 0.34442417512690354 0.6606197033898304 0.020379010098511584 0.014771128509004257
3 0.3221925277467091 0.21146385063559323 0.017044262991482408 0.010421908103813564
2 0.46546314419685103 0.2756984904661017 0.021336206027381063 0.015531481726694949
3 0.6902498010410393 0.20789525953389829 0.017723563328099413 0.010756463519597475
2 0.7114933752043362 0.2737519862288136 0.020965678571044383 0.014882646980932179
2 0.5899603695259399 0.6589976165254237 0.020965678571044526 0.01505499371027535
3 0.44471360664200293 0.2101661811440678 0.01798602027633789 0.010462460275423713
3 0.20004197630775183 0.21276152012711863 0.017584615531973213 0.011222813493114407
2 0.5884782597005936 0.27521186440677964 0.020533396538651855 0.014264226363877128
3 0.8127708799363331 0.2070842161016949 0.01738391315979102 0.010107628773834752
3 0.5677287221457454 0.20886851165254236 0.017244965363664676 0.010969362420550842
2 0.7129754850296824 0.6586731991525424 0.020487080606609788 0.01410201767743653
3 0.20189461358943475 0.5957362288135593 0.017306719939720813 0.010756463519597522
2 0.8345084907080788 0.27277873411016945 0.021259012807311 0.014598781779660992
2 0.8354965639249763 0.657375529661017 0.02108918772315666 0.01454809156514822
3 0.9357859954400758 0.20627317266949152 0.017244965363664818 0.010462460275423713
3 0.32392165587627975 0.5950873940677965 0.017383913159790876 0.010305320610434402
3 0.9382561784823195 0.9759533898305085 0.017121456211552543 0.009534829349840948
3 0.5692108319710918 0.5937897245762712 0.01750742231190315 0.010584116790254257
3 0.6922259474748343 0.5924920550847458 0.018202161292534297 0.010381355932203367
3 0.4464427347715736 0.5944385593220338 0.01750742231190315 0.010031593452065597
3 0.8147470263701281 0.5915188029661017 0.017445667735847013 0.010264768438824111
3 0.9377621418738706 0.5911943855932204 0.017445667735847013 0.009950489108845394
1 0.10029044805300907 0.2788112942988659 0.020563288463716693 0.014216819200956556
1 0.10092588173771831 0.6599708686440677 0.021830242635829836 0.01710287837658901