3 0.3308984667886914 0.9796929442508711 0.01768078617050021 0.010879144435975452
3 0.4565159413178671 0.9803598649825784 0.01844056928257185 0.010550894388338368
3 0.2023684903299078 0.19272648083623695 0.01809233535620559 0.010634259479801832
3 0.9587325783972126 0.977025261324042 0.01728506579962943 0.010712414253048716
2 0.22541524472941388 0.6555694686411151 0.021748791583050354 0.015776843559451283
3 0.5818801548096856 0.9790260235191638 0.018234794689719013 0.010550894388338368
3 0.8336216259427514 0.9776921820557491 0.018029020096866324 0.010389374523628021
3 0.2065472974463018 0.9790260235191638 0.018029020096866324 0.011056295255335347
3 0.7074976293388613 0.9783591027874564 0.0178865607633529 0.010972930163871979
1 0.10220375005513167 0.2620862369337979 0.015338121574945959 0.015714319740853664
2 0.3506528277025537 0.6549025479094077 0.02187542210172889 0.015964415015243958
2 0.6026475598729767 0.6535687064459931 0.022286971287434416 0.01495361328125
2 0.4765235632690866 0.6542356271777003 0.0215746746198673 0.015964415015243958
3 0.3273528122656905 0.1912259091898955 0.018029020096866324 0.010712414253048762
2 0.7282650344021524 0.6529017857142857 0.02216034076875588 0.015422541920731685
3 0.8305824934944648 0.18672419425087108 0.018171479430379747 0.010347691977896338
3 0.7049650189652892 0.1872243847996516 0.01768078617050021 0.010389374523628068
3 0.5788410223613991 0.1883914960801394 0.018171479430379747 0.011139660346798762
2 0.8538825089313281 0.6522348649825784 0.02216034076875588 0.015964415015243958
3 0.4532235478322234 0.18989206772648085 0.01851971335674586 0.01122302543826218
2 0.3488800004410533 0.2592518238240418 0.021907079731398525 0.016339557926829305
1 0.10403989257597142 0.6562363893728224 0.01498988764857981 0.01602693883384139
3 0.2038880565540511 0.5875435540069687 0.017744101429839478 0.011097977801067032
2 0.22364241746791338 0.26058566528745647 0.02162216106437175 0.016527129382621977
2 0.7262389461032946 0.2555837597996516 0.02242943062094784 0.015964415015243864
2 0.6001149494994046 0.25691760126306623 0.022002052620407567 0.01577684355945119
2 0.8518564206324704 0.2547501088850174 0.02182793565722437 0.015714319740853664
3 0.3291256395271909 0.5865431729094077 0.01809233535620559 0.010311219750381042
2 0.4747507360075861 0.2585849030923345 0.022033710250077203 0.01566221655868901
3 0.4549963750937238 0.586209712543554 0.01866217269025928 0.011014612709603662
3 0.833115103868037 0.5835420296167247 0.01869383031992906 0.0101132276581554
3 0.7064845851894324 0.5845424107142857 0.018234794689719013 0.010509211842606685
3 0.5803605885855423 0.5852093314459931 0.019026235431460287 0.01131681116615861
3 0.9561999680236405 0.18539035278745647 0.018171479430379747 0.010754096798780494
3 0.9587325783972126 0.5825416485191638 0.018440569282571703 0.010670731707317032