2 0.2226925105485232 0.2649652777777778 0.021057489451476816 0.015121527777777715
3 0.32932489451476793 0.9812500000000002 0.01838080168776376 0.01046875
3 0.4542589662447258 0.9819097222222223 0.01802478902953577 0.01022569444444457
3 0.2014899789029536 0.19784722222222226 0.017550105485232042 0.010642361111111096
3 0.20565664556962027 0.9812500000000002 0.018169831223628644 0.010347222222222096
3 0.4512262658227848 0.19484375000000004 0.018103902953586545 0.010763888888888858
2 0.4726793248945148 0.26213541666666673 0.02179588607594937 0.01565972222222219
3 0.32579113924050634 0.19633680555555558 0.01776107594936709 0.010434027777777763
3 0.5769119198312237 0.19401041666666669 0.01802478902953577 0.011180555555555572
2 0.3472441983122363 0.26296875 0.02138713080168781 0.01590277777777781
3 0.5799446202531645 0.9812500000000002 0.018512658227848103 0.01046875
3 0.7056302742616033 0.9805729166666667 0.018591772151898733 0.0103125
3 0.7025975738396625 0.19269097222222223 0.018024789029536057 0.010885416666666667
2 0.7243011603375527 0.2599826388888889 0.021268459915612006 0.014722222222222286
3 0.8303006329113926 0.9792534722222223 0.018024789029536057 0.01055555555555543
3 0.82728111814346 0.1916840277777778 0.017418248945147777 0.010347222222222239
2 0.598615506329114 0.26147569444444446 0.021598101265822785 0.01449652777777781
3 0.20313818565400846 0.5904513888888889 0.0178929324894515 0.010833333333333334
2 0.8489847046413503 0.25932291666666674 0.022600210970464232 0.015364583333333333
3 0.5789293248945148 0.5884548611111111 0.018103902953586545 0.011059027777777715
3 0.3278085443037975 0.5897916666666667 0.01782700421940933 0.010642361111111049
3 0.45324367088607603 0.5891319444444445 0.01831487341772152 0.010399305555555618
3 0.7041139240506329 0.5874652777777778 0.018591772151898733 0.010972222222222286
2 0.5996308016877637 0.6555902777777778 0.021426687763713127 0.015121527777777904
2 0.47419567510548527 0.6569097222222223 0.022006856540084486 0.015607638888888952
2 0.3490110759493671 0.6575868055555555 0.02138713080168781 0.015190972222222286
2 0.22484177215189877 0.6582465277777778 0.02126845991561179 0.014947916666666667
3 0.9529667721518988 0.19119791666666666 0.017681962025316456 0.0109375
3 0.8292985232067512 0.5861284722222223 0.017827004219409186 0.010677083333333334
2 0.7258175105485233 0.6552604166666668 0.020741033755274356 0.01461805555555543
2 0.8510021097046414 0.6542534722222223 0.022006856540084486 0.015190972222222286
3 0.9554852320675106 0.978576388888889 0.017827004219409186 0.009392361111111237
3 0.9549841772151899 0.5857986111111111 0.018024789029536057 0.010520833333333333
0 0.07879746835443038 0.9135416666666668 0.020094936708860776 0.03375