1 0.9267749463427929 0.19884228187919467 0.010718665894457241 0.009966442953020144
3 0.2023515483936906 0.20525167785234902 0.017272510475930886 0.01057046979865774
2 0.10283020474908869 0.2717449664429531 0.021156270227915365 0.01609060402684558
3 0.3230291622662079 0.20328859060402685 0.01649320342043407 0.010654362416107356
3 0.44406449085272376 0.2023322147651007 0.016812591557932646 0.010654362416107356
1 0.9286912751677853 0.5781375838926175 0.00999046094095988 0.008775167785234999
3 0.5658407999182368 0.20104026845637585 0.01700422444043191 0.010771812080536876
3 0.8079370081422683 0.19879194630872485 0.016365448165434403 0.009630872483221491
3 0.6871316390147516 0.2000838926174497 0.016608183149933523 0.010402684563758365
3 0.20406346881068374 0.583540268456376 0.01668483630293323 0.010117449664429425
3 0.324498347698702 0.5828859060402685 0.016046060027935793 0.009781879194630961
3 0.4455336762852179 0.5819295302013423 0.015867202670936453 0.009513422818791924
3 0.8098916635437606 0.5790436241610739 0.015330630599938791 0.009261744966442886
3 0.6890862944162437 0.5803187919463088 0.016046060027935863 0.009513422818791924
3 0.5678082308452288 0.5812919463087249 0.016493203420433963 0.009664429530201347
2 0.22276683814260895 0.27040268456375843 0.020249207917419024 0.015083892617449711
2 0.3435722072701258 0.2688087248322148 0.021117943651415512 0.015553691275167788
2 0.7078279903246687 0.265 0.020721902360917123 0.01479865771812077
2 0.8294509930841822 0.2647818791946309 0.020926310768916535 0.014966442953020192
2 0.5863838449221546 0.2662416107382551 0.02068357578441727 0.014899328859060385
2 0.4650930058256397 0.26751677852348993 0.021731168875413022 0.015553691275167788
1 0.9297133172077814 0.9589597315436242 0.010578135113957539 0.010520134228188075
0 0.08375634517766499 0.9075671140939598 0.009313358089462744 0.010604026845637311
2 0.10363506285558548 0.6489261744966444 0.020836882090416647 0.015369127516778462
2 0.3452841276871189 0.6487248322147651 0.020530269478418 0.014614093959731539
2 0.2246065138146016 0.6490436241610739 0.019827615575920637 0.014731543624160964
2 0.8309201785166764 0.6452013422818793 0.020479167376418 0.014681208053691346
2 0.7101148093891596 0.6461577181208055 0.020721902360917123 0.014681208053691346
2 0.4668049262426328 0.6480872483221477 0.021271249957414924 0.014899328859060385
2 0.5883385003236467 0.6471140939597316 0.020376963172418584 0.015134228187919424
3 0.20614587946717547 0.9621644295302015 0.01681259155793279 0.009731543624161152
3 0.32621026811569526 0.9621644295302015 0.016953122338432203 0.010436241610738459
3 0.8113608489762547 0.9602348993288591 0.016608183149933523 0.010234899328858849
3 0.44700286171771203 0.9621644295302015 0.016250468435934987 0.010117449664429614
3 0.5687791707832249 0.9615268456375841 0.01700422444043191 0.01020134228187923
3 0.6900700098797397 0.9608892617449666 0.016608183149933523 0.010285234899329225
0 0.09023353660613907 0.8870134228187919 0.005672333321977304 0.00919463087248308