3 0.32118668129493233 0.23120712652439024 0.017617470911160872 0.010670731707317032
3 0.6995586711066026 0.22737233231707316 0.017205921725455275 0.0109312476181402
3 0.9513001422396684 0.2257050304878049 0.01649362505788816 0.010550894388338464
3 0.32321276959379 0.6261909298780488 0.017285065799629577 0.010634259479801737
3 0.1969621424712213 0.23304115853658539 0.016952660688098208 0.011097977801067032
3 0.8256826677104927 0.2267054115853659 0.016184963168609123 0.010227854658917674
3 0.5759672848762846 0.6251905487804879 0.01714260646611615 0.010879144435975641
3 0.4495900272350373 0.6261909298780488 0.01707929120677674 0.010431057069359706
3 0.19898823077007893 0.6268578506097562 0.017015975947437475 0.010550894388338368
3 0.7015847594054603 0.6238567073170732 0.017554155651821675 0.011139660346798716
3 0.9538327526132405 0.6225228658536586 0.016366994539209624 0.0101132276581554
3 0.5734346745027126 0.22870617378048783 0.01741169631830811 0.011139660346798811
2 0.594708601640718 0.29673208841463417 0.020419171136925027 0.014432581459603662
3 0.4478171999735368 0.23004001524390247 0.017475011577647376 0.011014612709603662
2 0.0961009343437128 0.6945503048780488 0.021574674619867226 0.015068240282012273
3 0.827202233934636 0.6225228658536586 0.017205921725455275 0.010431057069359706
2 0.7213391203193226 0.29556497713414637 0.02076740506329114 0.014328375095274359
2 0.4688378660741852 0.2977324695121952 0.021495530545693142 0.014661835461128021
2 0.2201355273894059 0.6938833841463414 0.02045082876659466 0.014276271913109706
2 0.3452464798438672 0.6938833841463414 0.021416386471518986 0.014380478277439011
2 0.3432203915450095 0.29956650152439024 0.021289755952840453 0.015245391101371979
2 0.8469565948484983 0.29439786585365857 0.021210611878666297 0.014380478277439011
2 0.21836270012790546 0.30123380335365857 0.02065660335944735 0.014547208460365842
2 0.7228586865434659 0.6912157012195123 0.020735747433621363 0.01373439881859762
2 0.4711172154104001 0.6932164634146342 0.021796278027554735 0.014609732278963368
2 0.5967346899395758 0.6918826219512196 0.02092569321163945 0.01373439881859762
2 0.848982683147356 0.690548780487805 0.022002052620407567 0.014276271913109706
2 0.09407484604485511 0.3022341844512196 0.02068826098911702 0.015901891196646336
0 0.0764098886891898 0.9186356707317074 0.009109482937442117 0.010795779344512084