3 0.8089103434912956 0.624639523909396 0.01661286168710406 0.010086161978292693
2 0.10300891239289853 0.6943293833892619 0.020372534157230515 0.014562209980599808
3 0.9306870517919805 0.623997221057047 0.016123798601558964 0.009965730193477308
3 0.6876226982761559 0.6256029781879195 0.016872676451299785 0.01072846483064173
3 0.32253710491687393 0.627851038171141 0.016949092558416062 0.010316989565855769
3 0.44406928167478626 0.6275298867449666 0.016368330144331512 0.010086161978292693
3 0.5658459899754711 0.626566432466443 0.016689277794220372 0.010648176974098079
3 0.2025943831869826 0.6281721895973155 0.015986249608749514 0.010241719700346152
2 0.46534352589599026 0.6924024748322148 0.020922730128468566 0.014451814177852308
2 0.3438113491380779 0.6930447776845639 0.020479516707193432 0.013960051056522692
2 0.22301276700848296 0.6943293833892619 0.019944603957378734 0.013428144006921154
2 0.7081633478690423 0.6904755662751679 0.020021020064495118 0.01358871972000846
3 0.9287307994498009 0.2408635696308725 0.01562709390530242 0.009890460327967693
2 0.8299400561697272 0.6898332634228188 0.02132009388547374 0.013749295433095578
3 0.5643788007188363 0.24375393246644297 0.016246064372945238 0.010437421350671154
3 0.807443154234661 0.24166644819630875 0.015390203973241605 0.009589380865929134
2 0.5868757026539025 0.6911178691275168 0.02032668449296066 0.013538539809668654
3 0.6851773828484312 0.24262990247483227 0.0168115435656065 0.010046018050020962
3 0.44260209241815146 0.24503853817114096 0.016490595915717787 0.010477565278942981
2 0.22117878043768954 0.312962064807047 0.01982233818599246 0.014231022572357404
3 0.2005158650734167 0.2476077495805369 0.016612861687103988 0.01093922045406875
2 0.3418550967958982 0.3113563076761745 0.020922730128468566 0.014451814177852308
2 0.5849194503117229 0.3087870962667786 0.01979177174314589 0.013799475343435385
3 0.32082538411746675 0.24600199244966447 0.016612861687103988 0.010121287915530578
2 0.1012360587077982 0.3139255190855705 0.019715355636029542 0.015194476850880866
2 0.7062070955268627 0.30750249056208057 0.020250268385844202 0.013799475343435385
2 0.4633872735538106 0.30942939911912754 0.020800464357082292 0.014281202482697116
2 0.8279838038275475 0.3066996119966443 0.02115197844981765 0.013899835164114905
0 0.09567296610972474 0.5722918414429531 0.008329355675686902 0.0103571334941275
0 0.08375205339956734 0.9088585360738256 0.008894834868348203 0.010608033045826156