3 0.1962062516697836 0.21398245614035086 0.016190221747261552 0.009350877192982427
3 0.5763692225487577 0.2094035087719298 0.017045150948437046 0.01157894736842105
3 0.44929201175527644 0.21057894736842106 0.016657761154154398 0.012175438596491214
3 0.7057440555703981 0.6085087719298246 0.017045150948437192 0.011000000000000038
3 0.3237510018701576 0.610859649122807 0.01615014694095653 0.011403508771929865
2 0.21764627304301365 0.28177192982456145 0.021199572535399443 0.015228070175438594
2 0.4702644937216137 0.27857894736842104 0.020932407160032012 0.014596491228070173
2 0.3436948971413305 0.2795964912280702 0.0210927063852524 0.015052631578947361
2 0.8514827678332887 0.27571929824561403 0.021052631578947448 0.015175438596491233
2 0.5978493187282928 0.27757894736842104 0.021787336361207506 0.015
2 0.7246593641464066 0.27673684210526317 0.022642265562383145 0.015403508771929732
2 0.2195565054768902 0.6790175438596491 0.021199572535399443 0.015228070175438499
2 0.599893133849853 0.6773508771929824 0.022001068661501453 0.015052631578947361
2 0.34548490515629177 0.6786842105263158 0.02204114346780655 0.015473684210526433
2 0.4723083088431739 0.6780175438596492 0.021333155223083124 0.014824561403508862
2 0.7272241517499332 0.6763333333333332 0.02224151749933218 0.01510526315789472
2 0.8535265829548491 0.6756666666666666 0.02190756078012294 0.015578947368420965
2 0.09254608602725085 0.2837894736842105 0.020291210259150393 0.015403508771929732
3 0.9597916110072134 0.9982456140350877 0.017365749398877965 0.003508771929824661
2 0.09254608602725085 0.6800350877192982 0.02077210793481166 0.01340350877192975
3 0.32253539941223613 0.21233333333333332 0.016991717873363635 0.009807017543859663
3 0.7034063585359338 0.20843859649122806 0.01744589901148816 0.009245614035087755
3 0.8299893133849853 0.20773684210526314 0.01760619823670855 0.00931578947368422
3 0.9569195832220144 0.20714035087719296 0.017339032861341332 0.009982456140350848
3 0.45094843708255405 0.6106666666666666 0.016777985573069688 0.01164912280701761
3 0.5776916911568261 0.610140350877193 0.017245524979962533 0.010122807017543778
3 0.8319129040876302 0.6080175438596491 0.01649746192893401 0.010070175438596417
3 0.9590034731498797 0.6070350877192981 0.016056639059577944 0.00878947368421052
3 0.19825006679134383 0.6115964912280701 0.016590969810312592 0.010561403508771909