2 0.22640219489525987 0.27952464788732395 0.021743404589976444 0.015757042253521075
3 0.20459176378065344 0.21144366197183093 0.018821048116107852 0.011179577464788792
2 0.4805533709873454 0.27665492957746474 0.02257453349538859 0.01639084507042251
2 0.3530287052262816 0.2778345070422535 0.02215896904268248 0.016320422535211206
3 0.33172767569886324 0.2095950704225352 0.01847251018803168 0.010827464788732376
3 0.45874293987273895 0.20841549295774645 0.018901479945663838 0.011302816901408524
3 0.5865223064273968 0.2074119718309859 0.01868699506684783 0.01156690140845067
3 0.7143016729820548 0.20589788732394362 0.01840548366340189 0.011443661971830986
0 0.08086079931364838 0.9357922535211266 0.009450739972831936 0.010669014084506899
2 0.7363668048902551 0.27463028169014086 0.022293022091942644 0.01540492957746475
3 0.8410622363623363 0.20505281690140842 0.018123972259955656 0.010704225352112644
2 0.6085874383355974 0.2759859154929577 0.022118753127904487 0.015105633802816858
2 0.8631273682705369 0.27396126760563383 0.022802423679130636 0.015950704225352108
3 0.5885733180810753 0.6058802816901409 0.018405483663401744 0.011566901408450765
3 0.4607939515264174 0.6069014084507042 0.018539536712661765 0.010827464788732376
3 0.20677682848359188 0.6079049295774648 0.01832505183384576 0.011795774647887357
3 0.33326928576535353 0.6072359154929577 0.01847251018803168 0.011443661971831033
2 0.35507971687996 0.6769894366197182 0.022078537213126494 0.016003521126760536
3 0.7158432830485449 0.6048767605633802 0.01911596482447984 0.011338028169014176
2 0.22845320654893828 0.6776584507042254 0.02174340458997637 0.015827464788732374
2 0.4823496818474297 0.6763204225352112 0.022319832701794447 0.01612676056338027
2 0.6101290484020876 0.6756514084507041 0.02154232501608641 0.015580985915492913
3 0.9712143418888968 0.9982394366197181 0.017426896403803606 0.0035211267605632203
3 0.843113248016015 0.6038732394366196 0.01847251018803168 0.011091549295774522
2 0.7379084149567455 0.6749647887323943 0.022494101665832603 0.01482394366197184
3 0.9688416029169943 0.20454225352112676 0.01797651390576988 0.010862676056338075
2 0.8651783799242152 0.6729401408450704 0.022293022091942644 0.01563380281690134
3 0.9708926145706728 0.6031866197183099 0.01847251018803168 0.010950704225352107