3 0.4431816359476566 0.25592535895270274 0.01637581803396559 0.01080095445787587
3 0.1999539281666952 0.2586735905827703 0.016437208167176295 0.010679708944784636
3 0.9333204595022238 0.6355046452702703 0.016191647634333336 0.009396527264569273
2 0.463808720706466 0.32188291807432434 0.020642432292112073 0.014610084327491583
3 0.32285697485460146 0.6397078230574325 0.016114909967819883 0.009689537254539762
2 0.5856067449965789 0.3209129539695946 0.0201052686265182 0.01416551744615712
2 0.10252778676124702 0.7059887035472973 0.020258743959544998 0.015418387748099652
3 0.5649796602377695 0.2546320734797297 0.016759506366532704 0.01084136962890625
2 0.22266827745466986 0.7059887035472973 0.020212701359636934 0.013943234005489937
3 0.4449005596775574 0.6393845016891893 0.016437208167176295 0.010113896550359035
3 0.9313559752394801 0.2518838418496622 0.015992129701398478 0.009729952425570142
2 0.3420106964163531 0.3233378642314189 0.02096473049146848 0.01416551744615712
3 0.6892332898563122 0.6374445734797298 0.01625303776754404 0.01042711412584462
2 0.7083870114180637 0.31945800781250006 0.020366176692663763 0.013892715041701819
3 0.5669441445005132 0.6387378589527027 0.01668276870001925 0.01050794446790538
3 0.20216397296228192 0.640354465793919 0.016314427900754814 0.010154311721389414
3 0.3211380511247007 0.25705698374155406 0.016114909967819883 0.010310920509132208
3 0.6872688055935683 0.25317712732263514 0.016375818033965445 0.010154311721389319
3 0.8110313141464249 0.6364746093750001 0.01688228663295411 0.009729952425570142
2 0.3437296201462539 0.7053420608108109 0.020811255158441722 0.014438319850612325
2 0.22070379319192612 0.32463114970439194 0.019491367294410734 0.013842196077913892
3 0.8085757088179952 0.25220716321790543 0.016114909967819883 0.009689537254539667
2 0.7098603746151214 0.7034021326013514 0.020611737225506865 0.013993752969277958
2 0.8301850357081766 0.31881136507601354 0.020611737225506865 0.01416551744615712
2 0.46577320496920976 0.7046954180743245 0.02121029102431144 0.01483236776815886
2 0.5880623503250085 0.7040487753378379 0.020611737225506722 0.014549461570946012
2 0.8316583989052344 0.7021088471283785 0.021164248424403485 0.014216036409945142
2 0.1001949616992388 0.32576277449324326 0.019537409894318764 0.014276659166490712
0 0.08282155400059871 0.9109744510135136 0.008725072682576775 0.01054835963893576