2 0.2203111608320148 0.2891947428385417 0.020853034554654513 0.01530668470594615
3 0.19885871983781644 0.221405029296875 0.01845540879647943 0.011184056599934896
2 0.34460912776898733 0.2873670789930556 0.02149976255521488 0.016220516628689268
2 0.4700428121703587 0.2862040201822917 0.021831013482331175 0.01609590318467885
3 0.8267405063291139 0.998263888888889 0.01845991561181425 0.003472222222222096
3 0.44859037117616035 0.218414306640625 0.018171479430379747 0.011360592312283018
3 0.32366145009229963 0.22007581922743058 0.017619394551852536 0.010893291897243956
3 0.574276437236287 0.21725124782986113 0.01823457484506852 0.011495590209960938
3 0.6999625032964136 0.21608818901909724 0.01823457484506866 0.011100980970594587
2 0.7216673259493671 0.2840440538194445 0.02159440567724825 0.015130148993598122
3 0.8251438060390296 0.2150912814670139 0.017824454649591148 0.010597334967719215
2 0.5959812598892406 0.2858717176649306 0.02134202401849288 0.014777077568901878
2 0.8468486286919832 0.2832132975260417 0.022130716702103016 0.015545527140299479
3 0.32542812170358654 0.6130235460069445 0.017887550064280063 0.011100980970594681
3 0.5762954905063292 0.6116943359375 0.017966419332641134 0.011319054497612911
3 0.200751582278481 0.6136881510416666 0.017887550064280063 0.01153712802463114
3 0.45086180610495785 0.6126912434895834 0.018171479430379747 0.010633680555555618
2 0.3466281810390296 0.6814778645833335 0.021215833189115196 0.015545527140299479
2 0.47180948378164556 0.6814778645833335 0.02213071670210316 0.015722062852647507
2 0.22220402327267935 0.6821424696180556 0.021547084116231564 0.015306684705946243
2 0.5974955498417722 0.6808132595486112 0.021389345579509493 0.015306684705946243
3 0.7019815565664557 0.6106974283854166 0.018518504211168345 0.011059443155924479
3 0.9520042194092827 0.998263888888889 0.01845991561181425 0.003472222222222096
3 0.9508298720991561 0.21459282769097224 0.018029514747329906 0.011017905341254372
2 0.7231816159018988 0.6794840494791667 0.02159440567724825 0.014444775051540735
3 0.8271628593090719 0.6097005208333334 0.018108384015690832 0.010934829711914062
2 0.8483629186445149 0.6778225368923612 0.021752144213970103 0.015015920003255209
3 0.9528489253691984 0.6090359157986112 0.018171479430379747 0.010675218370225632
0 0.07689528324433018 0.937350802951389 0.009361782154453461 0.011142518785264883