2 0.10031906542240146 0.3229177590184564 0.019409691207563966 0.014562209980599808
3 0.200149067759258 0.2564394138003356 0.016689277794220372 0.010858932597525192
3 0.31984725794637686 0.2545125052432886 0.016872676451299674 0.009930604256239518
3 0.5629116114622015 0.2521038695469799 0.016689277794220372 0.010608033045826346
3 0.6846883197628864 0.2513009909815436 0.016184931487252245 0.010121287915530578
3 0.4423575608753791 0.25370962667785235 0.016811543565606647 0.010276845637583942
3 0.806465028063571 0.2504981124161074 0.01569586840170715 0.00977504653418625
3 0.20137172547312032 0.6358798238255035 0.016949092558416097 0.010437421350671154
3 0.322048041831329 0.6352375209731544 0.01661286168710395 0.010086161978292693
3 0.9277526732787109 0.24969523385067116 0.016123798601558964 0.009739920596948367
2 0.10264211507873983 0.7013947147651007 0.020021020064495118 0.015314908635696345
3 0.4435802185892414 0.6349163695469799 0.017132491215495364 0.01020157577207423
3 0.686644572105066 0.632989460989933 0.01655172880141078 0.010316989565855769
3 0.8079322173202059 0.6323471581375839 0.01630719725863852 0.00985031639969596
3 0.5658459899754711 0.6342740666946309 0.016612861687103915 0.010086161978292693
2 0.22056745158075838 0.32147257760067116 0.020250268385844275 0.013960051056522692
2 0.8270056776564576 0.3160130033557047 0.020678198585696018 0.014341418375104904
2 0.34136603371035334 0.31970624475671144 0.021121412006971155 0.014793037568162788
3 0.9292198625353457 0.6313837038590605 0.017071358329802225 0.010161431843802499
2 0.583941324140633 0.3181004876258389 0.02032668449296066 0.014341418375104904
2 0.4628982104682656 0.31906394190436244 0.020403100600077117 0.014451814177852308
2 0.7057180324413179 0.31713703334731547 0.020128002614457928 0.014512030070260095
2 0.22215690660877938 0.7013947147651007 0.0204795167071935 0.014281202482697116
2 0.8289619299986373 0.6975408976510068 0.021197828114087467 0.014070446859270192
2 0.5858975764828127 0.7001101090604028 0.020953296571315064 0.014070446859270192
2 0.7071852216979526 0.6988255033557048 0.020479516707193574 0.014401634267512502
2 0.3430777545097605 0.7007524119127517 0.020999146235585023 0.014732821675755
2 0.46436539972490043 0.7001101090604028 0.021121412006971155 0.014963649263317886