2 0.45606159467571444 0.6955487363376202 0.02202792639958244 0.015550115505292537
2 0.08439253556048545 0.3075026721373651 0.02017486624037584 0.014843292073233828
2 0.7045935012397232 0.6942385270489259 0.021205794075427272 0.014791573285522289
3 0.18618034712253684 0.239354549529359 0.016716690591152307 0.010602351480881293
2 0.3321675583974944 0.6962038409819673 0.021610335377789266 0.015257042374926802
2 0.20889990865196395 0.6968761852222183 0.020892600809082607 0.014791573285522289
2 0.5802035756231241 0.694893631693273 0.021323241550306744 0.014222666620694319
2 0.8284875375179432 0.6929110781643277 0.02149288790291008 0.015084646415888024
3 0.4330810387576667 0.2367168913560666 0.016390447605376463 0.010567872289073537
2 0.3304188959937361 0.30469261800503394 0.02194962808299622 0.015498396717580997
2 0.4543129322719561 0.3032100127573009 0.02137544042803075 0.015739751060235098
2 0.5782069685501761 0.3023825121539151 0.021166644917134304 0.014963969244560877
2 0.7025968941667753 0.30122745922835564 0.02112749575884134 0.014912250456849244
3 0.3094479968680673 0.2383718925628383 0.016533994519117794 0.010205840775092291
2 0.20715124624820566 0.30602006688963207 0.020840401931358533 0.015205323587215073
3 0.310935664883205 0.6282281143330001 0.016390447605376463 0.009930007240630244
3 0.43482970116142494 0.6279005620108264 0.017369176562703783 0.010567872289073537
3 0.5567271303666971 0.23556183843050715 0.017173430771238375 0.010360997138227097
3 0.5592196267780242 0.6272454573664792 0.017577972073600512 0.010567872289073537
2 0.8264909304449954 0.300244802261835 0.021205794075427272 0.01542943833396539
2 0.08620644656139892 0.6975312898665655 0.020996998564530866 0.016050063786504806
3 0.6831136630562443 0.6262628003999585 0.01717343077123852 0.010085163603765145
3 0.6811170559832964 0.23390683722373545 0.016468745921962537 0.009654173706168388
3 0.1876680151376745 0.6295555632175982 0.016912436382617715 0.010326517946419436
3 0.8070076993344643 0.6249353515153604 0.016038105180738473 0.00955073613074512
3 0.8055069815998954 0.23325173257938833 0.016207751533342092 0.00918870461676378
3 0.9308886858932531 0.6242802468710132 0.016781939188307417 0.009809330069303289
3 0.9294010178781156 0.23259662793504116 0.016533994519117867 0.009654173706168388
0 0.0672843533864022 0.923887184084405 0.008912958371395033 0.010395476330034757