3 0.8097680044930227 0.6349658703071671 0.016356331274031147 0.010136518771331187
2 0.09524776428910874 0.7061774744027303 0.019959389985743314 0.014982935153583602
3 0.9323108826197779 0.6339931740614333 0.01627856741694376 0.010017064846416398
3 0.6867196612952002 0.6362798634812287 0.016991402773577406 0.010750853242320772
3 0.5641767831684451 0.6372525597269624 0.016485937702510122 0.010580204778156977
3 0.19553721864604484 0.6392150170648463 0.016421134488270633 0.010529010238907783
3 0.3170950879163606 0.6385665529010238 0.016926599559338132 0.010460750853242379
3 0.4401304704713353 0.6379180887372012 0.016796993130859375 0.010136518771331187
2 0.4614636885989545 0.7042150170648463 0.02109992655635718 0.014812286689419618
2 0.33867455825808956 0.7048634812286689 0.02030932734263615 0.014129692832764438
2 0.2161187194884866 0.7061774744027303 0.01995938998574328 0.01365187713310585
2 0.8311012226206419 0.7016040955631399 0.02150170648464143 0.014078498293515432
2 0.7080528794228192 0.7022525597269624 0.020309327342636296 0.01354948805460765
2 0.5850174968678445 0.7035665529010239 0.020387091199723536 0.01387372013651884
3 0.8082775305655159 0.2475938566552901 0.015371322417591796 0.010290102389078489
3 0.4386529571866764 0.25052901023890783 0.017380222059014044 0.010529010238907878
2 0.09301853371927246 0.3212457337883958 0.01999827191428697 0.015699658703071672
3 0.6847366829394738 0.24791808873720134 0.01712100920205638 0.010750853242320868
2 0.21438199334686997 0.32025597269624567 0.020620382770985476 0.014368600682593921
2 0.33644532768825325 0.3183105802047781 0.020775910485160032 0.014641638225255917
3 0.9308333693351191 0.24692832764505118 0.016161921631312828 0.009948805460750805
3 0.5616883397416511 0.2492150170648464 0.0173154188447747 0.01095563139931746
2 0.7065624054953125 0.3143856655290102 0.02007603577137414 0.013873720136518747
3 0.3151121095606342 0.2513481228668942 0.01684883570225082 0.010409556313993183
2 0.5830215578692702 0.3165017064846416 0.02056854019959396 0.013873720136518747
2 0.45998617531429553 0.31732081911262794 0.020490776342506574 0.014812286689419807
2 0.8291182442649154 0.31389078498293516 0.02109992655635704 0.014590443686006817
3 0.19329502743336066 0.25313993174061433 0.016926599559338132 0.010750853242320868
0 0.07502916144640773 0.9243686006825936 0.008787315850866199 0.01078498293515357