2 0.21567864179802299 0.6836485745614035 0.02229258939603929 0.016328296326754334
1 0.09167111942292278 0.28925095942982454 0.015189323455867602 0.015530770285087763
3 0.19241125100187015 0.2192365679824561 0.018265540989012792 0.010913514254385935
2 0.34198733469142395 0.6829769736842105 0.022212687641931576 0.016643109237938537
2 0.7232145838899278 0.6809621710526315 0.02229258939603929 0.01553077028508767
2 0.5963945197702377 0.6823053728070175 0.022372491150147 0.015173982319078997
3 0.3184642582821266 0.21789336622807018 0.01812171783161908 0.010955489309210502
2 0.4690630844242586 0.6829769736842105 0.02229258939603929 0.016265333744517534
3 0.4452843224018167 0.21621436403508773 0.018760931864480357 0.011091908237390365
3 0.8265115716003205 0.21268845942982453 0.01785005186765309 0.010462282415021918
2 0.8500346480096179 0.6802905701754386 0.022548275009183855 0.015950520833333332
3 0.5718487009083623 0.21453536184210525 0.018265540989012792 0.011480177494517534
3 0.6991801362543414 0.2135279605263158 0.01737064134300681 0.010420307360197398
1 0.09378052573136521 0.6849917763157894 0.014446237142666296 0.015887558251096532
2 0.21376099969943896 0.28773985745614034 0.022084844835359364 0.016265333744517534
3 0.19407320748730963 0.6161526864035087 0.017993875025046728 0.011133883292214932
2 0.34045322101255676 0.2860608552631579 0.022500333956719142 0.016517184073464933
2 0.7211690989847716 0.2821991502192982 0.02242043220261157 0.01620237116228073
2 0.5943490348650814 0.2833744517543859 0.022596216061648425 0.01620237116228073
2 0.8479891631044616 0.281359649122807 0.021877100274679297 0.016076445997807033
3 0.3205097431872829 0.6154810855263158 0.018121717831619012 0.010420307360197398
3 0.44707412169382843 0.6144736842105263 0.018840833618588067 0.011007958127741139
2 0.46727328513224686 0.28522135416666666 0.02208484483535929 0.015709164268092102
3 0.8285570565054768 0.6117872807017544 0.018409364146406502 0.010142222621984729
3 0.7017369923857868 0.6127946820175438 0.018345442743120506 0.010871539199561464
3 0.9533316357200106 0.21151315789473682 0.018553187303800504 0.010913514254385982
3 0.5738941858135185 0.6134662828947368 0.019016617477624922 0.011574621367872738
3 0.955888491851456 0.6107798793859648 0.018553187303800504 0.010624935752467195
0 0.07300606966337161 0.9402001096491227 0.00951629891422321 0.011301783511513197