2 0.2308516737970273 0.71404181184669 0.020456049045119714 0.014547038327526138
3 0.9613813787324131 0.24452961672473872 0.016063158823270078 0.011062717770034852
0 0.08699775062850086 0.922787456445993 0.008838706831914638 0.010505226480836048
2 0.35583733956688574 0.7133797909407666 0.021369029241829502 0.014721254355400788
2 0.10744056807656685 0.71404181184669 0.021421955630044544 0.015470383275261384
2 0.7334406562872139 0.7113763066202091 0.021051470912539116 0.014268292682926927
2 0.3543157059057028 0.3178919860627178 0.02220261985621662 0.015296167247386734
2 0.48169629074229264 0.7127003484320558 0.021792440347549968 0.015470383275261384
2 0.10523089136858821 0.32088850174216027 0.020654523000926243 0.015662020905923366
2 0.47967185639306664 0.3163937282229966 0.021421955630044613 0.015365853658536537
2 0.2293300401358444 0.31905923344947734 0.020495743836281086 0.015
2 0.6057954395095488 0.31538327526132404 0.02073391258324873 0.015174216027874554
2 0.8590614387156531 0.710034843205575 0.022255546244431733 0.014773519163763163
2 0.7314162219379879 0.3140592334494774 0.021104397300754373 0.015121951219512179
2 0.6073170731707317 0.7120383275261324 0.021130860494861712 0.015121951219512084
2 0.8575398050544702 0.31337979094076657 0.021951219512195017 0.015174216027874554
3 0.3340448992193358 0.6453484320557492 0.017822961231420725 0.011062717770034852
3 0.7116614475367178 0.64301393728223 0.017081991796409873 0.010714285714285742
3 0.46018171393287177 0.6446864111498258 0.01683059145238827 0.01132404181184673
3 0.5860406651082787 0.6440069686411151 0.016949675825872167 0.011533101045296234
3 0.9634058130816391 0.6406794425087109 0.017280465752216364 0.010348432055749299
0 0.10029550566753408 0.6133275261324043 0.008653464473161888 0.009878048780487727
3 0.3327878974992282 0.25003484320557495 0.016261632779076426 0.01083623693379792
3 0.8357605963039739 0.24569686411149827 0.01720107616989377 0.01034843205574911
3 0.709637013187492 0.2465331010452962 0.017346623737485002 0.01047038327526129
3 0.8367794292771137 0.6416724738675958 0.017081991796409873 0.010069686411149708
3 0.20932386539055264 0.6460104529616725 0.017346623737485148 0.011184668989546936
3 0.5840162307590526 0.2477003484320558 0.017889119216689363 0.01153310104529614
3 0.4586600802716888 0.24902439024390247 0.017015833811141093 0.011498257839721285
3 0.20755083138534822 0.2515331010452962 0.017558329290345308 0.01144599303135891