3 0.20501036475102546 0.18477351916376308 0.01681735985533453 0.01
3 0.7071097781502228 0.17883275261324044 0.01649980152604436 0.011271777003484307
3 0.455616812949323 0.1808710801393728 0.016698275481850707 0.012090592334494754
3 0.5814889957217837 0.1794947735191638 0.016764433467119488 0.011707317073170742
3 0.20653199841220837 0.5769860627177701 0.016499801526044217 0.01158536585365842
3 0.33126626383804525 0.5766550522648084 0.01582499007630229 0.01132404181184673
3 0.7091342124994489 0.5743205574912893 0.016883517840603383 0.011062717770034852
3 0.9588409120980902 0.17665505226480838 0.017677413663829057 0.011271777003484307
3 0.45772063688087156 0.5756445993031359 0.016949675825872167 0.01167247386759584
3 0.833736161954748 0.5736411149825784 0.01649980152604436 0.010104529616724752
3 0.5830106293829665 0.5749825783972126 0.017889119216689363 0.011219512195121979
3 0.9608785780443702 0.5726480836236933 0.01649980152604436 0.011062717770034852
2 0.3510210382393155 0.2508536585365854 0.020852996956732626 0.015540069686411187
2 0.8539937370440611 0.2455226480836237 0.021051470912539116 0.015121951219512179
2 0.22616768843999474 0.2516898954703833 0.020694217792087504 0.015662020905923366
2 0.6027654037842368 0.24752613240418123 0.020998544524324148 0.014547038327526138
2 0.7288889869007189 0.24668989547038328 0.02228200943853907 0.015069686411149802
2 0.47714462135579766 0.25001742160278745 0.021289639659506907 0.014721254355400693
2 0.22819212278922069 0.6456794425087109 0.02061482820976491 0.015296167247386734
2 0.35279407224452 0.6450000000000001 0.021699819168173557 0.015662020905923366
2 0.7309134212499449 0.64301393728223 0.0220306090945179 0.015418118466899007
2 0.10212146606095357 0.2535191637630662 0.020072332730560548 0.015418118466899007
2 0.4784148546729591 0.6443379790940768 0.021183786883076827 0.015243902439024359
2 0.6047898381334628 0.6440069686411151 0.021699819168173557 0.015365853658536632
3 0.20880783310545584 0.9697909407665505 0.017558329290345308 0.010470383275261383
2 0.8560181713932872 0.6423344947735192 0.021541040003528366 0.015365853658536632
3 0.7101398138755348 0.9692334494773521 0.018166982754818595 0.010714285714285931
3 0.4596656816477749 0.9704703832752614 0.017889119216689363 0.010714285714285931
3 0.5850350637321925 0.9697909407665505 0.018087593172495853 0.01043554006968634
3 0.8357605963039739 0.9684668989547037 0.0171481497816788 0.010156794425087127
3 0.3332906981872712 0.9697909407665505 0.016883517840603383 0.010034843205575043
3 0.9613019891500905 0.9664634146341463 0.01694967582587202 0.010261324041811879
2 0.1022537820314912 0.6463414634146342 0.020456049045119752 0.014059233449477423
3 0.32998279892383015 0.18254355400696867 0.017187844572839953 0.01050522648083619
3 0.8325320866228555 0.1783623693379791 0.017254002558108737 0.008954703832752577