3 0.20614587946717547 0.9634563758389263 0.017413041256430374 0.010352348993288843
3 0.9316679726092735 0.9602348993288591 0.016493203420434106 0.01020134228187923
3 0.32621026811569526 0.9640939597315439 0.01760467413892957 0.010604026845637311
3 0.6900700098797397 0.9621644295302015 0.017336388103430595 0.010520134228188075
3 0.8113608489762547 0.9615268456375841 0.01695312233843206 0.010318791946308845
3 0.5687791707832249 0.9634563758389263 0.01754079651142986 0.010654362416107309
3 0.10465710489558139 0.6496812080536913 0.021079617074915694 0.015318791946308655
3 0.4474883316867101 0.9640939597315439 0.017068102067931766 0.010654362416107309
3 0.2023515483936906 0.2057046979865772 0.01760467413892957 0.010604026845637595
3 0.9306842571457774 0.5787080536912753 0.016608183149933523 0.010083892617449616
3 0.20406346881068374 0.5844966442953021 0.01754079651142986 0.010520134228187886
3 0.9287296017442853 0.19991610738255036 0.016812591557932934 0.010167785234899328
3 0.10318791946308725 0.2721812080536913 0.02055582052941778 0.016342281879194617
3 0.2246065138146016 0.6496812080536913 0.020836882090416682 0.01501677852349
3 0.3225309167717099 0.20392617449664432 0.01713197969543147 0.010906040268456395
3 0.8079370081422683 0.19974832214765104 0.017208632848431177 0.010520134228187933
2 0.8294509930841822 0.2646308724832215 0.021488433890913903 0.01550335570469798
3 0.3452841276871189 0.6490436241610739 0.021041290498415806 0.015134228187919424
3 0.8314056484856744 0.645520134228188 0.02076022893741683 0.015671140939597306
3 0.8098916635437606 0.5800000000000001 0.01668483630293323 0.010083892617449616
3 0.22289459339760845 0.27073825503355714 0.02068357578441727 0.015620805369127501
2 0.7081601539876674 0.265755033557047 0.02107961707491566 0.01531879194630875
3 0.7096293394201616 0.6471140939597316 0.020683575784417412 0.015251677852349039
3 0.4668049262426328 0.6484060402684565 0.021858924130412582 0.015369127516778462
3 0.3242428371887031 0.583540268456376 0.01700422444043195 0.010352348993288463
3 0.5658407999182368 0.2015268456375839 0.01700422444043191 0.011325503355704711
3 0.6890862944162437 0.5809563758389262 0.01695312233843206 0.010687919463087307
3 0.6871316390147516 0.20087248322147655 0.017272510475930886 0.011208053691275192
2 0.5883385003236467 0.6477684563758389 0.021399005212414342 0.015553691275167694
2 0.3435722072701258 0.2692785234899329 0.021156270227915365 0.01585570469798654
2 0.4653485163356386 0.2676845637583893 0.021565087043913755 0.016174496644295287
2 0.5863838449221546 0.2662416107382551 0.021616189145913463 0.01578859060402692
3 0.44577641126971695 0.5832046979865773 0.016748713930433083 0.010721476510067116
3 0.5673099853507308 0.5819295302013423 0.017068102067931766 0.010855704697986539
3 0.44406449085272376 0.2028020134228188 0.01713197969543147 0.011073825503355674