3 0.20137172547312032 0.21485030411073827 0.01760627107961707 0.010527745189282716
2 0.2224014381515518 0.2794017407718121 0.021121412006971155 0.014903433370910192
0 0.08326299031402243 0.9062893246644296 0.009467955671721167 0.010808752687185385
3 0.3222925733741015 0.21340512269295303 0.01720890732261182 0.010316989565855698
2 0.34283322296698804 0.27763540792785235 0.021488209321129832 0.015495556312919424
2 0.46436539972490043 0.2766719536493289 0.02124367777835743 0.01543534042051173
3 0.6871336351906109 0.20971188129194632 0.01788136906523604 0.010858932597525144
2 0.5863866395683577 0.27619022651006714 0.020922730128468566 0.014341418375104904
3 0.4435802185892414 0.21195994127516782 0.01780495295811973 0.01072846483064178
2 0.7081633478690423 0.2747450450922819 0.02087688046419875 0.014341418375104904
3 0.8079322173202059 0.20890900272651008 0.017208907322611967 0.010316989565855698
3 0.5653569268899261 0.21099648699664433 0.017667403965310132 0.011069688220952188
2 0.8289619299986373 0.2741027422399329 0.02190085629955847 0.015084081048133366
3 0.20308344627252753 0.5944512898489933 0.01760627107961707 0.01068832090237
2 0.22411315895095904 0.6602873322147652 0.020724048249965907 0.014562209980599808
3 0.9297089256208906 0.20842727558724833 0.017407589201114407 0.010608033045826323
3 0.3240042941735087 0.5938089869966443 0.01780495295811973 0.010527745189282693
2 0.34454494376639533 0.6596450293624162 0.020754614692812475 0.014963649263317886
3 0.6886008244472457 0.5915609270134229 0.017942501950929324 0.01072846483064173
3 0.5673131792321058 0.5922032298657718 0.017667403965310132 0.010648176974098079
3 0.44553647093142107 0.5931666841442954 0.018217599936548222 0.01020157577207423
3 0.8098884696623856 0.5902763213087249 0.017545138193923858 0.010567889117554614
2 0.4658325889815351 0.6590027265100672 0.02156462542824629 0.015375124528104038
2 0.5873647657394475 0.6577181208053692 0.02032668449296066 0.014281202482697116
2 0.8309181823408169 0.6561123636744968 0.02132009388547374 0.014341418375104808
2 0.7096305371256773 0.6570758179530202 0.020128002614457928 0.013689079540687885
3 0.9316651779630702 0.5896340184563759 0.017804952958119583 0.01020157577207423
3 0.32571601497291597 0.971804215604027 0.017606271079617104 0.010276845637583847
3 0.2054064959288659 0.971804215604027 0.01774382007242659 0.010201575772074421
3 0.4462700655597384 0.971804215604027 0.017606271079617142 0.00985031639969596
3 0.5687803684887406 0.971804215604027 0.01812590060800859 0.01035713349412769
3 0.6895789506183355 0.9711619127516778 0.017942501950929324 0.010648176974098079
3 0.8108665958334753 0.96987730704698 0.01774382007242659 0.010241719700345963
3 0.9321542410486152 0.9692350041946309 0.01727004020830496 0.009438841134909807