2 0.5877926578766239 0.3240201271186441 0.02030181687844152 0.014710300251589009
2 0.10110484397853395 0.7126721398305084 0.020656905690764022 0.015288168697033862
2 0.4647775423728813 0.3246689618644068 0.020842169418932254 0.01517665022510594
2 0.34225646347758754 0.32612884004237286 0.021212696875268933 0.014882646980932179
2 0.7103137367719178 0.322560248940678 0.02101199450308645 0.01465961003707624
2 0.22171153101608876 0.7126721398305084 0.020332694166469517 0.014264226363877128
3 0.935100393616106 0.25556806144067795 0.015901803334444593 0.010715911347987325
2 0.21998240288651813 0.3274265095338983 0.020610589758721917 0.014548091565148316
3 0.6910463090424159 0.6435712394067796 0.016982508415426343 0.010462460275423762
3 0.566549083713327 0.2581634004237288 0.01718321078760868 0.011445850436970299
3 0.4440280048180332 0.2594610699152542 0.016473033162963464 0.011050466763771189
3 0.5685252301471221 0.6445444915254237 0.016658296891131876 0.011091018935381385
3 0.9365825034414522 0.6419491525423728 0.016349524010851334 0.00987445378707624
2 0.3434915549987094 0.7120233050847458 0.02136708331540906 0.014487263307732973
3 0.44526309633915506 0.6451933262711864 0.01659654231507574 0.010837567862817726
3 0.32125990761851503 0.26059653072033895 0.016720051467187868 0.010462460275423762
3 0.20083848430912846 0.6461665783898305 0.017445667735847013 0.011445850436970394
3 0.3224949991396369 0.6458421610169491 0.016858999263314068 0.010634807004767027
3 0.19935637448378216 0.26205640889830506 0.016920753839370205 0.011263365664724556
3 0.6895641992170696 0.2573523569915254 0.016781806043243863 0.010224216267214009
2 0.8333288522756603 0.3217492055084746 0.02128989009533885 0.014943475238347426
2 0.5892747677019702 0.7107256355932203 0.02104287179111459 0.01415270789194911
2 0.7122898832057128 0.7100768008474576 0.020965678571044383 0.014325054621292375
3 0.8120852781123634 0.25637910487288135 0.017183210787608538 0.010345872782044505
2 0.466506670502452 0.7113744703389829 0.021011994503086596 0.015288168697033862
2 0.09894343381657059 0.32856197033898304 0.020487080606609753 0.014771128509004257
3 0.8135673879377097 0.6422735699152542 0.016858999263314068 0.00987445378707624
2 0.8348109621010066 0.7087791313559322 0.021490592467521333 0.014487263307732973
0 0.08140513421663942 0.9138109110169491 0.009162835222323178 0.0102647684388243