3 0.19442260336112666 0.21300341296928327 0.017717198773059165 0.010955631399317411
3 0.4428651661122391 0.9828668941979523 0.01814489998703942 0.010494880546075365
2 0.2152503564176783 0.2788054607508532 0.020775910485160105 0.015580204778156978
3 0.32006307512852633 0.9822184300341297 0.018559640558171712 0.010750853242320772
3 0.43988421825722546 0.21022184300341296 0.018067136129952182 0.010648464163822572
3 0.31683587505940297 0.21136518771331056 0.017665356201667575 0.010409556313993183
3 0.19825895364410073 0.9822184300341297 0.018274506415518255 0.010648464163822383
2 0.33767658875880247 0.27718430034129693 0.02109992655635718 0.015938566552900966
2 0.46072493195662506 0.27604095563139924 0.021877565127230315 0.015699658703071672
3 0.5631788136691579 0.20924914675767917 0.017587592344580405 0.01112627986348116
3 0.5666522659523912 0.9822184300341297 0.018533719272475917 0.010580204778157166
3 0.6897006091502138 0.9815699658703071 0.01839115220114919 0.010460750853242568
3 0.6867196612952002 0.2077645051194539 0.01771719877305938 0.010904436860068216
2 0.7080528794228192 0.2740784982935153 0.02125545427053181 0.0150511945392491
3 0.8122434872769689 0.9809044368600681 0.01766535620166779 0.010051194539249384
3 0.8097680044930227 0.20696245733788396 0.0173154188447747 0.01046075085324233
2 0.584512031796777 0.27522184300341296 0.020672225342376994 0.014761092150170612
2 0.8306087181924222 0.273259385665529 0.021968289627165453 0.015153583617747397
3 0.5651617920248844 0.5971160409556314 0.017794962630146478 0.011040955631399356
3 0.1961593295027433 0.5990784982935153 0.01785976584438582 0.011262798634812346
3 0.3185726012010196 0.5984300341296928 0.0173154188447747 0.010870307167235561
2 0.3391670626863092 0.6647269624573379 0.020853674342247417 0.015580204778156978
2 0.21724629541625265 0.6660409556313993 0.021177690413444496 0.014982935153583602
3 0.441867196612952 0.5977645051194539 0.017924569058625307 0.010699658703071577
2 0.5860025057242838 0.6640784982935153 0.020983280770726247 0.015051194539249196
2 0.4624616580982416 0.6647269624573379 0.02179980127014307 0.01546075085324219
3 0.688210135222707 0.5961433447098976 0.01819674255843087 0.010955631399317364
3 0.933308852119065 0.206296928327645 0.01766535620166779 0.010955631399317364
2 0.7095433533503261 0.6627645051194538 0.02106104462781349 0.014249146757679227
3 0.9352918304747915 0.9796075085324231 0.017380222059014332 0.010017064846416209
3 0.8112584784205297 0.5951535836177474 0.017794962630146478 0.010494880546074985
2 0.8325916965481487 0.6614675767918089 0.021631312913120693 0.014863481228669002
3 0.9347993260465718 0.5945051194539248 0.01814489998703928 0.010529010238907783