3 0.3216112644187152 0.9756425981228669 0.018667629039400335 0.010615534343003597
3 0.19980653540415602 0.9756425981228669 0.018202488780943507 0.010375664095829885
3 0.5679495452974467 0.9756425981228669 0.01828001215735294 0.010707399544048712
3 0.4441602178468052 0.9756425981228669 0.01806294670340655 0.01053387638651884
3 0.6914907979435779 0.9749893344709896 0.0184505635854538 0.010334835117587317
3 0.195713301129736 0.20577138438566553 0.017659825146077245 0.010258280783383119
2 0.21630350990409122 0.2720776450511945 0.020822778903583614 0.014647395944432635
2 0.21853618314468395 0.6581564633105802 0.02125690981147661 0.015045478482295304
3 0.814039751371668 0.9743360708191124 0.017582301769667665 0.010656363321245787
2 0.5872993800492504 0.6561966723549488 0.020853788254147375 0.014759675634599035
3 0.3183862919600812 0.20397490934300339 0.01792340462586938 0.010574705364761077
2 0.4640062022076295 0.6568499360068258 0.021675536044087833 0.01545376826471852
2 0.33897650073443636 0.27028117000853236 0.02125690981147661 0.015759985601535884
2 0.7113367823044021 0.6555434087030716 0.021551498641832652 0.01442283656409984
2 0.3409610991705188 0.657503199658703 0.021179386435067248 0.015341488574552122
3 0.4411833201926815 0.2028316979522184 0.01828001215735294 0.010707399544048618
3 0.6880177506804337 0.20021864334470987 0.017799367223614342 0.010911544435260226
2 0.46226967857605733 0.2693012745307167 0.022094162276698914 0.01557625519944537
3 0.5649726476433231 0.20168848656143343 0.017861385924741863 0.011207554527517042
2 0.7093521838683198 0.26701485174914674 0.021427461239577613 0.014871955324765339
2 0.5858109312221885 0.268321379052901 0.020931311630556882 0.014698432167235466
3 0.8110628537175444 0.19940206377986347 0.017721843847204835 0.01037566409582979
3 0.19744982476130812 0.5918502026450512 0.018000928002278888 0.010870715457017847
2 0.8323972869054305 0.2661982721843003 0.021830582796906705 0.015157758172461608
2 0.8343818853415128 0.6542368813993173 0.02122590046091278 0.014473872786902764
3 0.319874740787143 0.591196938993174 0.01779936722361427 0.010829886478775658
3 0.9346041063636755 0.19891211604095563 0.01725670358874808 0.010870715457017894
3 0.9370848544087786 0.9730295435153583 0.017861385924742006 0.009941856202005207
3 0.5664610964703849 0.5895637798634812 0.017659825146077314 0.011085067592790097
3 0.690002349116516 0.5885838843856654 0.018311021507916917 0.010911544435260226
3 0.4431679186287639 0.5902170435153583 0.017582301769667807 0.010334835117587508
3 0.8130474521536267 0.5876039889078497 0.017861385924742006 0.010416493074072074
3 0.936588704799758 0.5869507252559726 0.017721843847204835 0.010294006139345129