3 0.1551733448536559 0.2093262411347518 0.017158980451452623 0.010177304964539028
3 0.667472189221298 0.20328014184397164 0.01683497137919853 0.01147163120567375
3 0.4108705043741225 0.205354609929078 0.017037477049357447 0.012304964539007084
3 0.5392996003888109 0.20395390070921987 0.017104978939410178 0.011914893617021296
3 0.1567258883248731 0.6084929078014184 0.016834971379198677 0.011790780141843886
3 0.28399395183065124 0.6081560283687943 0.01614645210065884 0.011524822695035368
3 0.6695377470569177 0.6057801418439717 0.01722648234150564 0.01125886524822704
3 0.9243168808726644 0.20106382978723406 0.018036505022140437 0.01147163120567375
3 0.4130170644778054 0.6071276595744681 0.01729398423155837 0.01187943262411352
3 0.79667080678259 0.6050886524822694 0.01683497137919853 0.010283687943262407
3 0.5408521438600281 0.6064539007092199 0.018252511070309927 0.011418439716312226
3 0.9263959390862944 0.6040780141843971 0.01683497137919853 0.01125886524822704
2 0.3041500162004536 0.2765780141843972 0.021276595744680837 0.015815602836879446
2 0.8173398855167944 0.27115248226950356 0.021479101414839823 0.015390070921985834
2 0.1767604492925802 0.27742907801418437 0.02111459120855379 0.01593971631205676
2 0.5610082082298304 0.2731914893617021 0.021425099902797236 0.014804964539007131
2 0.6896938114267199 0.27234042553191484 0.02273463656982374 0.015336879432624073
2 0.4328356193973431 0.2757269503546099 0.021722108219030176 0.014982269503546112
2 0.1788260071281996 0.6784042553191489 0.02103358894049034 0.015567375886524815
2 0.3059590668538719 0.6777127659574469 0.02214061993735822 0.015939716312056665
2 0.6917593692623393 0.675691489361702 0.022478129387622958 0.015691489361702223
2 0.05019440544335242 0.279290780141844 0.020480073442056365 0.01569148936170213
2 0.4341316556863592 0.6770390070921987 0.02161410519494543 0.015514184397163148
2 0.5630737660654498 0.6767021276595745 0.022140619937358146 0.01563829787234056
2 0.8194054433524138 0.675 0.021978615401231246 0.01563829787234056
2 0.05032940922345826 0.6790780141843972 0.020871584404363333 0.014308510638297965
3 0.2826844151636245 0.20705673758865248 0.017536991035749013 0.010691489361702082
3 0.7954422723836267 0.2028014184397163 0.017604492925801744 0.009113475177304953