3 0.2013341570932407 0.21604646381578946 0.017913973270939087 0.010582960697642535
2 0.22293959140395403 0.2838781524122807 0.02149357185496259 0.015352376302083333
2 0.34912044149078275 0.2825349506578947 0.02187710027467944 0.016013483415570136
3 0.32764284998664167 0.21436746162280698 0.017850051867652945 0.010708885862116234
3 0.45446291410633183 0.2131921600877193 0.018201619585726653 0.010871539199561416
3 0.7091257847982901 0.21084155701754384 0.01847328554969279 0.011091908237390365
2 0.4761961912236174 0.281359649122807 0.02234053044850386 0.015709164268092102
2 0.7311147475287203 0.27934484649122804 0.021829159222214727 0.014880156935307032
3 0.581794349452311 0.21201685855263158 0.0179938750250468 0.011616596422697351
3 0.8354344776916911 0.20966625548245613 0.017786130464366803 0.010462282415021965
2 0.6037833121827412 0.280688048245614 0.021669355713999444 0.0148276881167763
3 0.20312395638525246 0.6124588815789473 0.018265540989012792 0.011091908237390272
2 0.8579348116484102 0.27850534539473687 0.022644157114112995 0.015352376302083333
2 0.22498507630911033 0.6809621710526315 0.021621414661534874 0.015404845120614064
3 0.9627659130376702 0.20933045504385964 0.0179938750250468 0.011049933182565799
3 0.3294326492786535 0.6117872807017544 0.018409364146406648 0.010913514254385935
2 0.35091024078279454 0.6802905701754386 0.021413670100854876 0.015646201685855204
3 0.8374799625968473 0.6084292763157894 0.018265540989012792 0.010666910807291667
2 0.7321374899812984 0.677939967105263 0.020854357822101318 0.014596825315241138
3 0.7106598984771574 0.6094366776315789 0.0187609318644805 0.011133883292214932
3 0.4565083990114881 0.6111156798245614 0.0186171087070865 0.01046228241502187
3 0.5838398343574672 0.6104440789473684 0.018409364146406648 0.011217833401864065
2 0.4777303049024846 0.6802905701754386 0.022372491150147 0.016013483415570136
2 0.8594689253272775 0.6769325657894736 0.022372491150147 0.015111019736842195
2 0.6048060546353192 0.678611567982456 0.021621414661534874 0.015404845120614064
3 0.9648113979428266 0.6077576754385965 0.018201619585726796 0.010666910807291667