1 0.9257964209365313 0.2026465499161074 0.009613146275242384 0.0103571334941275
0 0.08387431917095357 0.9075739303691277 0.009246348961083626 0.010437421350671154
1 0.9292198625353457 0.9640965813758391 0.01091986170693274 0.009699776668676729
2 0.5878538288249924 0.6503316380033558 0.020754614692812475 0.014903433370910192
2 0.3450340068519402 0.6522585465604028 0.020250268385844348 0.014512030070260001
2 0.4665661836098525 0.6512950922818792 0.02124367777835743 0.014793037568162692
3 0.20234985164421015 0.20874842701342283 0.01720890732261182 0.010608033045826346
3 0.8108665958334753 0.9653811870805369 0.016872676451299785 0.00985031639969596
2 0.710119600211222 0.6496893351510067 0.020999146235585023 0.014010230966862498
2 0.10282551373581916 0.27554792365771813 0.020280834828690843 0.015736419882550288
2 0.22435769049373153 0.6522585465604028 0.020204418721574458 0.014512030070260001
3 0.6900680137038804 0.966023489932886 0.016872676451299785 0.010086161978292693
3 0.32253710491687393 0.2069820941694631 0.016689277794220338 0.010397277422399327
1 0.9282417363642559 0.583210989932886 0.010545422782062185 0.010121287915530578
3 0.20369477512945866 0.5873859584731544 0.017132491215495437 0.010086161978292693
3 0.8089103434912956 0.2026465499161074 0.016429463030024506 0.009739920596948413
2 0.10447610164953328 0.6529008494127517 0.020724048249965942 0.015023865155725768
2 0.8314072454263619 0.6487258808724833 0.02115197844981765 0.014341418375104808
3 0.44724819173082825 0.967308095637584 0.016368330144331512 0.01004601805002115
3 0.32596054651568834 0.967308095637584 0.01661286168710395 0.01068832090237
3 0.5658459899754711 0.20457345847315436 0.01720890732261182 0.01072846483064178
3 0.686644572105066 0.20344942848154365 0.017071358329802225 0.010477565278942932
3 0.2061400905571833 0.966665792785235 0.01675041067991344 0.010397277422399232
2 0.4648544628104453 0.27153353083053694 0.021151978449817796 0.015134260958473172
3 0.5687803684887406 0.967308095637584 0.016612861687103915 0.01004601805002115
3 0.4438247501320138 0.2060186398909396 0.017132491215495364 0.01052774518928274
2 0.34356681759530544 0.2726575608221477 0.020403100600077117 0.014562209980599808
2 0.8294509930841822 0.2686431679949665 0.020754614692812475 0.014732821675755
2 0.7081633478690423 0.2694460465604027 0.020448950264346934 0.014903433370910192
2 0.5863866395683577 0.2702489251258389 0.02052536637146325 0.014562209980599808
3 0.44578100247419344 0.5861013527684564 0.01720890732261182 0.01000587412174923
3 0.32424882571628116 0.5864225041946309 0.016872676451299674 0.010477565278942886
2 0.22276823546571053 0.27426331795302017 0.02005158650734169 0.014231022572357404
3 0.5673131792321058 0.585137898489933 0.01675041067991351 0.010648176974098079
3 0.8098884696623856 0.5835321413590605 0.016872676451299785 0.00985031639969596
3 0.6890898875327907 0.5841744442114094 0.01713249121549551 0.010437421350671154
0 0.09102686679704801 0.9538197357382552 0.006701692594107722 0.019750812709731537