2 0.10141945736487754 0.3153707005033557 0.019791771743145926 0.015375124528104038
3 0.2005158650734167 0.2480894767197987 0.016184931487252172 0.010527745189282693
3 0.3208253841174667 0.24680487101510068 0.016429463030024613 0.010121287915530578
3 0.5638897376332913 0.24455681103187923 0.016490595915717787 0.010728464830641826
3 0.6851773828484312 0.24343278104026847 0.01655172880141078 0.010397277422399327
3 0.807443154234661 0.24262990247483227 0.016246064372945238 0.010086161978292789
3 0.44260209241815146 0.24584141673657722 0.016949092558416097 0.010477565278942981
3 0.20234985164421015 0.6275298867449666 0.016429463030024648 0.01020157577207423
2 0.10300891239289853 0.6930447776845639 0.02055593281430989 0.015023865155725768
3 0.32278163645964636 0.6268875838926175 0.016689277794220338 0.010086161978292693
3 0.9287307994498009 0.24166644819630875 0.016184931487252245 0.010161431843802405
0 0.0839965849423398 0.9082162332214765 0.009032383861157726 0.010437421350671154
3 0.8089103434912956 0.6236760696308725 0.01661286168710406 0.009514111000419424
3 0.6871336351906109 0.6249606753355705 0.01675041067991351 0.010161431843802499
3 0.44431381321755875 0.626566432466443 0.016368330144331512 0.009815190462458077
3 0.566335053061016 0.625924129614094 0.016246064372945238 0.01020157577207423
2 0.22117878043768954 0.31440724622483224 0.020128002614458074 0.014401634267512595
2 0.8279838038275475 0.3081447934144296 0.020922730128468566 0.014451814177852308
3 0.9306870517919805 0.6233549182046981 0.016123798601558964 0.009890460327967693
2 0.3416105652531258 0.3128014890939598 0.0206323489214262 0.014732821675755
2 0.7066961586124076 0.30910824769295303 0.02005158650734176 0.013638899630348172
2 0.5849194503117229 0.31119573196308725 0.02017385227872789 0.013538539809668654
2 0.46363180509658297 0.3113563076761745 0.020479516707193432 0.014451814177852308
2 0.22289050123709672 0.6924024748322148 0.019379124764717395 0.013749295433095578
2 0.34356681759530544 0.6917601719798658 0.020372534157230476 0.014341418375104808
2 0.8299400561697272 0.6885486577181209 0.021274244221203924 0.014010230966862498
2 0.7081633478690423 0.6898332634228188 0.0199751704002253 0.013689079540687885
2 0.5863866395683577 0.6904755662751679 0.01986818785026235 0.013538539809668654
2 0.4650989943532178 0.6911178691275168 0.02124367777835743 0.014622425873007501