2 0.7168374004958892 0.26522040823363097 0.02127811551856321 0.01484894881563979
3 0.19916879404280305 0.20268983488777023 0.01818709066700378 0.011198582231794997
2 0.5924470670755578 0.26670530311519497 0.021403005411555487 0.014570531025346504
0 0.07852515741224063 0.9139544831569146 0.009374547592734586 0.010765487891338682
2 0.3434166204489103 0.26802520967658516 0.021730841380660358 0.016106984756964777
2 0.46780695386924176 0.2672002680757163 0.02160595148766808 0.01598324351683447
3 0.3226848982121884 0.20136992832638 0.017703142331658563 0.01089954090148004
2 0.8402286147722823 0.2643954666327621 0.022370902082245923 0.015374849086193694
2 0.22040007585149415 0.26967509287832286 0.021168836862194968 0.01573576103657376
3 0.44657567206055065 0.2000500217649898 0.01804658953738747 0.011239829311838433
3 0.6953563389012135 0.19790517360273072 0.017921699644395193 0.01089954090148004
3 0.20091725254469525 0.5928872120987483 0.01792169964439512 0.01089954090148004
3 0.5709660054808822 0.19906009184394716 0.017984144590891333 0.011322323471925305
3 0.8187475531776066 0.19691524368168808 0.017312861416057555 0.010481914216040155
2 0.7183360792117969 0.656902680326173 0.020809778419842172 0.014570531025346597
2 0.8422268530601591 0.6559127504051304 0.021824508800404423 0.015024248905824393
3 0.32443335671408063 0.5922272588180533 0.01812464572050764 0.010600499571165128
2 0.3454148587367871 0.6592125168086059 0.021403005411555487 0.015374849086193599
2 0.222398314139371 0.659872470089301 0.021168836862194968 0.01496237828575924
2 0.5934461862194962 0.6572326569665207 0.021246893045315143 0.015498590326323907
3 0.9431378865979381 0.196255290400993 0.017234805232937384 0.010858293821436556
3 0.6968550176171212 0.5899174223356204 0.018546149109356577 0.011023282141610347
3 0.5729642437687589 0.590907352256663 0.01778119851477874 0.011064529221653782
3 0.4485739103484274 0.5915673055373581 0.018468092926236405 0.010399420055953283
3 0.8207457914654833 0.5889274924145778 0.017578252438666432 0.010481914216040155
2 0.46955541237113396 0.6585525635279108 0.022199178479381396 0.01616885537702993
3 0.945635684457784 0.587937562493535 0.017921699644395193 0.010600499571165128
3 0.3259320354299882 0.98192967106851 0.018436870452988335 0.010641746651208374
3 0.20353994029753358 0.98192967106851 0.018436870452988408 0.010523161296083591
3 0.6978541367610596 0.981269717787815 0.018265146850123953 0.010481914216040155
3 0.4495730294923659 0.9825896243492052 0.017984144590891333 0.010239587620785064
3 0.5744629224846666 0.98192967106851 0.01857737158260479 0.010600499571164938
3 0.8217449106094218 0.9799498112264247 0.01770314233165871 0.010239587620785064
3 0.9451361248858149 0.9792898579457298 0.017312861416057555 0.009852896245377567