3 0.9437322817774263 0.6394517686631945 0.017083083526997625 0.010514259338378906
3 0.5681883735495781 0.6421101888020834 0.017019988112308856 0.011994043986002604
3 0.19302303780986288 0.6444363064236112 0.016704511038864715 0.010934829711914062
3 0.8185509790348101 0.6401163736979166 0.017682489966541308 0.010036574469672245
3 0.3170686230880802 0.64410400390625 0.01683070186824233 0.010716756184895834
3 0.4425023074894515 0.6431070963541666 0.016956892697619942 0.010976367526584265
3 0.6933696762921941 0.6414455837673612 0.017414334454113924 0.010934829711914062
2 0.09106084767273208 0.7122260199652778 0.02110541621340981 0.0156597561306423
3 0.19100398453982068 0.25265163845486116 0.01722504821004747 0.011059443155924479
3 0.5661693202795359 0.24849785698784724 0.017083083526997625 0.011142518785264788
2 0.46420713014240506 0.7115614149305556 0.02175214421397025 0.015483220418294271
2 0.3387734457410338 0.7122260199652778 0.02142089328685395 0.015015920003255209
2 0.5893884328850211 0.7108968098958335 0.020900356115671197 0.01495361328125
2 0.7150744989451477 0.7102322048611112 0.021058094652393198 0.014777077568901974
3 0.941713228507384 0.24583943684895834 0.01689379728293117 0.011142518785264788
2 0.21434928797468356 0.7128906250000001 0.020427140505504985 0.014777077568901974
3 0.44098801753691985 0.2501593695746528 0.017556299137163767 0.011142518785264788
3 0.3158067147943039 0.2506578233506945 0.016704511038864715 0.01084136962890625
2 0.8402558016877638 0.7089029947916667 0.02290363553204114 0.015420913696289062
2 0.7130554456751055 0.3149583604600695 0.021625953384592563 0.015130148993598122
2 0.8387415117352321 0.31429375542534727 0.022004525872725476 0.015368991427951357
2 0.33725915578850213 0.3186136881510417 0.022178038263119773 0.01519245571560333
2 0.5878741429324895 0.3162875705295139 0.020506009773865987 0.015067842271592913
2 0.4621880768723629 0.3171183268229167 0.021673274945609177 0.015545527140299479
2 0.2128349980221519 0.3207736545138889 0.020979225384032196 0.014673233032226562
3 0.6913506230221519 0.2475009494357639 0.017288143624736383 0.010275416904025576
3 0.8170366890822784 0.24683634440104166 0.017083083526997625 0.01011445787217885
2 0.08885250815862342 0.32177056206597227 0.020821486847310125 0.016033596462673643
0 0.07061793331355486 0.918918185763889 0.008628297958695946 0.010716756184895834
0 0.08468821078916139 0.6115383572048612 0.009771902349930776 0.010353300306532181