3 0.20015415800769937 0.24760067114093962 0.016608183149933595 0.010687919463087212
2 0.1008755493475965 0.3144127516778524 0.02005757503491976 0.014614093959731539
3 0.3210745068647157 0.2461577181208054 0.015982182400436085 0.00988255033557048
3 0.5634006745477464 0.24343959731543624 0.017208632848431177 0.010469798657718172
3 0.4421098354512316 0.24520134228187918 0.016812591557932646 0.010318791946308655
3 0.6846915136442614 0.24231543624161073 0.016608183149933523 0.01043624161073827
3 0.8069532926787722 0.2418288590604027 0.015739447415937035 0.009815436241610768
3 0.20186607842469254 0.6265604026845638 0.01674871393043301 0.010352348993288463
3 0.9282441317752872 0.24119127516778524 0.016046060027935863 0.009932885906040289
3 0.3222881817872109 0.6259228187919463 0.016953122338432203 0.01060402684563769
2 0.10300906210608797 0.693036912751678 0.020453616325418183 0.01479865771812096
3 0.6871316390147516 0.6236744966442953 0.017068102067931475 0.010939597315436155
3 0.44406449085272376 0.6256040268456377 0.016557081047933814 0.010469798657718077
2 0.2210549177256158 0.31328859060402686 0.019827615575920637 0.01417785234899327
3 0.8084224781112663 0.6227181208053691 0.016493203420434106 0.010352348993288463
3 0.5658407999182368 0.6246476510067115 0.016557081047933814 0.010805369127516921
2 0.8274963376826902 0.30701342281879196 0.02079855551391683 0.013842281879194616
2 0.46265288045514946 0.3097483221476511 0.020376963172418584 0.014127516778523556
2 0.34136204135863457 0.31184563758389267 0.020555820529417852 0.014513422818791923
2 0.7062054985861753 0.30781879194630873 0.02005757503491976 0.013691275167785288
2 0.5844291895206623 0.30879194630872486 0.019827615575920637 0.013791946308724903
2 0.22252410315810994 0.6923993288590605 0.019789288999420857 0.014010067114094037
3 0.9297133172077814 0.6214261744966443 0.016365448165434403 0.009194630872483268
2 0.3433166967601268 0.6923993288590605 0.02040251422341844 0.01395973154362423
2 0.8289655231151841 0.6885570469798659 0.02136067863591449 0.013892617449664423
2 0.5858983749531566 0.6904697986577182 0.019827615575920637 0.012969798657718077
2 0.7076746840186693 0.6898322147651007 0.020134228187919465 0.013473154362416154
2 0.4646075358566416 0.691761744966443 0.020926310768916243 0.014446308724832307
0 0.08375634517766499 0.9069295302013423 0.009211153885463164 0.010285234899329225