3 0.19306173586209877 0.20834470989761092 0.015708299131636915 0.009095563139931736
3 0.5618049855272822 0.20349829351535834 0.016537780273901567 0.0112627986348123
3 0.43851039011534965 0.20540955631399316 0.01616192163131297 0.011843003412969276
3 0.6873288115090508 0.5901877133105802 0.016537780273901712 0.010699658703071577
3 0.3167062686309241 0.5924744027303754 0.015669417203093297 0.011092150170648551
2 0.21375988249017153 0.2744539249146758 0.020568540199593886 0.014812286689419807
2 0.45885859938652956 0.2714846416382252 0.02030932734263615 0.014197952218430033
2 0.33590098068864216 0.27254266211604095 0.02046485505681078 0.014641638225255917
2 0.8287294249794788 0.2664846416382252 0.02042597312826723 0.014761092150170612
2 0.5827882662980083 0.26976109215017063 0.02113880848490073 0.014590443686006817
2 0.7063550352097463 0.2690784982935153 0.021968289627165453 0.014982935153583602
2 0.2156132544174191 0.6587713310580204 0.020568540199593886 0.014812286689419618
2 0.584628677582408 0.657150170648464 0.02134617877046709 0.014641638225256012
2 0.3377932345444334 0.6584470989761092 0.02138506069901064 0.015051194539249196
2 0.460841577742256 0.6577986348122867 0.02069814662807279 0.014419795221843022
3 0.1971313777163347 0.977235494880546 0.016926599559338132 0.010290102389078584
2 0.7081695252084502 0.6561604095563139 0.021579470341729103 0.014692832764505207
2 0.8307124033352054 0.6555119453924914 0.02125545427053181 0.015153583617747397
2 0.09238346221972608 0.27433447098976105 0.019687216485937683 0.014982935153583602
3 0.565770942238735 0.977235494880546 0.018067136129952182 0.010699658703071767
3 0.4427225990409124 0.9779010238907849 0.017587592344580405 0.010904436860068548
3 0.6878213159372705 0.9765870307167234 0.01745798591610143 0.010494880546075365
3 0.3189354992007603 0.977235494880546 0.0166673867023804 0.01034129692832759
3 0.8103771547068733 0.9752901023890784 0.016926599559338062 0.009761092150170802
3 0.9339180023329158 0.9739761092150171 0.0166673867023804 0.010290102389078584
2 0.09238346221972608 0.6597610921501706 0.0201537996284616 0.013037542662116076
3 0.3155268501317665 0.20561433447098973 0.01648593770251005 0.009539249146757668
3 0.6850606990106709 0.20104095563139932 0.016926599559338062 0.008993174061433441
3 0.8078757506372315 0.200358361774744 0.017082127273512833 0.009061433447098987
3 0.9310277789778372 0.19977815699658702 0.01682291441655517 0.009709897610921512
3 0.4401175098284874 0.5922866894197951 0.01627856741694376 0.011331058020477751
3 0.5630880891692227 0.5917747440273037 0.016732189916619886 0.009846416382252603
3 0.8097420832073271 0.5897098976109214 0.016006393917138057 0.009795221843003408
3 0.9330496392621074 0.5887542662116041 0.015578692703158157 0.00854948805460746
3 0.1949410290750421 0.5931911262798635 0.016097118417073484 0.010273037542661996