3 0.20143260348956554 0.6636993243243244 0.016947485460143654 0.010844594594594621
0 0.08232552172425592 0.9107263513513514 0.00872391378720494 0.010304054054053798
2 0.22204926445432777 0.7296621621621622 0.019834074580910008 0.014054054054054178
3 0.3221176873075608 0.6630574324324324 0.016562606910708204 0.01059121621621614
3 0.4446501881628464 0.6624155405405405 0.01586982552172429 0.010760135135135063
2 0.3434784468012317 0.7290202702702703 0.02096305165925422 0.013986486486486456
3 0.9303797468354432 0.2752364864864865 0.01551060554225105 0.009915540540540538
2 0.7093696544645911 0.7270777027027028 0.020411392405063292 0.013682432432432468
3 0.5669389326034897 0.6611148648648649 0.01604943551146084 0.011013513513513545
3 0.810053882996921 0.6595101351351351 0.016318850496065664 0.009611486486486645
2 0.4652796784125899 0.7283783783783784 0.02109134450906606 0.014662162162162151
2 0.587080910023948 0.7283783783783784 0.02002651385562777 0.01378378378378367
2 0.341759322613753 0.3449155405405406 0.020809100239479954 0.014222972972973006
3 0.6887401642148478 0.6611148648648649 0.016434314060896363 0.010793918918918925
2 0.10215959630516593 0.7290202702702703 0.02025744098528906 0.01518581081081076
2 0.8306705439616833 0.7257770270270271 0.02120680807389662 0.014324324324324305
2 0.10001710571330825 0.347820945945946 0.019410708176530952 0.013935810810810854
2 0.4635605542251112 0.34361486486486487 0.020488368114950424 0.014222972972973006
2 0.5856055422511118 0.342972972972973 0.02014197742045847 0.014104729729729778
3 0.8090660280533699 0.27619932432432437 0.01599811837153613 0.010236486486486457
2 0.220458433116661 0.34652027027027027 0.01953900102634283 0.014054054054054082
3 0.19945689360246324 0.2810472972972973 0.016755046185425965 0.010540540540540539
3 0.5649760520013685 0.2775 0.016947485460143727 0.01042229729729731
2 0.7074067738624701 0.34199324324324326 0.020103489565515047 0.014324324324324398
3 0.3208989052343483 0.28008445945945953 0.016190557646253823 0.009881756756756772
3 0.4429310639753678 0.27895270270270267 0.016755046185425893 0.010540540540540539
3 0.9318422853232982 0.6582094594594595 0.016190557646253677 0.009695945945946012
3 0.6867772836127268 0.2765371621621622 0.016755046185425893 0.010236486486486457
2 0.8296955183031134 0.3410304054054054 0.02088607594936709 0.01478040540540538