2 0.22401447537579114 0.2895270453559028 0.02110541621340981 0.01524437798394094
3 0.2028144160403481 0.22206963433159724 0.018029514747329906 0.010893291897243956
2 0.6014512460443039 0.6794840494791667 0.02093190382301551 0.014673233032226562
2 0.226159719475211 0.6814778645833335 0.02126315475013188 0.015244377983941036
2 0.4757651799841772 0.680148654513889 0.021831013482331175 0.015846676296657924
2 0.348564823971519 0.28786553276909727 0.021389345579509493 0.016033596462673643
2 0.47425089003164556 0.2868686252170139 0.021831013482331175 0.0157220628526476
3 0.32736476463607594 0.22024197048611113 0.017887550064280063 0.010799831814236143
2 0.3503314955828059 0.6808132595486112 0.021058094652393198 0.015545527140299479
3 0.4527984490374473 0.21891276041666666 0.017966419332641134 0.011059443155924479
2 0.7256230221518988 0.2847086588541667 0.02183101348233132 0.015130148993598122
3 0.7039181994989453 0.2165866427951389 0.01823457484506866 0.011017905341254372
3 0.5787368967563292 0.21824815538194448 0.017966419332641134 0.011360592312283018
3 0.8290995022415613 0.21608818901909724 0.01761939455185268 0.010353300306532087
2 0.7271373121044303 0.6781548394097223 0.0207426175789492 0.014610926310221354
3 0.20470727848101267 0.6130235460069445 0.01782445464959122 0.011184056599934896
2 0.8502995615770043 0.2838779025607639 0.022351550653514074 0.015483220418294271
2 0.5999369560917722 0.28603786892361116 0.021136963920754266 0.01455900404188365
2 0.8523186148470465 0.677157931857639 0.021878335043347935 0.015067842271592819
3 0.9547855683016878 0.2150912814670139 0.018108384015690832 0.011059443155924479
3 0.3293838179061182 0.6120266384548612 0.017824454649591294 0.01089329189724386
3 0.5802511867088608 0.6106974283854166 0.017966419332641134 0.011100980970594681
3 0.7054324894514769 0.6100328233506945 0.01831344411342959 0.011059443155924479
3 0.9566191983122364 0.998263888888889 0.01714135021097056 0.003472222222222096
3 0.45481750230748946 0.6116943359375 0.018171479430379747 0.010555797153049109
3 0.8306137921940929 0.60870361328125 0.017824454649591148 0.010799831814236048
3 0.9568046215717301 0.6080390082465278 0.018029514747329906 0.010555797153049109