2 0.6988602650316456 0.6949869791666667 0.021673274945609177 0.015244377983941036
2 0.8245463310917721 0.6936577690972223 0.021925656604364546 0.015420913696289062
2 0.447992896228903 0.6963161892361112 0.021389345579509493 0.01590898301866313
2 0.19813505406118145 0.6976453993055556 0.020979225384032196 0.015420913696289062
2 0.32281159348628696 0.6969807942708335 0.021799465774986863 0.015607833862304688
2 0.5736789622890296 0.695651584201389 0.021673274945609177 0.01490169101291239
3 0.4265404552347047 0.6285264756944445 0.017556299137163767 0.01089329189724386
3 0.551974139636076 0.6278618706597223 0.01776135923490238 0.011142518785264694
3 0.3008543891745781 0.6291910807291666 0.016562546355814875 0.01059733496771912
2 0.0728906559038766 0.30602688259548616 0.021026546945048793 0.014901691012912294
2 0.6973459750791139 0.2993808322482639 0.021547084116231636 0.01524437798394094
3 0.6776602056962026 0.6265326605902778 0.01689379728293117 0.010078112284342447
3 0.1765564222376055 0.6295233832465278 0.01689379728293117 0.010799831814236048
0 0.05724299306104958 0.9269341362847223 0.009361782154453461 0.011184056599934896
2 0.19636838244989455 0.3043653700086806 0.020979225384032196 0.01524437798394094
2 0.5716599090189874 0.3005438910590278 0.02142089328685395 0.015130148993598122
2 0.8230320411392406 0.2983839246961806 0.020821486847310125 0.015545527140299479
2 0.32104492187500006 0.302703857421875 0.022209585970464157 0.016033596462673643
2 0.07402637336827532 0.6976453993055556 0.02085303455465453 0.01597128974066834
3 0.5499550863660337 0.23225572374131948 0.016956892697619942 0.010514259338378906
3 0.4247737836234177 0.23375108506944448 0.017288143624736237 0.011142518785264788
2 0.4462262246176161 0.3017069498697917 0.021294702457476267 0.014777077568901878
3 0.8033462717563291 0.6255357530381945 0.016704511038864715 0.009657541910807291
3 0.9290323378164557 0.62420654296875 0.0166414156241758 0.009958691067165735
3 0.6756411524261604 0.23125881618923613 0.016247069282370876 0.009730233086480003
3 0.801327218486287 0.23026190863715282 0.016373260111748417 0.009922345479329428
3 0.2995924808808017 0.23474799262152782 0.016562546355814875 0.010675218370225725
3 0.1752945139438291 0.2365756564670139 0.016704511038864715 0.010436375935872396
3 0.9270132845464136 0.2290988498263889 0.016704511038864715 0.010353300306532087