1 0.10235203557988369 0.2822804054054055 0.016049435511460805 0.01417229729729731
3 0.442879746835443 0.2119594594594595 0.018012316113581877 0.010844594594594572
3 0.20394714334587755 0.9769256756756759 0.01781987683886419 0.01003378378378405
2 0.3419517618884708 0.2792060810810811 0.021168320218953197 0.015895270270270316
3 0.5651684912760863 0.2113006756756757 0.01753763256927808 0.011283783783783766
3 0.32107851522408487 0.2134121621621622 0.017409339719466312 0.01042229729729731
2 0.46375299349982896 0.27807432432432433 0.021578857338351 0.015777027027026994
3 0.6874572357167295 0.20984797297297303 0.01748631542935366 0.010793918918918876
2 0.22052257954156687 0.2809797297297298 0.020693636674649327 0.014949324324324399
3 0.3245167635990421 0.9775844594594596 0.018012316113581877 0.010152027027027088
2 0.7085742387957578 0.27597972972972973 0.02096305165925422 0.014898648648648607
3 0.19989308929182348 0.2151858108108108 0.017678754704071136 0.010540540540540539
2 0.5862854943551147 0.2774324324324325 0.020770612384536532 0.014543918918918925
3 0.8092584673280876 0.2090371621621622 0.01748631542935366 0.010185810810810759
3 0.5686067396510435 0.9769256756756759 0.018230413958262137 0.009949324324324682
0 0.08123503250085529 0.9096790540540541 0.009391036606226462 0.010270270270270127
2 0.830375470407116 0.275168918918919 0.021450564488539305 0.015236486486486456
3 0.4460742387957578 0.9775844594594596 0.017614608279165216 0.009915540540540254
3 0.8117088607594938 0.975641891891892 0.01728104686965454 0.009949324324324682
3 0.6904079712624016 0.9762837837837839 0.01781987683886419 0.01003378378378405
3 0.5671313718782074 0.5944425675675676 0.017486315429353375 0.010979729729729684
3 0.4448426274375642 0.5950844594594595 0.017614608279165216 0.010270270270270316
3 0.3227976394115635 0.5960641891891892 0.01753763256927808 0.010726351351351393
3 0.20174050632911392 0.5963851351351351 0.017742901128977057 0.011233108108108165
2 0.3434271296613069 0.662668918918919 0.020770612384536532 0.015236486486486456
3 0.6889326034895655 0.5934797297297297 0.018127779678412722 0.010979729729729684
2 0.46547211768730756 0.6620101351351353 0.021655833048238135 0.015236486486486456
2 0.5872733492986658 0.6613682432432433 0.02071929524461168 0.014712837837837849
2 0.7100496065685941 0.6607263513513514 0.021245295928840186 0.014324324324324305
3 0.8107338351009238 0.5925 0.01740933971946624 0.010540540540540632
2 0.222485460143688 0.6633108108108109 0.02064231953472455 0.014831081081081075
3 0.9339976052001369 0.9743412162162162 0.01740933971946624 0.009459459459459368
2 0.8318508381799521 0.6594256756756757 0.020809100239479954 0.014222972972972911
1 0.10235203557988369 0.6633108108108109 0.01834587752309273 0.014898648648648797
3 0.933022579541567 0.5921790540540541 0.017742901128977057 0.010388513513513544
3 0.931418918918919 0.20869932432432434 0.015151385562777953 0.010101351351351345