3 0.18717590571802706 0.20700000000000002 0.016643387167175876 0.009896551724137954
3 0.684081187254474 0.20112068965517244 0.01632911392405075 0.011155172413793081
3 0.43518987341772153 0.20313793103448277 0.016525534701003944 0.011965517241379283
3 0.5597599301615016 0.20177586206896556 0.01659100829332158 0.011586206896551706
3 0.18868179834133567 0.5951551724137931 0.016329113924050676 0.011465517241379265
3 0.31212570929725014 0.5948275862068966 0.015661283282409462 0.011206896551724223
3 0.6860846791793977 0.5925172413793104 0.016708860759493727 0.010948275862068991
3 0.9332082060235706 0.19896551724137934 0.0174945438673068 0.011155172413793081
3 0.4372719336534265 0.5938275862068967 0.016774334351811363 0.011551724137931197
3 0.8093976429506767 0.5918448275862069 0.01632911392405075 0.01
3 0.5612658227848102 0.5931724137931035 0.017704059362723696 0.01110344827586213
3 0.9352247926669578 0.5908620689655173 0.01632911392405075 0.010948275862068991
2 0.33167612396333485 0.27239655172413796 0.020637276298559524 0.015379310344827578
2 0.8294456569183762 0.26712068965517244 0.020833697075512865 0.014965517241379303
2 0.20811436054124838 0.2732241379310345 0.020480139676996925 0.015500000000000019
2 0.5808162374508948 0.2691034482758621 0.02078131820165864 0.014396551724137983
2 0.7056350938454823 0.26827586206896553 0.02205150589262314 0.014913793103448257
2 0.45649498035792235 0.2715689655172414 0.021069402007856872 0.014568965517241376
2 0.210117852466172 0.6631379310344828 0.02040157136621559 0.01513793103448279
2 0.33343081623745097 0.6624655172413794 0.021475338280226967 0.015499999999999924
2 0.707638585770406 0.6605 0.02180270624181601 0.015258620689655231
2 0.0853513749454387 0.27503448275862075 0.019864687909209935 0.015258620689655231
2 0.45775207333042345 0.6618103448275864 0.020964644260148425 0.015086206896551744
2 0.5828197293758185 0.6614827586206897 0.021475338280226967 0.015206896551724185
3 0.1909340899170668 0.9838965517241379 0.017376691401134868 0.010362068965517134
2 0.8314491488433 0.6598275862068966 0.02131820165866429 0.015206896551724185
3 0.6870798777826278 0.9833448275862071 0.01797904845045823 0.010603448275862395
3 0.43919685726756874 0.9845689655172413 0.017704059362723696 0.010603448275862395
3 0.5632693147097337 0.9838965517241379 0.017900480139676895 0.010327586206896437
3 0.8114011348756002 0.9825862068965517 0.01697075512876485 0.010051724137930857
3 0.31412920122217375 0.9838965517241379 0.016708860759493658 0.009931034482758606
3 0.9356438236577914 0.9806034482758622 0.016774334351811363 0.010155172413793328
2 0.08548232213007421 0.6637931034482759 0.020244434744652987 0.013913793103448409
3 0.31085552160628543 0.2047931034482759 0.017010039284155374 0.010396551724137879
3 0.8082060235704934 0.2006551724137931 0.01707551287647301 0.008862068965517219