2 0.09996508075076387 0.7159827586206897 0.021069402007856838 0.01586206896551725
2 0.09777826276735052 0.3265689655172414 0.02008729812309035 0.015379310344827578
0 0.0802968136185072 0.9291551724137931 0.008773461370580512 0.010327586206896437
3 0.3251025752946312 0.648 0.016525534701003944 0.010362068965517134
3 0.4496726320384112 0.647 0.01710170231340012 0.010362068965517134
3 0.8228852029681362 0.6446896551724138 0.016591008293321868 0.010051724137931047
2 0.34465298996071586 0.32375862068965516 0.021527717154081333 0.015431034482758624
3 0.20129201222173723 0.6486551724137932 0.017232649498035824 0.010396551724137832
3 0.6985639458751638 0.6453448275862069 0.017560017459624724 0.010448275862068878
2 0.46897424705368834 0.3224310344827586 0.0212396333478831 0.01562068965517246
2 0.7181143605412484 0.3201206896551724 0.02063727629855967 0.015258620689655231
2 0.22109122653862942 0.3250689655172414 0.020833697075512938 0.014965517241379303
2 0.842435617634221 0.3196379310344828 0.021121780881711096 0.015086206896551744
3 0.32309908336970755 0.2572586206896552 0.016525534701003944 0.010568965517241414
2 0.5937931034482758 0.3216206896551724 0.021200349192492432 0.015379310344827578
3 0.6960497599301615 0.2531379310344828 0.017023134002619074 0.010327586206896531
3 0.19991706678306415 0.2584137931034483 0.016656481885639503 0.010637931034482809
3 0.4479179397642951 0.2557758620689655 0.017167175905718045 0.010810344827586202
3 0.8213793103448277 0.2521379310344828 0.01697075512876485 0.010517241379310368
3 0.5747402880838063 0.6463448275862069 0.017023134002618928 0.012051724137931123
2 0.22284591881274554 0.7159827586206897 0.020990833697075464 0.015258620689655231
3 0.9466957660410302 0.6433793103448276 0.01710170231340012 0.01027586206896558
2 0.8444391095591445 0.7113620689655172 0.021121780881711096 0.014793103448276005
2 0.34665648188563947 0.7153103448275863 0.0212396333478831 0.015499999999999924
2 0.5952989960715845 0.7140000000000001 0.020990833697075537 0.01501724137931035
3 0.9446922741161065 0.25165517241379315 0.016446966390222608 0.01048275862068967
2 0.720117852466172 0.7126724137931035 0.020833697075512865 0.014396551724137983
2 0.47072893932780446 0.7146551724137932 0.021121780881711096 0.015310344827586277
3 0.5722391968572675 0.25396551724137933 0.016708860759493727 0.01186206896551719
0 0.09350938454823221 0.6202758620689656 0.011025752946311643 0.01348275862068969