0 0.08542319057910291 0.932979094076655 0.009209191549420027 0.010923344947735055
1 0.9580337846778106 0.2050348432055749 0.010585277643011506 0.010505226480836238
1 0.959493670886076 0.995 0.010126582278481013 0.01
3 0.4601155559476029 0.6038501742160279 0.017889119216689363 0.010627177700348512
2 0.10517796498037313 0.2805574912891986 0.020813302165571364 0.016393728222996534
2 0.48189476469809905 0.6718815331010454 0.021871829929872563 0.01571428571428574
2 0.6075155471265382 0.6705400696864112 0.021752745556388668 0.015418118466899007
2 0.3562872138667137 0.6725435540069687 0.021342566047722018 0.015365853658536632
3 0.20786838971463859 0.21137630662020906 0.017478939708022712 0.01083623693379792
3 0.7113924050632912 0.995 0.015189873417721518 0.01
2 0.7336391302430205 0.6702090592334495 0.021461650421205767 0.014947735191637624
3 0.3344947735191638 0.6045296167247387 0.017346623737485148 0.010592334494773658
3 0.461121157323689 0.9965156794425087 0.01720107616989377 0.006968641114982574
3 0.5862391390640851 0.6031881533101047 0.017743571649097983 0.010975609756097432
3 0.8367088607594937 0.995 0.017721518987341773 0.01
3 0.3341772151898734 0.995 0.015189873417721518 0.01
3 0.20977373969038063 0.6051916376306621 0.018034666784280885 0.010679442508710887
3 0.3327217395139594 0.20970383275261326 0.01720107616989377 0.010801393728222971
2 0.23091783178229616 0.6728745644599304 0.02041635425395849 0.015069686411149709
3 0.5868213293344507 0.9965156794425087 0.01720107616989377 0.006968641114982574
3 0.21104397300754205 0.9965156794425087 0.017201076169893696 0.006968641114982574
3 0.7118599214925242 0.6018466898954704 0.018166982754818595 0.010592334494773658
2 0.8592599126714594 0.6688850174216029 0.021580734794689662 0.015069686411149709
3 0.584214704714859 0.20686411149825784 0.017889119216689363 0.01118466898954703
3 0.45834252194239844 0.2085365853658537 0.017677413663829203 0.010749128919860596
3 0.8354562695717374 0.2048780487804878 0.0171481497816788 0.01034843205574911
3 0.7098354871432982 0.20587108013937286 0.017558329290345454 0.010627177700348416
3 0.8374807039209634 0.6008536585365853 0.01720107616989377 0.010069686411149708
2 0.6059939134653554 0.2747386759581882 0.021342566047722018 0.015121951219512179
2 0.10688484100030875 0.6735540069686412 0.02113086049486175 0.016027874564459997
2 0.7321174965818374 0.27405923344947736 0.021051470912539116 0.015174216027874554
2 0.35424954792043406 0.27756097560975607 0.020892691747893925 0.015783972125435544
1 0.9600582190270367 0.6001916376306621 0.01071759361354907 0.010226480836237025
2 0.48012173069289465 0.2762369337979095 0.021342566047722018 0.015783972125435544
2 0.8577382790102765 0.27372822299651567 0.021541040003528366 0.015662020905923366
2 0.22939619812111323 0.2794076655052265 0.021421955630044544 0.015243902439024359
0 0.09213161028536145 0.9856620209059234 0.0069730516473338385 0.022073170731707326