2 0.08154617758457196 0.7429769163763066 0.021210611878666262 0.015839367378048717
2 0.45605593657654486 0.7423099956445994 0.021954566175903047 0.015297494283536632
2 0.33043846204736915 0.7423099956445994 0.021796278027554735 0.015120343464176737
2 0.2055807706302651 0.7429769163763066 0.021099810174822507 0.014661835461128021
2 0.7077974077096105 0.7403092334494774 0.02136890002701461 0.014609732278963368
2 0.5821799331804349 0.741643074912892 0.02187542210172889 0.014432581459603662
3 0.18456010452961674 0.6749510017421603 0.016699399650740993 0.010931247618140294
2 0.4545363703524016 0.34482523954703836 0.02133724239734483 0.015422541920731685
3 0.3091645349093636 0.674284081010453 0.016699399650740993 0.010634259479801737
2 0.32891889582322587 0.3458256206445993 0.022002052620407567 0.01566221655868901
2 0.5801538448815773 0.34382485844947736 0.021416386471518986 0.015005716463414653
2 0.7062778414854674 0.3424910169860627 0.021052323730317984 0.015245391101371979
2 0.20380794336876462 0.34715946210801396 0.021210611878666224 0.014891089462652473
3 0.4347820094385393 0.6736171602787456 0.01707929120677674 0.01047273961509139
2 0.07933014350769639 0.3484933035714286 0.020260882988576714 0.01506824028201218
2 0.8334148822387862 0.7389753919860628 0.022128683139086103 0.014547208460365937
3 0.6865234805716051 0.6722833188153311 0.017554155651821675 0.010879144435975641
3 0.5609060060424294 0.6729502395470384 0.01720592172545542 0.010431057069359706
3 0.18228075519340187 0.2796337380226481 0.01720592172545542 0.011056295255335347
3 0.3071384466105059 0.2782998965592335 0.017285065799629504 0.010550894388338368
3 0.9377584296299564 0.6702825566202091 0.01728506579962943 0.010592576934070053
3 0.433262443214396 0.27763297582752616 0.01768078617050021 0.0109312476181402
3 0.5588799177435717 0.2759656739982579 0.01768078617050021 0.01079577934451218
2 0.8313887939399286 0.34182409625435545 0.021258098323170674 0.0147764624618902
3 0.8121409551007807 0.6709494773519165 0.01707929120677674 0.010389374523628021
3 0.6850039143474618 0.2746318325348432 0.01682603016941967 0.010149699885670695
3 0.8106213888766374 0.2741316419860627 0.015939616538669356 0.0096495093368902
3 0.9362388634058131 0.2737981816202091 0.01625619283536598 0.010191382431402473
0 0.06128529459599524 0.9190439895470384 0.009505203308312752 0.010550894388338368