0 0.08375634517766499 0.9062919463087248 0.008968418900964125 0.010285234899329225
2 0.3418602868531326 0.3262919463087249 0.021399005212414342 0.01468120805369125
2 0.22289459339760845 0.7071812080536913 0.019865942152420563 0.014177852348993459
2 0.10337955234558649 0.7071812080536913 0.020760228937416976 0.014848993288590578
2 0.22142540796511428 0.32741610738255034 0.01994259530542027 0.014513422818791923
2 0.5844291895206623 0.32404362416107385 0.020095901611419612 0.014395973154362404
2 0.4628956154396484 0.3248489932885907 0.02068357578441727 0.01479865771812077
2 0.3435722072701258 0.706526845637584 0.021041290498415806 0.014681208053691346
2 0.7062054985861753 0.32291946308724834 0.02095186181991624 0.01468120805369125
2 0.10123326406159508 0.3291778523489933 0.02063247368241749 0.014848993288590672
2 0.7081601539876674 0.7046140939597316 0.020606922631417706 0.014010067114094037
3 0.6871316390147516 0.6384563758389262 0.017004224440432057 0.010318791946308655
2 0.46485027084114067 0.7058892617449665 0.021041290498415806 0.015251677852349039
2 0.8289655231151841 0.7039597315436242 0.021488433890913903 0.014446308724832307
2 0.8274963376826902 0.32194630872483226 0.02095186181991624 0.014848993288590672
3 0.9277586618062891 0.2556375838926175 0.016493203420434106 0.011073825503355767
2 0.5863838449221546 0.705251677852349 0.020632473682417416 0.014681208053691346
3 0.5658407999182368 0.6390939597315437 0.016608183149933523 0.011157718120805384
3 0.8079370081422683 0.6371644295302015 0.017004224440432057 0.009781879194630961
3 0.6846915136442614 0.2570805369127517 0.016608183149933523 0.010234899328859133
3 0.44406449085272376 0.6397315436241611 0.016748713930433083 0.010520134228187886
3 0.32253091677170986 0.6403691275167787 0.01625046843593506 0.010520134228187886
3 0.3208317718802167 0.2602852348993289 0.015931080298436304 0.010520134228187886
0 0.09719619800361122 0.6092281879194632 0.010871972200456511 0.010805369127516921
3 0.8069532926787722 0.25644295302013426 0.01668483630293323 0.01
3 0.4423525704357306 0.259496644295302 0.016812591557932646 0.010906040268456346
3 0.20210881340919157 0.6407046979865773 0.01655708104793374 0.011409395973154234
3 0.5634006745477464 0.2580369127516779 0.016953122338432203 0.011023489932885867
3 0.20039689299219846 0.26189597315436247 0.016493203420434033 0.010906040268456346
3 0.9292150717132832 0.636526845637584 0.017068102067931475 0.010285234899328847