3 0.18851666216424823 0.2504627613240418 0.01714260646611608 0.011056295255335347
2 0.08556605047854278 0.3191555966898955 0.020735747433621506 0.015422541920731685
3 0.8167306653288052 0.2451273954703833 0.016121647909269857 0.010191382431402473
3 0.4393717196665638 0.24796180858013941 0.017475011577647376 0.010754096798780494
3 0.5649891941957395 0.24662796711672474 0.017554155651821533 0.011056295255335347
3 0.6906066687249152 0.24562758601916376 0.01707929120677674 0.010712414253048811
3 0.31350098410003086 0.24879545949477352 0.016952660688098208 0.010347691977896338
3 0.19028948942574872 0.6442794533972126 0.017285065799629504 0.010592576934070053
2 0.08740219299938252 0.7133057491289199 0.021099810174822473 0.015120343464176926
3 0.9428546619326954 0.2439602841898955 0.016303679279870358 0.010191382431402473
3 0.3152738113615314 0.6439459930313589 0.01747501157764745 0.010592576934070053
0 0.06771114734485953 0.9347234320557491 0.009109482937442117 0.010712414253048716
3 0.6931392790984873 0.6412783101045297 0.017348381058968698 0.010879144435975641
3 0.44089128589070703 0.6436125326655052 0.017285065799629577 0.01047273961509139
3 0.818756753627663 0.6402779290069687 0.016762714910080405 0.010269537204649359
3 0.5675218045693116 0.6426121515679443 0.016493625057888303 0.010837461890243958
2 0.21042374189564683 0.31832194577526135 0.020688260989116983 0.014432581459603662
2 0.8385111145415253 0.3119861988240418 0.021543016990197523 0.014380478277439011
2 0.7128936400123496 0.31298657992160284 0.020894035581969672 0.014328375095274359
3 0.9443742281568387 0.6396110082752614 0.017142606466116008 0.01019138243140238
2 0.33502817227539367 0.3169881043118467 0.021178954248996663 0.015005716463414653
2 0.5867696434084595 0.31532080248257843 0.02045082876659466 0.013411359089176832
2 0.46089890784192655 0.3151540722996516 0.021052323730317984 0.014432581459603662
2 0.21194330811979006 0.7126388283972126 0.019991793136384686 0.014057438548018315
2 0.8400306807656686 0.7086373040069687 0.022033710250077058 0.014276271913109706
2 0.7144132062364928 0.709304224738676 0.02076740506329114 0.01389070836509139
2 0.3373075216116086 0.7119719076655052 0.021210611878666297 0.014380478277439011
2 0.46292499614078425 0.711304986933798 0.02182793565722451 0.014776462461890294
2 0.588795731707317 0.7099711454703833 0.02100483728581346 0.013671875