0 0.07087289029535865 0.935607638888889 0.009585970464135027 0.010190972222222096
3 0.1884757383966245 0.2221527777777778 0.01782700421940926 0.0103125
3 0.31302742616033763 0.22098958333333332 0.01782700421940926 0.01015625
3 0.5636471518987343 0.21784722222222228 0.017892932489451573 0.01109375
3 0.6908491561181437 0.6112847222222223 0.018169831223628786 0.010677083333333334
3 0.44022943037974693 0.612951388888889 0.01863132911392405 0.011024305555555619
3 0.5651635021097047 0.6119444444444445 0.019158755274261554 0.011666666666666667
3 0.4382120253164557 0.2194965277777778 0.018591772151898733 0.011024305555555619
3 0.8145174050632913 0.21618055555555557 0.017827004219409186 0.010121527777777809
3 0.1902426160337553 0.6146180555555555 0.01776107594936716 0.010972222222222286
3 0.6888317510548524 0.2170138888888889 0.01708860759493671 0.01027777777777781
2 0.3362473628691983 0.6817361111111111 0.022085970464134973 0.01647569444444438
2 0.5873681434599156 0.681076388888889 0.022310126582278482 0.0153125
3 0.3150448312236287 0.6139409722222223 0.01802478902953577 0.010590277777777905
2 0.46168248945147683 0.681076388888889 0.0220464135021098 0.01647569444444438
2 0.7125527426160337 0.6797395833333333 0.0220464135021098 0.01524305555555543
3 0.8165348101265822 0.6106250000000001 0.018235759493670886 0.010121527777777905
2 0.21157700421940928 0.6823958333333334 0.021716772151898663 0.01609375
2 0.8377373417721521 0.678420138888889 0.022085970464135116 0.015607638888888952
3 0.939688818565401 0.21501736111111108 0.018169831223628786 0.01046875
3 0.9422204641350211 0.6096180555555556 0.01831487341772152 0.01046875
2 0.08917457805907174 0.29095486111111113 0.014425105485232079 0.0153125
2 0.3347310126582279 0.2877951388888889 0.02217827004219414 0.016475694444444477
2 0.20992879746835447 0.28911458333333334 0.02167721518987342 0.01597222222222219
3 0.9421149789029536 0.998263888888889 0.01714135021097056 0.003472222222222096
2 0.7105353375527427 0.2843055555555556 0.022257383966244916 0.015729166666666666
2 0.8357067510548524 0.28347222222222224 0.021136603375527523 0.015607638888888857
2 0.09067774261603376 0.6837326388888889 0.014425105485232079 0.015538194444444571
2 0.45991561181434604 0.28696180555555556 0.02167721518987342 0.015416666666666667
2 0.5853507383966245 0.2856250000000001 0.02217827004219414 0.01578125