2 0.10227531776458115 0.7328675545302015 0.020403100600077082 0.014622425873007501
2 0.3430777545097605 0.7322252516778524 0.0206323489214262 0.014180842662017691
2 0.46460993126767286 0.7315829488255035 0.02132009388547374 0.014451814177852308
3 0.20161625701589275 0.6673526635906041 0.01720890732261182 0.010648176974098079
2 0.2224014381515518 0.7328675545302015 0.020448950264346934 0.013960051056522692
2 0.5858975764828127 0.7315829488255035 0.02072404824996598 0.013066848652474808
3 0.322048041831329 0.6667103607382551 0.016750410679913473 0.0103571334941275
2 0.7076742847834976 0.7296560402684564 0.020173852278728033 0.013377964096581346
2 0.5844303872261779 0.35037620595637586 0.020051586507341616 0.013849655253775192
2 0.10050246407948081 0.3545511744966443 0.01948610731468035 0.014401634267512595
2 0.34136603371035334 0.3519819630872484 0.020953296571315064 0.014853253460570481
2 0.22068971735214463 0.35358772021812085 0.020403100600077117 0.014562209980599808
2 0.7062070955268627 0.3490916002516779 0.020204418721574385 0.014010230966862405
2 0.8294509930841822 0.7290137374161075 0.021365943549743558 0.013799475343435385
2 0.4628982104682656 0.35101850880872487 0.020097436171611575 0.014341418375104904
3 0.4435802185892414 0.6667103607382551 0.016811543565606647 0.010241719700346152
3 0.5658459899754711 0.6654257550335572 0.01655172880141078 0.010527745189282693
3 0.6871336351906109 0.664783452181208 0.01675041067991351 0.010316989565855769
3 0.19978227044509933 0.28823340499161076 0.016612861687103988 0.010608033045826346
2 0.8279838038275475 0.3481281459731544 0.02060178247857985 0.014341418375104904
3 0.8084212804057508 0.6634988464765101 0.01630719725863852 0.009890460327967693
3 0.9306870517919805 0.6634988464765101 0.01630719725863852 0.009514111000419424
3 0.3210699156602392 0.28678822357382555 0.01604738249444265 0.009739920596948367
3 0.5638897376332913 0.2843795878775168 0.01720890732261182 0.010648176974098172
3 0.4423575608753791 0.28582476929530204 0.016429463030024648 0.009965730193477308
3 0.6851773828484312 0.28357670931208057 0.016184931487252245 0.01020157577207423
3 0.807443154234661 0.28261325503355705 0.015802850951670246 0.009739920596948367
3 0.9282417363642559 0.2819709521812081 0.015802850951670246 0.009930604256239518
0 0.0831407245426362 0.9062893246644296 0.008963609364752965 0.010397277422399232