2 0.22320380733108963 0.28030887049407816 0.021547649530020935 0.015733173499726926
3 0.20217819450998617 0.21632218178266835 0.017394730636692037 0.010882751230542737
2 0.3430777545097605 0.2781171350671141 0.02104499589985484 0.01555577220532721
3 0.3222925733741015 0.21372627411912754 0.0171324912154954 0.010316989565855698
2 0.46436539972490043 0.27699310507550334 0.0213965099925902 0.015134260958473172
3 0.4438247501320138 0.21244166841442955 0.017667403965310132 0.010477565278942932
3 0.6871336351906109 0.21003303271812082 0.017667403965310132 0.010728464830641802
2 0.5863866395683577 0.2766719536493289 0.020922730128468566 0.014231022572357404
2 0.7081633478690423 0.2750661965184564 0.020953296571315207 0.014341418375104904
3 0.5653569268899261 0.21147821413590606 0.01727004020830496 0.011109832149224013
3 0.8079322173202059 0.20923015415268456 0.01713249121549551 0.010086161978292764
3 0.20320571204391374 0.5941301384228188 0.01740758920111448 0.01068832090237
2 0.8294509930841822 0.27426331795302017 0.021809156971018838 0.014793037568162788
2 0.22423542472234528 0.6596450293624162 0.020800464357082292 0.014732821675755
2 0.34454494376639533 0.6590027265100672 0.02099914623558488 0.015254692743288653
3 0.9297089256208906 0.20890900272651008 0.01713249121549551 0.010567889117554519
3 0.3240042941735087 0.5934878355704699 0.01766740396531017 0.010608033045826346
3 0.6886008244472457 0.5912397755872484 0.017804952958119583 0.010808752687185385
2 0.5873647657394475 0.6573969693791947 0.020601782478579706 0.014512030070260001
3 0.5673131792321058 0.5922032298657718 0.01774382007242659 0.010899076525796924
3 0.8098884696623856 0.5902763213087249 0.017468722086807692 0.010437421350671154
2 0.7096305371256773 0.6567546665268457 0.02052536637146339 0.014010230966862498
2 0.8309181823408169 0.6557912122483223 0.0213965099925902 0.014622425873007501
3 0.44553647093142107 0.5931666841442954 0.017606271079617142 0.010121287915530578
2 0.4660771205243076 0.6583604236577182 0.021442359656860015 0.015314908635696345
3 0.9321542410486152 0.5899551698825504 0.017606271079617142 0.010241719700345963
3 0.4465145971025109 0.972446518456376 0.01727004020830496 0.009930604256239425
3 0.3254714834301435 0.972446518456376 0.01766740396531017 0.010241719700345963
3 0.2054064959288659 0.972446518456376 0.01754513819392393 0.010201575772074421
3 0.6895789506183355 0.971804215604027 0.017667403965310132 0.01000587412174923
3 0.5687803684887406 0.972446518456376 0.018018918058045636 0.010241719700345963
3 0.8108665958334753 0.9705196098993291 0.01733117309399795 0.009965730193477308
3 0.9316651779630702 0.96987730704698 0.01713249121549551 0.009664650731438846
0 0.08326299031402243 0.9069316275167787 0.009536730168125918 0.010276845637583847