2 0.10263857186658945 0.7001174496644296 0.02055582052941778 0.015436241610738269
2 0.10050505910809798 0.3211577181208054 0.019597656116921623 0.014966442953020192
0 0.08344973256566621 0.9075671140939598 0.008559602084965763 0.010050335570469996
3 0.32228818178721086 0.6339597315436243 0.01612271318093546 0.010083892617449616
3 0.4438217558682247 0.6329865771812081 0.01668483630293323 0.010083892617449616
3 0.8079370081422683 0.6307382550335571 0.016186590808435278 0.009781879194630961
2 0.34136204135863457 0.31842281879194634 0.021002963921916095 0.015016778523489904
3 0.20149558818519403 0.6345973154362418 0.01681259155793279 0.010117449664429425
3 0.6866461690457535 0.6313758389261747 0.01713197969543147 0.010167785234899232
2 0.46265288045514946 0.31713087248322147 0.020721902360917123 0.01520134228187923
2 0.7057200286171772 0.3148825503355705 0.020134228187919465 0.014848993288590672
2 0.22081218274111677 0.31969798657718124 0.020325861070418734 0.014563758389261732
2 0.827010867713692 0.3144127516778524 0.020606922631417706 0.01468120805369125
3 0.3203335263857187 0.2537080536912752 0.0161227131809355 0.010285234899328847
2 0.5844291895206623 0.31634228187919466 0.02068357578441727 0.014966442953020192
3 0.6841932681497632 0.2496979865771812 0.016608183149933523 0.010050335570469807
3 0.20015415800769937 0.25483221476510065 0.01625046843593506 0.010352348993288654
3 0.4421098354512316 0.25226510067114094 0.016748713930433083 0.010520134228187886
3 0.8064678227097742 0.24872483221476516 0.016557081047933814 0.010234899328859133
3 0.5658407999182368 0.6323489932885906 0.016608183149933523 0.011728187919463078
2 0.22252410315810994 0.7001174496644296 0.020479167376418073 0.014848993288590578
3 0.9287296017442853 0.6294630872483222 0.01668483630293323 0.01
2 0.8289655231151841 0.6956208053691275 0.020606922631417706 0.0143959731543625
2 0.3433166967601268 0.6994630872483222 0.020721902360917123 0.015083892617449616
2 0.5858983749531566 0.6981879194630873 0.020479167376418 0.014614093959731539
3 0.9267749463427929 0.248255033557047 0.016046060027935863 0.010201342281879135
2 0.7076746840186693 0.6968959731543625 0.020325861070418876 0.014010067114094037
2 0.46436480087214266 0.6988255033557048 0.02060692263141756 0.014899328859060385
3 0.5634006745477464 0.250503355704698 0.01630157053793484 0.011543624161073846
0 0.09634023779511464 0.6069798657718121 0.01075699247095695 0.01312080536912769