2 0.10050461854259324 0.6953885135135136 0.0200650017105713 0.014898648648648797
3 0.8092584673280876 0.6252364864864866 0.016819192610331744 0.010236486486486457
3 0.6869697228874445 0.6261993243243243 0.017345193294560392 0.010675675675675697
3 0.9320347245980158 0.6245777027027027 0.01649846048580221 0.009881756756756772
3 0.5656560041053712 0.6275000000000001 0.01625470407115967 0.010506756756756773
3 0.199649332877181 0.6294425675675677 0.016755046185425965 0.01059121621621614
3 0.3208347588094424 0.6287837837837839 0.016562606910708204 0.010388513513513544
2 0.46375299349982896 0.693445945945946 0.021283783783783754 0.014324324324324305
3 0.442879746835443 0.628141891891892 0.016755046185425893 0.010422297297297215
2 0.3419517618884708 0.6947466216216217 0.020616660964762265 0.014104729729729683
2 0.7080867259664728 0.6921621621621622 0.020283099555251306 0.013412162162162341
2 0.22052257954156687 0.6953885135135136 0.019462025316455696 0.013834459459459558
2 0.5857979815258297 0.693445945945946 0.02014197742045847 0.013260135135135253
2 0.8298879575778311 0.6915202702702703 0.021822613752993398 0.014054054054054178
2 0.2190472117687308 0.31241554054054055 0.020180465275402036 0.014222972972973006
2 0.09854173794047213 0.31371621621621626 0.019795586725966475 0.014543918918918925
2 0.7061238453643517 0.3069256756756757 0.020257440985289026 0.013885135135135158
3 0.8072955867259665 0.24079391891891896 0.01599811837153613 0.009881756756756772
2 0.828412589804995 0.30626689189189193 0.02088607594936709 0.014104729729729778
2 0.34023263770099216 0.31113175675675675 0.02096305165925422 0.014611486486486455
2 0.5838351009237085 0.3082094594594595 0.019718611016079378 0.013935810810810854
3 0.6854943551146084 0.24145270270270275 0.016434314060896363 0.010236486486486457
3 0.31935939103660627 0.24467905405405407 0.016254704071159743 0.010033783783783766
3 0.5632056106739651 0.24241554054054054 0.016562606910708204 0.010675675675675697
2 0.46203386931235035 0.3090202702702703 0.020180465275402036 0.014222972972973006
3 0.44140437906260693 0.24354729729729732 0.016947485460143727 0.010675675675675697
3 0.9295843311666097 0.23951013513513517 0.015933971946630283 0.010354729729729683
3 0.19817396510434487 0.2463006756756757 0.016370167635990442 0.010844594594594621
0 0.08104259322613755 0.9113682432432433 0.008698255217242549 0.010422297297297595