2 0.4602985459864063 0.27820338983050846 0.02170696033726234 0.01552542372881362
3 0.3202357394820614 0.9795932203389831 0.01806762453755481 0.010101694915254408
3 0.4395465886604146 0.21218644067796608 0.01806762453755481 0.010915254237288157
3 0.1950012905446098 0.21510169491525422 0.01759012303191947 0.010423728813559307
2 0.3375290372537211 0.27950847457627115 0.020842295448679254 0.015661016949152517
3 0.31677707992772947 0.2136440677966102 0.01724167598726669 0.010508474576271187
2 0.21562419340961886 0.28128813559322036 0.020584186526714277 0.014711864406779683
3 0.442514841263013 0.9795932203389831 0.017719177492901958 0.010152542372881422
3 0.5625613008689667 0.21122033898305081 0.017590123031919397 0.011084745762711918
3 0.19920846597264047 0.9795932203389831 0.01771917749290203 0.010152542372881422
3 0.688544265680117 0.9789491525423729 0.017990191860965447 0.0101864406779661
3 0.6850856061257851 0.2097457627118644 0.017925664630474313 0.010915254237288157
2 0.7063279704035103 0.2764237288135593 0.021139120708939196 0.014830508474576239
3 0.8105781639852018 0.9776440677966101 0.017241675987266548 0.009762711864406887
2 0.5833132581949583 0.27738983050847454 0.020816484556482797 0.014762711864406792
3 0.8076099113826034 0.20910169491525424 0.01764174481631245 0.010389830508474536
2 0.8288522756603286 0.27561016949152545 0.021836014798244898 0.01535593220338986
3 0.5640454271702658 0.5941864406779661 0.017783704723393235 0.010966101694915362
3 0.19673062032177577 0.5967796610169492 0.01759012303191947 0.010796610169491601
3 0.3187645186268605 0.5958135593220338 0.01784823195388459 0.01054237288135596
2 0.5847973844962574 0.6606949152542373 0.020842295448679254 0.015050847457627204
2 0.339258367030887 0.662322033898305 0.020661619203303786 0.01535593220338967
3 0.4415340273595457 0.5951525423728813 0.017990191860965447 0.01027118644067779
3 0.6870601393788178 0.5932203389830508 0.018338638905618154 0.010830508474576277
2 0.46178267228770536 0.6616610169491525 0.021293986062118207 0.015237288135593304
2 0.21761163210874987 0.6629661016949151 0.020971349909661884 0.014593220338983125
3 0.9306246235911555 0.2082881355932203 0.0177191774929021 0.010677966101694948
2 0.7078120967048095 0.6597118644067796 0.02045513206573172 0.014661016949152478
3 0.8095844446356362 0.5922372881355932 0.017590123031919543 0.010677966101694854
2 0.8308268089133614 0.6587457627118645 0.02161662221457446 0.014830508474576239
3 0.9330895637959218 0.9769999999999999 0.017448163124838757 0.00945762711864404
3 0.9325991568441883 0.591271186440678 0.018196678998537368 0.01027118644067779
3 0.5652456336574034 0.980593220338983 0.021293986062118207 0.013542372881355883