2 0.5895313034553541 0.657820945945946 0.02104002736914121 0.015118243243243417
3 0.44631799521040033 0.5927533783783785 0.0177429011289772 0.010185810810810759
3 0.201676359904208 0.21390202702702704 0.01728104686965447 0.01118243243243247
2 0.4674863154293534 0.6587837837837839 0.02145056448853916 0.015472972972972912
3 0.5684143003763258 0.5921790540540541 0.017678754704071063 0.01087837837837848
3 0.32458091002394807 0.5938006756756757 0.017075778309955426 0.010422297297297215
2 0.7118200478959974 0.6571621621621623 0.020719295244611826 0.014831081081081075
3 0.32260520013684574 0.21243243243243246 0.016755046185425893 0.010591216216216235
3 0.6902155319876839 0.5912162162162162 0.01781987683886419 0.010540540540540632
3 0.44440643174820393 0.21114864864864866 0.017204071159767267 0.010878378378378385
3 0.20339548409168665 0.5944425675675676 0.017345193294560392 0.010540540540540632
2 0.3456979131029764 0.6594256756756757 0.02014197742045847 0.014898648648648797
2 0.8336212795073555 0.6561993243243244 0.020719295244611826 0.014662162162162151
3 0.8120167635990422 0.5899155405405406 0.01728104686965454 0.010270270270270316
3 0.5664514197742045 0.20969594594594596 0.017614608279165216 0.010929054054054083
3 0.6887401642148478 0.20871621621621622 0.017345193294560392 0.01064189189189193
3 0.810541395826206 0.2075844594594595 0.016947485460143727 0.010354729729729732
2 0.22438419432090323 0.6600844594594595 0.02077061238453646 0.014712837837837849
2 0.46552343482723235 0.2761317567567568 0.020770612384536532 0.015540540540540538
2 0.3434784468012317 0.27726351351351347 0.02084758809442352 0.01584459459459462
2 0.5875684228532331 0.275168918918919 0.02109134450906606 0.015
2 0.7103575094081425 0.2740371621621622 0.020616660964762123 0.015
2 0.22266507013342457 0.2790371621621622 0.02124529592884026 0.015540540540540538
3 0.9318422853232982 0.20743243243243245 0.01667807047553876 0.01047297297297296
2 0.8316583989052344 0.27322635135135137 0.020809100239479954 0.015
3 0.9338179952104003 0.5889527027027028 0.017139924734861273 0.010118243243243228
2 0.10381457406773863 0.6607263513513514 0.02084758809442352 0.0157263513513512
2 0.10215959630516593 0.2803378378378379 0.019949538145740707 0.016402027027026995
3 0.5698896681491619 0.9762837837837839 0.017486315429353375 0.010641891891891646
3 0.3263000342114266 0.9769256756756759 0.01728104686965454 0.010726351351351013
3 0.69169089976052 0.975641891891892 0.017345193294560392 0.010422297297297595
3 0.44808843653780367 0.9769256756756759 0.017075778309955426 0.010675675675675697
3 0.20584587752309272 0.9762837837837839 0.01728104686965447 0.010675675675675697
3 0.8134921313718783 0.9743412162162162 0.01702446117003086 0.010354729729729874
3 0.9347930208689703 0.9730574324324325 0.016562606910708346 0.009797297297297215