1 0.9257964209365313 0.20906957843959736 0.00998758520011265 0.010241719700346081
3 0.20186078855866524 0.21549260696308725 0.016872676451299713 0.010728464830641802
0 0.08375205339956734 0.9075739303691277 0.009536730168125918 0.01004601805002115
2 0.10300891239289853 0.28213152789429535 0.019975170400225267 0.01591706755977346
2 0.5878538288249924 0.6573969693791947 0.02052536637146325 0.014963649263317886
3 0.44700366018805576 0.9743734270134229 0.01655172880141078 0.009965730193477308
1 0.9292198625353457 0.9705196098993291 0.010583630835620557 0.009664650731438846
3 0.8108665958334753 0.971804215604027 0.0168115435656065 0.009965730193477308
3 0.32596054651568834 0.9737311241610739 0.017010225444109236 0.010086161978292693
2 0.7096305371256773 0.6567546665268457 0.02032668449296066 0.014451814177852308
3 0.6900680137038804 0.973088821308725 0.017010225444109236 0.009775046534186154
3 0.32253710491687393 0.21388684983221481 0.016184931487252172 0.010437421350671154
2 0.3450340068519402 0.6590027265100672 0.0199751704002253 0.014451814177852308
2 0.4663216520670801 0.6583604236577182 0.020448950264346934 0.01508408104813346
3 0.5687803684887406 0.9737311241610739 0.01687267645129964 0.009624506803166923
3 0.8079322173202059 0.20906957843959734 0.016246064372945238 0.010005874121749182
3 0.5653569268899261 0.21115706270973153 0.017010225444109236 0.01064817697409815
3 0.2058955590144108 0.9737311241610739 0.016811543565606574 0.01004601805002115
2 0.8314072454263619 0.6554700608221476 0.020831030799928933 0.014682641765415193
3 0.20357250935807245 0.5941301384228188 0.016612861687103988 0.010121287915530578
3 0.4435802185892414 0.21244166841442955 0.01687267645129964 0.010477565278942932
3 0.686644572105066 0.21019360843120807 0.016689277794220227 0.010397277422399327
2 0.22435769049373153 0.6596450293624162 0.020280834828690843 0.014451814177852308
2 0.10447610164953328 0.6602873322147652 0.019975170400225267 0.015375124528104038
2 0.3430777545097605 0.27924116505872487 0.020128002614458074 0.015194476850880866
3 0.3240042941735087 0.5934878355704699 0.016429463030024648 0.009815190462458077
1 0.9287307994498009 0.5893128670302015 0.010469006674946015 0.009549236937657307
2 0.46460993126767286 0.27795655935402686 0.0206323489214262 0.015084081048133366
2 0.5863866395683577 0.27699310507550334 0.020250268385844348 0.014562209980599808
2 0.7081633478690423 0.2760296507969799 0.02032668449296066 0.014732821675755
3 0.44553647093142107 0.5928455327181209 0.017132491215495364 0.009815190462458077
3 0.5673131792321058 0.5918820784395974 0.01687267645129964 0.010046018050020962
3 0.8098884696623856 0.5899551698825504 0.016184931487252245 0.009514111000419424
2 0.22276823546571053 0.2806863464765101 0.02067819858569609 0.015084081048133366
2 0.8294509930841822 0.2750661965184564 0.020128002614457928 0.014732821675755
3 0.6886008244472457 0.5909186241610739 0.01675041067991351 0.01000587412174923