3 0.32571601497291597 0.973088821308725 0.01794250195092918 0.01035713349412769
2 0.2224014381515518 0.2802046193372484 0.020754614692812475 0.015194476850880866
3 0.20149399124450654 0.21485030411073827 0.01794250195092918 0.010688320902369975
2 0.34283322296698804 0.27859886220637586 0.020922730128468566 0.015615988097734904
3 0.4435802185892414 0.2122810927013423 0.01774382007242659 0.010316989565855698
3 0.20565102747163833 0.972446518456376 0.01774382007242659 0.010161431843802499
2 0.46436539972490043 0.27763540792785235 0.021488209321129832 0.015495556312919424
3 0.4465145971025109 0.973088821308725 0.017468722086807546 0.009930604256239425
3 0.3222925733741015 0.21356569840604028 0.01727004020830496 0.010608033045826346
3 0.5653569268899261 0.21131763842281884 0.01774382007242659 0.011019508310612427
3 0.5687803684887406 0.972446518456376 0.01812590060800859 0.010161431843802499
3 0.6871336351906109 0.21003303271812082 0.017606271079617142 0.010939220454068775
3 0.6900680137038804 0.972446518456376 0.017942501950929324 0.009965730193477308
2 0.7081633478690423 0.27538734794463093 0.020800464357082292 0.014903433370910192
3 0.8108665958334753 0.9711619127516778 0.01733117309399795 0.009664650731438846
2 0.5863866395683577 0.27683252936241615 0.021121412006971155 0.014401634267512595
3 0.8079322173202059 0.20906957843959736 0.017407589201114407 0.010201575772074254
3 0.20345024358668623 0.5931666841442954 0.01740758920111448 0.010527745189282693
3 0.5673131792321058 0.5912397755872484 0.01788136906523604 0.010899076525796924
2 0.8294509930841822 0.2749056208053691 0.021855006635288655 0.015134260958473172
2 0.5873647657394475 0.6561123636744968 0.020678198585696164 0.014853253460570386
3 0.3240042941735087 0.5925243812919464 0.01766740396531017 0.010608033045826346
3 0.6886008244472457 0.5902763213087249 0.01829401604366468 0.010808752687185385
2 0.22411315895095904 0.6590027265100672 0.021121412006971155 0.014622425873007501
2 0.4658325889815351 0.6573969693791947 0.021656324756785923 0.01567620399014269
2 0.34454494376639533 0.6583604236577182 0.02052536637146325 0.014903433370910192
3 0.44578100247419344 0.5918820784395974 0.017331173093998096 0.009815190462458077
3 0.8098884696623856 0.5893128670302015 0.017545138193923858 0.010477565278942886
2 0.7096305371256773 0.6554700608221476 0.020403100600077117 0.014341418375104808
2 0.8309181823408169 0.6548277579697988 0.021442359656860015 0.014963649263317886
3 0.9297089256208906 0.2085878513003356 0.017407589201114407 0.010768608758913606
3 0.9321542410486152 0.96987730704698 0.017407589201114407 0.009403715197671924
3 0.9316651779630702 0.5883494127516778 0.01774382007242659 0.01020157577207423
0 0.08326299031402243 0.9062893246644296 0.009246348961083626 0.010567889117554614