3 0.19312653907633817 0.20617747440273035 0.017717198773059165 0.010955631399317411
3 0.44156910182745057 0.9760409556313994 0.01814489998703942 0.010494880546075365
2 0.2139542921328898 0.2719795221843003 0.020775910485160105 0.015580204778156978
3 0.3187670108437378 0.9753924914675768 0.018559640558171785 0.010750853242320772
3 0.43858815397243694 0.20339590443686004 0.018067136129952182 0.010648464163822525
3 0.3155398107746144 0.20453924914675767 0.017665356201667575 0.010409556313993183
3 0.19696288935931222 0.9753924914675768 0.018274506415518255 0.010648464163822383
2 0.3363805244740139 0.27035836177474404 0.02109992655635718 0.015938566552900966
2 0.45942886767183655 0.2692150170648464 0.021877565127230315 0.015699658703071672
3 0.5618827493843694 0.20242320819112627 0.017587592344580405 0.011126279863481206
3 0.5653562016676026 0.9753924914675768 0.018533719272475917 0.010580204778157166
3 0.6884045448654251 0.9747440273037542 0.01839115220114919 0.010460750853242568
3 0.6854235970104117 0.20093856655290102 0.01771719877305938 0.010904436860068216
2 0.7067568151380307 0.26725255972696244 0.02125545427053181 0.0150511945392491
3 0.8109474229921804 0.9740784982935152 0.01766535620166779 0.010051194539249384
3 0.8084719402082342 0.20013651877133104 0.0173154188447747 0.01046075085324233
2 0.5832159675119886 0.26839590443686007 0.020672225342376994 0.014761092150170612
2 0.8293126539076338 0.2664334470989761 0.021968289627165453 0.015153583617747397
3 0.5638657277400958 0.5902901023890785 0.017794962630146478 0.011040955631399356
3 0.1948632652179548 0.5922525597269624 0.01785976584438582 0.011262798634812346
3 0.3172765369162311 0.59160409556314 0.0173154188447747 0.010870307167235561
2 0.3378709984015207 0.6579010238907849 0.020853674342247417 0.015580204778156978
2 0.2159502311314641 0.6592150170648463 0.021177690413444496 0.014982935153583602
3 0.4405711323281635 0.590938566552901 0.017924569058625307 0.010699658703071577
2 0.5847064414394954 0.6572525597269623 0.020983280770726247 0.015051194539249196
2 0.46116559381345307 0.6579010238907849 0.02179980127014307 0.01546075085324219
3 0.6869140709379185 0.5893174061433446 0.01819674255843087 0.010955631399317364
3 0.9320127878342765 0.19947098976109212 0.01766535620166779 0.010955631399317364
2 0.7082472890655376 0.655938566552901 0.02106104462781349 0.014249146757679227
3 0.933995766190003 0.9727815699658701 0.017380222059014332 0.010017064846416209
3 0.8099624141357412 0.5883276450511945 0.017794962630146478 0.010494880546074985
2 0.8312956322633602 0.6546416382252559 0.021631312913120693 0.014863481228669002
3 0.9335032617617833 0.587679180887372 0.01814489998703928 0.010529010238907783