2 0.22239634790311044 0.2819630872483222 0.02037696317241851 0.01479865771812077
3 0.20186607842469254 0.2164597315436242 0.017272510475930886 0.010520134228187908
3 0.3225309167717099 0.2148489932885906 0.01713197969543147 0.010234899328859062
2 0.34307396177562777 0.28052013422818795 0.02068357578441727 0.01550335570469798
2 0.4646075358566416 0.27939597315436243 0.02148843389091405 0.015369127516778557
2 0.7081601539876674 0.2774832214765101 0.02095186181991624 0.014731543624161058
3 0.44406449085272376 0.2135738255033557 0.01754079651142986 0.01043624161073827
3 0.6871316390147516 0.2111577181208054 0.017208632848431177 0.010771812080536923
3 0.8084224781112663 0.2103523489932886 0.017464143358430297 0.010117449664429496
3 0.5658407999182368 0.2126006711409396 0.017068102067931766 0.011157718120805384
2 0.8294509930841822 0.27667785234899334 0.021488433890913903 0.015134228187919424
2 0.5863838449221546 0.2782718120805369 0.020555820529417852 0.014899328859060385
3 0.20357799884168573 0.5944463087248323 0.017336388103430668 0.010570469798657693
2 0.2246065138146016 0.659010067114094 0.020951861819916172 0.014731543624160964
3 0.9301987871767793 0.2097147651006712 0.017464143358430297 0.010805369127516779
2 0.3450286171771199 0.659010067114094 0.02040251422341844 0.014899328859060385
3 0.3242428371887031 0.5941275167785236 0.01754079651142986 0.010318791946308655
3 0.6890862944162437 0.5915604026845639 0.017809082546928836 0.010520134228187886
3 0.8103771335127586 0.5906040268456377 0.017745204919429127 0.01020134228187923
2 0.8309201785166764 0.6554697986577183 0.021692842298913315 0.0143959731543625
3 0.5678082308452288 0.59251677852349 0.01793683780192825 0.010570469798657693
3 0.44603192177971596 0.5934899328859061 0.017208632848431177 0.009815436241610768
2 0.5878530303546486 0.6570805369127517 0.020926310768916243 0.014966442953020001
2 0.7096293394201616 0.6567617449664431 0.02045361632541829 0.014127516778523462
2 0.4665621912581338 0.6583557046979867 0.021399005212414342 0.015369127516778462
3 0.9321534425782715 0.5899496644295303 0.017745204919429127 0.009882550335570386
3 0.3259547576056962 0.9737248322147652 0.01793683780192825 0.01020134228187923
3 0.44700286171771203 0.9737248322147652 0.017464143358430155 0.009882550335570764
3 0.20589036895717647 0.9730872483221479 0.01788573569992847 0.010520134228188075
3 0.6905554798487378 0.9730872483221479 0.017668551766429133 0.01020134228187923
3 0.8113608489762547 0.9724496644295304 0.017208632848431177 0.00996644295302038
3 0.5687791707832249 0.9730872483221479 0.01812847068442752 0.010318791946308845
3 0.9326389125472695 0.9711577181208054 0.01741304125643059 0.009664429530201156
1 0.1003006507000988 0.2815604026845638 0.013222668892447104 0.015033557046979808
1 0.10008346676659968 0.6603523489932887 0.012801076550948823 0.019446308724832308