3 0.4367232825685654 0.633212619357639 0.01722504821004747 0.01084136962890625
3 0.562409348628692 0.6322157118055556 0.017019988112308856 0.010716756184895834
3 0.18699163123022153 0.6342095269097223 0.017083083526997625 0.010976367526584265
3 0.811762427478903 0.23561265733506948 0.016247069282370876 0.010233879089355469
3 0.3115419798259494 0.633544921875 0.016704511038864715 0.01089329189724386
3 0.18509876878955697 0.24159410264756948 0.016956892697620015 0.010893291897243956
2 0.20844407222441985 0.7026638454861112 0.020774165286293514 0.014725155300564173
3 0.6860763614187764 0.23627726236979166 0.016704511038864715 0.010716756184895834
3 0.687590651371308 0.6312188042534723 0.01749320372247485 0.011017905341254276
3 0.4352089926160338 0.23893568250868058 0.017414334454113924 0.01075829399956594
3 0.9364389669040085 0.23494805230034724 0.016830701868242256 0.010394838121202288
3 0.5603902953586498 0.23744032118055558 0.017493203722474995 0.011142518785264788
2 0.5820951180116034 0.3057284884982639 0.020853034554654582 0.01449669731987844
3 0.9389627834915613 0.6298895941840278 0.017083083526997625 0.010192341274685266
2 0.4564090519514768 0.30639309353298616 0.020663748310588127 0.014839384290907087
3 0.812771954113924 0.630221896701389 0.017288143624736383 0.01059733496771912
2 0.08465086860495781 0.7026638454861112 0.020900356115671162 0.0156597561306423
2 0.3312277492088608 0.3073900010850695 0.021468214847870565 0.015483220418294271
2 0.5836094079641351 0.7006700303819445 0.021136963920754266 0.014060550265842077
2 0.7077811840717301 0.3047315809461806 0.020458688212849515 0.014382468329535622
2 0.3327420391613924 0.701999240451389 0.021389345579509493 0.01490169101291239
2 0.45792334190400846 0.7013346354166667 0.02175214421397025 0.015130148993598026
2 0.20667740061313292 0.309051513671875 0.020821486847310125 0.015130148993598122
3 0.3100276898734178 0.240264892578125 0.016247069282370803 0.010275416904025576
2 0.7092954740242617 0.6993408203125001 0.020427140505504916 0.013686709933810827
2 0.832962486814346 0.30373467339409727 0.020900356115671054 0.014839384290907087
2 0.08263181533491562 0.31087917751736116 0.019843507919633428 0.01495361328125
2 0.8349815400843883 0.6986762152777778 0.021925656604364546 0.014330546061197916