3 0.169205663123539 0.209006968641115 0.01603669562916245 0.009285714285714258
3 0.5457636836766199 0.20445993031358886 0.016883517840603383 0.011498257839721238
3 0.41989150090415917 0.20562717770034844 0.016499801526044217 0.012090592334494754
3 0.673911701142328 0.6007839721254357 0.016883517840603383 0.010923344947735246
3 0.2955409517928814 0.6031184668989548 0.015997000838001225 0.01132404181184673
2 0.19044237639483086 0.2763240418118467 0.020998544524324075 0.015121951219512179
2 0.4406651082785693 0.2731533101045296 0.02073391258324873 0.014494773519163763
2 0.3152957261941517 0.2741637630662021 0.020892691747893925 0.014947735191637624
2 0.8182684249988974 0.2703135888501742 0.020852996956732626 0.015069686411149802
2 0.567040091739073 0.2721602787456446 0.021580734794689662 0.014895470383275248
2 0.6926476425704583 0.2713240418118467 0.022427557006130593 0.015296167247386734
2 0.1923344947735192 0.6708013937282231 0.020998544524324075 0.015121951219512084
2 0.5690645260882988 0.6691463414634147 0.021792440347549968 0.014947735191637624
2 0.31706876019935604 0.6704703832752614 0.021832135138711267 0.015365853658536632
2 0.44268954262779514 0.6698083623693382 0.021130860494861712 0.014721254355400788
3 0.17088607594936708 0.9933333333333333 0.017721518987341773 0.013333333333333334
2 0.6951881092047811 0.6681358885017422 0.0220306090945179 0.015
2 0.8202928593481235 0.6674738675958188 0.021699819168173845 0.015470383275261384
2 0.06652846998632735 0.2783275261324042 0.020098795924668105 0.015296167247386734
3 0.5481012658227848 0.9933333333333333 0.017721518987341773 0.013333333333333334
3 0.4215189873417722 0.9933333333333333 0.017721518987341773 0.013333333333333334
3 0.6721518987341772 0.9933333333333333 0.017721518987341773 0.013333333333333334
3 0.2949367088607595 0.9933333333333333 0.017721518987341773 0.013333333333333334
3 0.799532483570767 0.9939372822299651 0.017280465752216364 0.009965156794424956
3 0.9256560666872493 0.9925958188153311 0.017015833811140947 0.010505226480836048
2 0.06652846998632735 0.6718118466898956 0.020575133418603647 0.013310104529616638
3 0.2943368764609889 0.20736933797909407 0.01683059145238834 0.009738675958188168
3 0.6715961716579192 0.20350174216027875 0.017280465752216076 0.009181184668989555
3 0.7969787853393906 0.2028048780487805 0.01743924491686156 0.009250871080139358
3 0.9227054205442599 0.20221254355400697 0.01717461297578614 0.009912891986062723
3 0.4215322189388259 0.6029268292682927 0.016618885899527966 0.011567944250871088
3 0.5470736117849425 0.602404181184669 0.01708199179640973 0.010052264808362375
3 0.7988841353151325 0.6002961672473869 0.01634102236139888 0.01
3 0.9247695496846469 0.5993205574912892 0.015904379658624887 0.008728222996515645
3 0.17123009747276496 0.6038501742160279 0.01643364354077536 0.010487804878048715