3 0.44724559670221103 0.9647315436241611 0.016557081047933814 0.01
2 0.10283020474908869 0.2723322147651007 0.020479167376418073 0.01550335570469798
2 0.10447824753858209 0.6503355704697987 0.0208752086669165 0.015503355704698076
2 0.3433166967601268 0.2692785234899329 0.020632473682417416 0.01520134228187923
2 0.5883385003236467 0.6480872483221477 0.020875208666916535 0.01501677852349
2 0.22289459339760845 0.27073825503355714 0.02027475896841888 0.014731543624161058
2 0.8309201785166764 0.6461577181208055 0.02045361632541829 0.014731543624160964
2 0.4650930058256397 0.26800335570469797 0.021156270227915365 0.015369127516778557
2 0.3450286171771199 0.6496812080536913 0.020479167376418 0.014446308724832307
2 0.4665621912581338 0.6487248322147651 0.021437331788914195 0.014848993288590578
2 0.7101148093891596 0.6474496644295303 0.02083688209041654 0.014228187919463077
2 0.2246065138146016 0.6503355704697987 0.02037696317241851 0.014177852348993459
2 0.5863838449221546 0.26671140939597315 0.02005757503491976 0.014614093959731539
3 0.5673099853507308 0.5828859060402685 0.01713197969543147 0.010469798657718077
2 0.8289655231151841 0.26526845637583896 0.01975096242292093 0.01468120805369125
3 0.6890862944162437 0.5819295302013423 0.017004224440432057 0.01040268456375846
3 0.20382073382618474 0.5844966442953021 0.01695312233843213 0.010318791946308655
3 0.3242428371887031 0.5841778523489933 0.016876469185432497 0.010167785234899232
3 0.8098916635437606 0.5806375838926175 0.016365448165434403 0.009328859060402503
2 0.7076746840186693 0.2659060402684564 0.0194571253364221 0.014395973154362404
3 0.20246652812319016 0.20585570469798659 0.017464143358430155 0.010402684563758365
3 0.5658407999182368 0.20167785234899333 0.016876469185432497 0.010520134228187933
3 0.44529094130071895 0.5832046979865773 0.016557081047933814 0.009597315436241729
3 0.8079370081422683 0.19959731543624162 0.016812591557932934 0.009597315436241587
3 0.32278642728170887 0.20392617449664432 0.01655708104793378 0.009966442953020144
3 0.44406449085272376 0.20296979865771814 0.017068102067931766 0.010469798657718125
3 0.20614587946717547 0.9647315436241611 0.01695312233843213 0.009848993288590388
3 0.6871316390147516 0.20040268456375843 0.016748713930432937 0.010352348993288558
3 0.8108626034817566 0.9621644295302015 0.01668483630293323 0.009848993288590388
3 0.6900700098797397 0.9634563758389263 0.016748713930432937 0.010050335570469996
3 0.32571202262119714 0.9647315436241611 0.016812591557932754 0.010234899328858849
3 0.5687791707832249 0.9640939597315439 0.01713197969543147 0.009932885906040382
0 0.08387132490716454 0.9069295302013423 0.009913807787960346 0.010721476510067305
1 0.9277586618062891 0.5796812080536914 0.010386502231458703 0.009848993288590577
1 0.9262894763737948 0.1992785234899329 0.010386502231458703 0.009362416107382547
1 0.9292150717132832 0.9615268456375841 0.010999727455455782 0.010234899328858849