3 0.9326377009921315 0.2551858108108108 0.01551060554225105 0.010726351351351393
2 0.22432004789599727 0.7096114864864864 0.020180465275402036 0.014662162162162151
2 0.7111400957919944 0.7063851351351351 0.02036007526513844 0.014054054054054178
2 0.34550547382825864 0.7083277027027027 0.02109134450906606 0.01518581081081076
2 0.8334288402326377 0.7057432432432433 0.02096305165925422 0.014662162162162151
2 0.4673067054396169 0.7076858108108108 0.02109134450906606 0.01518581081081076
2 0.5893516934656176 0.7070270270270271 0.02088607594936709 0.014712837837837849
2 0.3437863496407801 0.32582770270270267 0.021655833048238135 0.014375
3 0.8113368114950394 0.25631756756756763 0.015933971946630283 0.010270270270270221
2 0.10417379404721178 0.7096114864864864 0.020565343824837486 0.015658783783783672
2 0.4655875812521382 0.3245439189189189 0.02101436879917893 0.014662162162162151
2 0.5873759835785153 0.3235641891891892 0.02014197742045847 0.014662162162162151
2 0.2224726308587068 0.3271283783783784 0.02021895313034553 0.014222972972973006
3 0.9341130687649676 0.6381587837837839 0.016562606910708346 0.009611486486486645
2 0.7096647280191584 0.3226013513513513 0.020462709544988144 0.014543918918918925
2 0.1020313034553541 0.3289020270270271 0.019834074580910042 0.014712837837837849
2 0.8314659596305167 0.3216385135135135 0.021283783783783754 0.014662162162162151
0 0.09625812521382142 0.6113344594594595 0.007646253848785503 0.010760135135135063
3 0.6885477249401302 0.2568074324324325 0.016626753335614197 0.01059121621621614
3 0.32414471433458775 0.642685810810811 0.017075778309955568 0.0104729729729731
3 0.20172767704413277 0.26165540540540544 0.016819192610331886 0.01123310810810807
3 0.6905106055422512 0.6401013513513514 0.01649846048580221 0.010675675675675697
3 0.5687222032158742 0.6410810810810811 0.016318850496065664 0.010675675675675697
3 0.8127993499828943 0.6391385135135136 0.01649846048580221 0.009949324324324304
3 0.567246835443038 0.2579391891891892 0.01593397194663014 0.010472972972972911
3 0.44667721518987347 0.6420439189189189 0.016626753335614197 0.010726351351351393
3 0.3231568593910366 0.26003378378378383 0.015626069107081676 0.010793918918918925
3 0.4447143345877523 0.2589020270270271 0.016562606910708204 0.01104729729729731
3 0.20393431406089635 0.6422635135135136 0.016190557646253823 0.010979729729729684