2 0.10130775187128967 0.3283050847457627 0.021706960337262306 0.01552542372881362
2 0.3423943904327626 0.32538983050847453 0.02093263357136713 0.015169491525423667
2 0.8327239094898047 0.32084745762711864 0.021410135077002252 0.015237288135593208
2 0.464918695689581 0.3237627118644068 0.021913447474834407 0.015406779661016874
2 0.10352748860018927 0.7091694915254237 0.020532564742321263 0.015406779661017065
2 0.7101996042329862 0.3221525423728813 0.020764862772089745 0.014762711864406697
3 0.32213284005850473 0.26018644067796604 0.01685451260431894 0.01045762711864408
2 0.5876882044222661 0.32279661016949146 0.021048782586251317 0.015169491525423667
2 0.22308354125440938 0.7091694915254237 0.0199131033296051 0.014881355932203254
3 0.20122171556396798 0.26196610169491524 0.016777079927729508 0.01027118644067798
2 0.3441237202099285 0.7098305084745763 0.02068743009550024 0.01516949152542376
2 0.8342080357911038 0.7065762711864406 0.020584186526714277 0.014661016949152478
3 0.323371762883937 0.6426779661016949 0.016531876451862614 0.01045762711864408
3 0.5664329346984428 0.2574237288135593 0.017306203217757825 0.010423728813559307
3 0.8114815452120794 0.25466101694915255 0.016286672975995724 0.009389830508474594
3 0.6889572399552611 0.25628813559322033 0.016854512604318868 0.010152542372881329
2 0.7116837305342856 0.7078813559322032 0.02068743009550038 0.014271186440677942
3 0.44540566118902175 0.643 0.016144713068915083 0.01010169491525422
3 0.4439215348877226 0.2588813559322034 0.016919039834810294 0.01010169491525422
2 0.46638991654478185 0.7091694915254237 0.02170696033726234 0.01535593220338967
2 0.5891594252774671 0.7085254237288134 0.020816484556482797 0.014949152542372985
3 0.9330121311193323 0.2548305084745762 0.01555106254839534 0.009830508474576333
3 0.5684203733975737 0.6420169491525424 0.017306203217757825 0.010389830508474536
3 0.8134560784651123 0.6402372881355932 0.016286672975995724 0.009355932203389821
3 0.9349866643723651 0.6392881355932203 0.01646734922137148 0.00972881355932202
3 0.6909317732082939 0.6410508474576272 0.01717714875677541 0.009762711864406698
3 0.2028219908801514 0.643322033898305 0.016854512604319014 0.00945762711864423