0 0.0845395024006984 0.910603448275862 0.009624618070711473 0.011465517241379454
3 0.6986032300305545 0.1908448275862069 0.016237450894806 0.00932758620689654
3 0.823186381492798 0.18986206896551724 0.016420776953295496 0.009068965517241357
3 0.20182889567874293 0.19612068965517243 0.015530336097773904 0.01168965517241375
3 0.9476123963334788 0.18886206896551727 0.016839807944129002 0.010948275862068944
3 0.7009864687909211 0.5842241379310346 0.016839807944129002 0.011068965517241243
3 0.4498428633784373 0.19300000000000003 0.016905281536446926 0.011862068965517239
3 0.4515975556525535 0.5855344827586207 0.017023134002618928 0.011689655172413799
3 0.57416412047141 0.1918448275862069 0.016525534701003944 0.011465517241379312
3 0.2033347883020515 0.5871896551724138 0.01609340899170674 0.01137931034482771
2 0.10026625927542558 0.2646034482758621 0.020362287210824993 0.015310344827586182
3 0.32853339153208205 0.975948275862069 0.01697075512876485 0.010241379310344882
3 0.3265298996071585 0.5865344827586207 0.015779135748581394 0.011155172413793176
3 0.9501265822784812 0.9726379310344828 0.016774334351811363 0.010327586206896437
3 0.7019947621126146 0.9752758620689655 0.01810999563509379 0.010637931034482713
3 0.4536010475774771 0.975948275862069 0.017900480139676895 0.011017241379310387
3 0.5781711043212571 0.9752758620689655 0.017900480139676895 0.010396551724137832
3 0.5756700130947184 0.5848793103448277 0.0174945438673068 0.011465517241379265
3 0.8253077258838935 0.9739655172413793 0.017298123090353605 0.010051724137930857
3 0.8242994325622 0.5835517241379311 0.016774334351811363 0.009931034482758606
3 0.20533828022697515 0.975948275862069 0.017429070274989092 0.010362068965517134
3 0.949628982976866 0.5822413793103448 0.016591008293321868 0.011068965517241243
2 0.34632911392405064 0.26196551724137934 0.020676560453950193 0.014913793103448257
2 0.09988651243998255 0.654844827586207 0.01948494107376692 0.013637931034482638
2 0.8438498472282846 0.25717241379310346 0.020440855521606183 0.015206896551724091
2 0.2225185508511567 0.2632931034482759 0.02088607594936709 0.014913793103448257
2 0.47015277171540815 0.2596551724137931 0.020283718900043657 0.014275862068965446
2 0.7195285901353122 0.2578448275862069 0.022103884766477653 0.01501724137931035
2 0.3478350065473592 0.6535172413793103 0.021449148843299855 0.014965517241379303
2 0.5957180270624182 0.25882758620689655 0.021724137931034528 0.015086206896551744
2 0.8458533391532083 0.650551724137931 0.02131820165866429 0.015206896551724185
2 0.22452204277608034 0.653844827586207 0.02088607594936709 0.014965517241379303
2 0.47215626364033175 0.6528620689655174 0.021278917503273626 0.014913793103448257
2 0.5977215189873417 0.6522068965517241 0.021567001309471857 0.014913793103448257
2 0.7220427760803142 0.6512068965517241 0.021724137931034386 0.014913793103448257
3 0.3253251855085116 0.19527586206896552 0.015949367088607624 0.008862068965517219