3 0.18081075284192463 0.2024119718309859 0.01624722957031529 0.009383802816901389
3 0.562312325731036 0.1978169014084507 0.01710516908557938 0.011619718309859148
3 0.43478765996997204 0.19899647887323943 0.016716415242725362 0.012218309859154933
3 0.6921427039393724 0.5983274647887323 0.01710516908557938 0.011038732394366093
3 0.3088046042753986 0.6006866197183097 0.016207013655537297 0.011443661971831033
2 0.202326267248159 0.27044014084507045 0.021274218917566295 0.015281690140845114
2 0.4558339887037964 0.2672359154929577 0.021006112819046182 0.014647887323943677
2 0.32881872452992067 0.2682570422535211 0.021166976478158295 0.015105633802816858
2 0.8383945806820619 0.26436619718309856 0.021126760563380302 0.01522887323943659
2 0.5838680560520483 0.26623239436619717 0.021864052334310345 0.015052816901408429
2 0.7111246157145922 0.265387323943662 0.022721991849574654 0.01545774647887318
2 0.20424322585257737 0.6690845070422535 0.021274218917566295 0.01528169014084502
2 0.5859190677057267 0.6674119718309858 0.022078537213126494 0.015105633802817047
2 0.330615035390005 0.66875 0.022118753127904487 0.015528169014084672
2 0.45788500035747476 0.6680809859154929 0.02140827196682639 0.014876760563380269
3 0.18432294273253735 0.9955985915492958 0.017426896403803533 0.008802816901408429
2 0.7136984342603845 0.6663908450704225 0.022319832701794735 0.015158450704225288
2 0.8404455923357402 0.6657218309859154 0.02198470007864461 0.01563380281690134
2 0.07678558661614356 0.2724647887323943 0.02036265818259813 0.01545774647887318
3 0.5657038678773146 0.9955985915492958 0.018767426896403816 0.008802816901408429
3 0.4383534710802888 0.9955985915492958 0.018767426896403816 0.008802816901408429
3 0.6917137341817402 0.9955985915492958 0.018767426896403816 0.008802816901408429
3 0.31033280903696286 0.9955985915492958 0.017426896403803533 0.008802816901408429
3 0.8183938657324659 0.9947183098591548 0.017426896403803606 0.01056338028169004
3 0.9471920354615 0.9942781690140845 0.01723922213483926 0.01061619718309847
2 0.07678558661614356 0.6701056338028168 0.02084524915993425 0.013450704225352108
3 0.3075847215271323 0.20075704225352112 0.01705154786587549 0.009841549295774665
3 0.6897967755773218 0.19684859154929576 0.017507328233359588 0.00927816901408453
3 0.8168254450561236 0.19614436619718306 0.017668191892471555 0.009348591549295786
3 0.9442026524630014 0.1955457746478873 0.017400085793951515 0.010017605633802825
3 0.43644991778079645 0.6004929577464788 0.01683706298705934 0.011690140845070307
3 0.5636394509187101 0.5999647887323942 0.017306248659469486 0.010158450704225289
3 0.8187558089654678 0.5978345070422535 0.016555551583613107 0.01010563380281686
3 0.9462938800314576 0.5968485915492957 0.016113176521055195 0.008820422535211302
3 0.18286176449560304 0.6014260563380281 0.016649388718095424 0.010598591549295785