2 0.217674030030327 0.2778727213541667 0.020900356115671127 0.014839384290907087
3 0.19647397069488398 0.21058146158854166 0.017887550064280063 0.010233879089355469
2 0.3422243786260549 0.2760450575086806 0.02175214421397025 0.01609590318467885
3 0.3210243192906118 0.20908610026041669 0.017682489966541377 0.010675218370225678
2 0.4676580630274262 0.27471584743923616 0.02213071670210316 0.0157220628526476
3 0.6973253724947258 0.20509847005208337 0.01823457484506866 0.010976367526584218
3 0.44645800369198313 0.2079230414496528 0.018108384015690978 0.010353300306532134
2 0.7190301951476794 0.2727220323350695 0.02183101348233132 0.015067842271592913
2 0.5933441290875527 0.2740512424045139 0.02142089328685395 0.01519245571560333
3 0.5721440697521097 0.2064276801215278 0.017966419332641134 0.011235978868272553
3 0.8225066752373418 0.20426771375868058 0.017824454649591148 0.010633680555555572
2 0.8442114978902954 0.27205742730034727 0.02220958597046423 0.015368991427951357
3 0.1982406423061709 0.60186767578125 0.01796641933264106 0.011184056599934896
2 0.21994546495912448 0.6699896918402778 0.02134202401849288 0.015306684705946243
3 0.3227909909018988 0.6008707682291666 0.01796641933264106 0.01089329189724386
3 0.9481927412974683 0.2037692599826389 0.017682489966541308 0.010716756184895834
2 0.3442434318960971 0.6693250868055556 0.021136963920754266 0.015483220418294271
3 0.6993444257647681 0.598544650607639 0.018376539528118505 0.011100980970594681
3 0.5736583597046414 0.5995415581597223 0.01831344411342959 0.011059443155924479
3 0.44847705696202533 0.6005384657118056 0.01823457484506852 0.010472721523708704
3 0.824525728507384 0.5972154405381945 0.018108384015690832 0.011017905341254276
2 0.8462305511603376 0.6660020616319445 0.021752144213970103 0.01490169101291239
2 0.46942473463871315 0.6693250868055556 0.022209585970464088 0.015846676296657924
2 0.7205444851002111 0.6666666666666666 0.02085303455465444 0.014559004041883743
2 0.5948584190400844 0.6686604817708335 0.02134202401849288 0.015483220418294271
3 0.9502117945675106 0.5968831380208334 0.017966419332640992 0.010716756184895834
3 0.7008587157172996 0.9923231336805556 0.01831344411342959 0.010799831814236237
3 0.44948658359704646 0.99365234375 0.018029514747329906 0.01067521837022582
3 0.3245576625131857 0.9929877387152779 0.01845540879647943 0.010514259338378906
3 0.20089064972310128 0.9929877387152779 0.018108384015690905 0.010394838121202383
3 0.5751726496571731 0.9929877387152779 0.01859737347952927 0.010514259338378906
3 0.8255352551424051 0.9909939236111113 0.018108384015690832 0.01055579715304892
3 0.9507165578850212 0.990329318576389 0.018029514747329906 0.009730233086479908