2 0.10245871642166049 0.7033216233221476 0.02099914623558495 0.01616796711147231
2 0.10050246407948081 0.32404178901006714 0.019715355636029542 0.014682641765415288
1 0.7062070955268627 0.3216331533137584 0.02032668449296066 0.008405134981910672
2 0.5844303872261779 0.3201879718959732 0.020280834828690843 0.012193718212562885
2 0.34136603371035334 0.32115142617449666 0.021365943549743704 0.014401634267512595
2 0.22068971735214463 0.3229177590184564 0.020280834828690843 0.014793037568162788
3 0.322048041831329 0.6365221266778524 0.01604738249444265 0.01000587412174923
2 0.4628982104682656 0.32002739618288595 0.02055593281430989 0.014451814177852308
3 0.6871336351906109 0.6339529152684564 0.01630719725863852 0.009930604256239425
3 0.4438247501320138 0.6358798238255035 0.016307197258638374 0.010648176974098079
3 0.5653569268899261 0.6352375209731544 0.016689277794220372 0.010567889117554614
3 0.20186078855866524 0.6371644295302015 0.016429463030024648 0.010939220454068845
3 0.8084212804057508 0.632989460989933 0.01562709390530242 0.009403715197671924
2 0.8289619299986373 0.6994678062080537 0.02132009388547374 0.014732821675755
2 0.22252370392293805 0.7033216233221476 0.020800464357082365 0.014903433370910192
2 0.7076742847834976 0.7007524119127517 0.020754614692812475 0.014732821675755
2 0.3430777545097605 0.7026793204697988 0.02107556234270134 0.015254692743288653
2 0.5858975764828127 0.7013947147651007 0.021197828114087613 0.014562209980599808
2 0.46460993126767286 0.7020370176174497 0.021656324756785923 0.014963649263317886
3 0.9292198625353457 0.6320260067114094 0.016184931487252245 0.010121287915530578