3 0.19275067519642078 0.6690328663793104 0.017231575321911833 0.010281898235452521
3 0.31619141477520735 0.6683728448275862 0.01702792943174382 0.010163300612877227
0 0.07093910273897862 0.911260775862069 0.009665347248745088 0.010983171134159496
3 0.44101068037974683 0.6677128232758621 0.017231575321911833 0.01060159617456899
3 0.6898972883020515 0.6657327586206897 0.017372560938181927 0.0107666015625
2 0.21367920667830645 0.7356950431034484 0.02078754586561547 0.014798920730064728
3 0.5655793048886949 0.667052801724138 0.017435221212079924 0.010642847521551743
3 0.8142152717154082 0.6650727370689656 0.016902608883948185 0.010323149582435272
2 0.3372452668048887 0.7350350215517242 0.02111651230357919 0.01508768015894399
2 0.08879728079986905 0.34793238146551725 0.019753651346300742 0.015025803138469863
2 0.5866331569183763 0.7343750000000001 0.021649124631711068 0.014283278892780232
2 0.7114524225229159 0.7330549568965518 0.02106951709815573 0.014128586341594768
2 0.0909903903862942 0.7356950431034484 0.02103818696120691 0.0155517578125
3 0.3151888503928416 0.27665005387931035 0.01770152737614579 0.01060159617456899
2 0.33574142023134007 0.34529229525862076 0.021602129426287607 0.015438316608297385
3 0.19087086697948494 0.27813510237068967 0.016902608883948043 0.011282243399784496
2 0.46005940364469666 0.3439722521551724 0.02106951709815587 0.015139244342672385
2 0.46181389131383677 0.7343750000000001 0.021602129426287607 0.015139244342672479
3 0.9380319729375818 0.27136988146551727 0.016839948610050337 0.010482998551993509
3 0.4392561927106068 0.27582502693965516 0.017638867102247865 0.011065673828125
3 0.5635741761239633 0.2741749730603449 0.017435221212079924 0.0107666015625
2 0.21192471900916632 0.346612338362069 0.02095986161883456 0.014798920730064632
2 0.8357704059362725 0.7317349137931035 0.021774445179506628 0.014283278892780232
2 0.5846280281536448 0.34298221982758625 0.020912866413411245 0.01485048491379312
3 0.8132127073330424 0.2721949084051724 0.015594575666330145 0.010163300612877133
3 0.9395358195111305 0.6650727370689656 0.016839948610050337 0.010364400929418024
3 0.6883934417285029 0.2728549299568966 0.016589307514458643 0.01036440092941812
2 0.7094472937581843 0.3419921875 0.020756215728666472 0.015314562567349128
2 0.8337652771715409 0.34067214439655175 0.02095986161883456 0.015201121363146513
0 0.0825939136839808 0.6139210668103449 0.006532333553852038 0.013912016769935273
0 0.01949501786883457 0.9911233836206897 0.006923960265713663 0.008977324387122962