2 0.21766340228873238 0.7030424735915493 0.02195413231790011 0.01470087615536973
2 0.34416025818617285 0.7023685079225351 0.022242791471824275 0.015406433965118822
2 0.4716834577420104 0.7016945422535211 0.0222909013308116 0.016006684639084483
2 0.5992066572978479 0.7016945422535211 0.022114498514524693 0.014816714004731467
2 0.7264732709390863 0.6996726452464789 0.0218258393606006 0.014879898286201676
2 0.8537398845803246 0.6989986795774648 0.02241919428811118 0.015111573984925145
3 0.32235045544523483 0.6332870268485915 0.017640281628699895 0.010420141085772532
3 0.4496170690864731 0.6329500440140845 0.017848757684311732 0.0112152099609375
2 0.08994776329694538 0.3050657460387324 0.02100797175781529 0.015459087533010537
3 0.704406882283549 0.6309281470070423 0.01805723373992371 0.010867696412852108
2 0.34236415678397797 0.302032900528169 0.02262767034372316 0.01558545609595067
3 0.8316734959247872 0.6299171985035211 0.017431805573088058 0.010299037879621551
2 0.09200045061373953 0.7030424735915493 0.021986205557225007 0.016196237483494733
3 0.9563742504200328 0.2287391340228873 0.017704428107349613 0.010951942121478831
2 0.4696307704252162 0.3010219520246478 0.02198620555722497 0.01594350035761446
2 0.5971539699810539 0.30001100352112675 0.021408887249376642 0.015227411834286973
2 0.7249337554514906 0.29849458076584506 0.021986205557225115 0.015227411834286973
2 0.21586730088653747 0.3035493232834507 0.021537180206676294 0.015280065402178689
3 0.19546872067589546 0.6336240096830985 0.017431805573087985 0.010825573558538698
3 0.8301339804371917 0.22958159110915494 0.017576135150050177 0.01058336714623683
2 0.8516871972635304 0.297820615096831 0.02211449851452455 0.015459087533010537
3 0.7023541949667548 0.23008706536091547 0.017977050641611456 0.010456998583296694
3 0.19367261927370055 0.23531029929577463 0.017511988671400244 0.01117308710662409
3 0.958426937736827 0.6285692671654929 0.017784611205661868 0.010583367146236734
3 0.3208109399576392 0.23379387654049297 0.01751198867140017 0.010825573558538698
3 0.44807755359887746 0.2327829280369718 0.01757613515005003 0.011046718543683956
3 0.575600753154715 0.2310980138644366 0.01677430416692733 0.012257750605193678
3 0.5771402686423107 0.6326130611795774 0.017784611205662014 0.011752276353433141