2 0.08041573437082554 0.7096902412280701 0.02112602378606731 0.015058550918311464
3 0.9469342773176596 0.637828947368421 0.016092213277284263 0.010063519394188536
3 0.8185800995191023 0.6381647478070175 0.01717887713314853 0.010262900904605203
3 0.6917600353994121 0.6388363486842105 0.017642307306973092 0.011574621367872738
3 0.31002141497461927 0.6415227521929825 0.017578385903686877 0.010787589089912331
3 0.5649399712797222 0.6401795504385964 0.016459761346179543 0.011217833401864065
3 0.43735285032059845 0.6415227521929825 0.01692319152000396 0.010708885862116138
3 0.18435193611407963 0.6421943530701755 0.017578385903686877 0.01074561403508767
2 0.45883044182473953 0.7083470394736842 0.021957002028787007 0.014827688116776396
2 0.20557384200507614 0.7096902412280701 0.02069455431388589 0.014533862733004336
2 0.33201037770504943 0.7090186403508771 0.02149357185496259 0.014428925095943063
2 0.7132376269035533 0.7070038377192982 0.021205925540175023 0.014712256716008862
2 0.5859061915575741 0.7083470394736842 0.02117396483853188 0.014208556058114065
2 0.8400576910232433 0.7056606359649122 0.022644157114112995 0.014932625753837669
3 0.9443774211862141 0.237890625 0.016459761346179397 0.010745614035087765
3 0.817045985840235 0.2390659265350877 0.016459761346179397 0.010708885862116234
2 0.07837024946566926 0.314453125 0.020886318523744316 0.015173982319078903
3 0.6897145504942559 0.23923382675438593 0.017450543097114524 0.010546232524671097
3 0.1823064512089233 0.24443873355263154 0.01724279853643467 0.011007958127741233
2 0.20416757113278117 0.3132778234649123 0.021094063084424238 0.014428925095942968
3 0.5623831151482768 0.24040912828947364 0.017642307306972946 0.010829564144736802
2 0.7117035132246861 0.30773711622807015 0.021381709399211878 0.014649294133771964
3 0.43556305102858667 0.24208813048245612 0.01724279853643467 0.010913514254385935
2 0.5843720778787069 0.3089124177631579 0.020854357822101318 0.014712256716008766
2 0.4572963281458723 0.30958401864035084 0.021381709399211878 0.014533862733004431
3 0.3082316156826075 0.24292763157894734 0.01671544695932404 0.010955489309210502
2 0.8385235773443762 0.30706551535087717 0.021669355713999586 0.014880156935307032
2 0.3302205784130376 0.311766721491228 0.021253866592639593 0.014649294133771964
0 0.060344413738979426 0.9346765350877193 0.009596200668330888 0.011175858347039594