3 0.200809082604724 0.19992759369720373 0.015816259950411065 0.009188704616763733
3 0.5721910478924702 0.1954280591662931 0.01665144199399705 0.011378133296555511
3 0.4480490669450606 0.19658311209185256 0.016273000130497275 0.01196427955728717
3 0.6985775805820175 0.5876116263834775 0.01665144199399705 0.010809226631727637
3 0.3254078037322197 0.5899217322345964 0.015777110792118024 0.011205737337516829
2 0.2217538822915307 0.2665413922697652 0.020709904737048167 0.014963969244560877
2 0.46853712645178125 0.26340378581526047 0.02044891034842743 0.014343343792021464
2 0.34489103484275085 0.264403682377685 0.020605506981599873 0.014791573285522195
2 0.840950019574579 0.2605937316829293 0.020566357823306906 0.014912250456849244
2 0.5931749967375701 0.26242112884873975 0.021284092392013492 0.01473985449781056
2 0.717055983296359 0.2615936282453539 0.02211927443559955 0.015136365203599561
2 0.22361999217016834 0.6568975623211392 0.020709904737048167 0.014963969244560877
2 0.595171603810518 0.6552598007102712 0.02149288790291008 0.014791573285522289
2 0.3466396972465091 0.6565700099989656 0.02153203706120319 0.015205323587215169
2 0.47053373352472916 0.6559149053546184 0.020840401931358533 0.014567458538771876
3 0.20501109226151637 0.9786229010791986 0.01704293357692808 0.010395476330034757
2 0.7195615294271173 0.6542599041478467 0.02172778285266874 0.014843292073233733
2 0.8429466266475271 0.6536047995034996 0.021401539866892964 0.015308761162638245
2 0.09954325981991385 0.2685239457987104 0.019822523815737958 0.015136365203599561
3 0.5761842620383661 0.9786229010791986 0.018191308886858947 0.010809226631727826
3 0.45229022576014605 0.9792952453194494 0.017708469267910736 0.011016101782574362
3 0.6990734699203967 0.9779677964348514 0.017577972073600512 0.010602351480881293
3 0.3276523554743572 0.9786229010791986 0.016781939188307417 0.010447195117746201
3 0.8224716168602374 0.9766575871461571 0.01704293357692815 0.009861048857014732
3 0.9468615424768367 0.9753301382615591 0.016781939188307417 0.010395476330034757
2 0.09954325981991385 0.6578974588835638 0.020292313715255136 0.013171051270558148
3 0.3242202792639958 0.19830707168223974 0.01659924311627305 0.009636934110264462
3 0.6962938796815868 0.19447988139158015 0.01704293357692815 0.00908526704134056
3 0.8199530210100482 0.1937902975554253 0.017199530210100594 0.009154225424956024
3 0.9439514550437165 0.19320415129469362 0.016938535821479857 0.009809330069303195
3 0.44966723215450866 0.5897320966796538 0.016390447605376463 0.011447091680170928
3 0.5734829701161424 0.5892149088025376 0.0168471877854626 0.009947246836534123
3 0.8218321806081167 0.5871289176981691 0.016116403497324693 0.009895528048822488
3 0.9459872112749574 0.5861635003275523 0.015685762756100625 0.008637037547839782
3 0.2028056896776719 0.590645795262559 0.01620775153334202 0.01037823673413088