0 0.08227221887636582 0.9167966101694914 0.009124150391465174 0.01062711864406765
3 0.20566118902176722 0.9756440677966102 0.01717714875677534 0.010423728813559591
2 0.10295964897186613 0.6586779661016948 0.02137141873870775 0.01625423728813568
3 0.3266884625311881 0.9764915254237287 0.017383635894347476 0.01062711864406765
3 0.44872236083627287 0.9758474576271187 0.016919039834810294 0.01027118644067779
3 0.69450658177751 0.9752033898305085 0.016919039834810294 0.00991525423728793
3 0.8165275746364966 0.9738983050847457 0.016531876451862614 0.00991525423728793
3 0.5719822765206917 0.9752033898305085 0.017125526972382357 0.0101864406779661
2 0.8367891250107545 0.6549999999999999 0.020842295448679396 0.014711864406779492
2 0.2243095586337434 0.6585593220338983 0.020106685021078867 0.014949152542372985
2 0.34571109008001377 0.6582372881355932 0.020584186526714277 0.01516949152542376
2 0.4687258022885657 0.657593220338983 0.021655338552869288 0.015474576271186417
2 0.10165619891594252 0.27705084745762715 0.020106685021078905 0.016203389830508477
2 0.8348145917577218 0.2699152542372881 0.020609997418910734 0.014830508474576239
2 0.7142648197539362 0.6559661016949152 0.02073905187989329 0.014152542372881384
2 0.5912501075453841 0.6566271186440678 0.021087498924546144 0.015406779661017065
2 0.22258022885657747 0.27559322033898304 0.020145401359373694 0.014661016949152478
2 0.3444850727006797 0.274135593220339 0.02093263357136713 0.015288135593220318
2 0.4669964725113998 0.27283050847457624 0.021293986062118207 0.015474576271186417
2 0.7122902865009032 0.270728813559322 0.020338983050847387 0.015
2 0.589765981244085 0.27137288135593224 0.020842295448679254 0.01511864406779665
3 0.32495913275402216 0.5917457627118643 0.017177148756775267 0.010677966101694854
3 0.20284780177234793 0.5927118644067796 0.01717714875677534 0.01045762711864408
3 0.693022455476211 0.5897966101694916 0.016854512604318868 0.010576271186440635
3 0.4477286414867074 0.591406779661017 0.017125526972382357 0.0101864406779661
3 0.8155467607330293 0.5884915254237287 0.016660930912845463 0.009694915254237345
3 0.5704981502193925 0.5904406779661017 0.016919039834810294 0.010508474576271283
3 0.20182827153058588 0.20972881355932202 0.017306203217757898 0.011084745762711824
1 0.9357480856921622 0.9728135593220338 0.01107287275230132 0.01027118644067779
3 0.3232298029768563 0.20811864406779662 0.01698356706530157 0.01062711864406784
3 0.6915383291749119 0.20454237288135593 0.017048094295792852 0.010881355932203386
3 0.5690140239180934 0.2056779661016949 0.01724167598726669 0.010966101694915267
3 0.4459993117095413 0.20681355932203388 0.017177148756775267 0.010627118644067792
3 0.8140626344317301 0.20357627118644067 0.016028564054030896 0.009796610169491515
1 0.9339413232384065 0.5875254237288136 0.010866385614729397 0.00983050847457624
1 0.9333605781639852 0.20391525423728812 0.007936849350426085 0.008169491525423733