2 0.23004588195543252 0.6934271918402778 0.021294702457476267 0.015192455715603235
2 0.10391814799248418 0.3028055826822917 0.02037981894448841 0.01578436957465281
2 0.35434384889240506 0.6927625868055556 0.021468214847870565 0.0156597561306423
2 0.47952515163502113 0.6920979817708335 0.021594405677248105 0.015545527140299479
2 0.7303925204377638 0.690768771701389 0.021547084116231636 0.015244377983941036
2 0.6047064543776371 0.6914333767361112 0.02213071670210316 0.016095903184678757
2 0.8555738231803798 0.6894395616319445 0.02205184743374209 0.015368991427951452
3 0.8338690005274263 0.621982150607639 0.016704511038864715 0.010036574469672245
3 0.4580727106408228 0.624972873263889 0.017824454649591294 0.010976367526584265
3 0.3328914078982068 0.62530517578125 0.01722504821004747 0.010633680555555618
3 0.7086876977848101 0.6229790581597223 0.017414334454113924 0.010633680555555618
2 0.3525771772811182 0.2998148600260417 0.022178038263119773 0.0157220628526476
2 0.1063157737506593 0.6934271918402778 0.021389345579509493 0.0164074367947048
3 0.20846725013185657 0.6259697808159723 0.01728814362473631 0.011059443155924479
2 0.22815301951476796 0.3013102213541667 0.020931903823015584 0.015420913696289062
2 0.47775848002373417 0.2986518012152778 0.021594405677248105 0.015971289740668436
2 0.7283734671677216 0.29665798611111116 0.021263154750131952 0.015483220418294271
2 0.6031921644251055 0.297821044921875 0.020979225384032126 0.015368991427951357
3 0.7066686445147681 0.22853597005208334 0.01761939455185268 0.010555797153049013
3 0.9565264866824895 0.22704060872395834 0.017146178941686543 0.010893291897243956
3 0.9585455399525317 0.6206529405381945 0.017556299137163767 0.010976367526584265
2 0.8535547699103376 0.2956610785590278 0.02159440567724825 0.015607833862304688
3 0.831849947257384 0.22787136501736113 0.017288143624736383 0.010716756184895834
3 0.2067005785205696 0.2335205078125 0.01714617894168647 0.01158905029296875
3 0.33137711794567515 0.23219129774305558 0.01722504821004747 0.010799831814236143
3 0.45681080234704646 0.23136054144965282 0.017288143624736237 0.010934829711914062
3 0.581487341772152 0.22986518012152782 0.016562546355814875 0.012180964152018229
3 0.5845159216772152 0.6243082682291666 0.017288143624736237 0.013115564982096354