3 0.1947691086314118 0.22216027874564465 0.01829929872535616 0.011951219512195148
2 0.21666740175539187 0.2892857142857143 0.020680986195033762 0.013501742160278715
2 0.34101795086666964 0.286794425087108 0.021792440347549968 0.01614982578397208
3 0.31949014246019497 0.21977351916376306 0.01774357164909813 0.010801393728222971
2 0.46663873329510874 0.28578397212543555 0.022030609094517612 0.015783972125435544
2 0.7188858995280729 0.28346689895470384 0.021752745556388814 0.015069686411149802
3 0.6971066907775769 0.2160975609756098 0.018087593172496 0.011062717770034852
3 0.4451109248886341 0.2186062717770035 0.017889119216689363 0.010714285714285742
3 0.5714859083491378 0.2174390243902439 0.018034666784280885 0.01118466898954703
3 0.822727473206016 0.2152613240418119 0.017822961231420582 0.01047038327526129
2 0.5927623164115909 0.28479094076655054 0.021369029241829502 0.014895470383275248
2 0.8445066819565122 0.282787456445993 0.02233493582675433 0.015540069686411187
3 0.19640982666607862 0.6150871080139373 0.018577162263485245 0.011219512195121979
2 0.21781855069906939 0.6834494773519164 0.021792440347549968 0.015592334494773657
3 0.3215278084064747 0.6140766550522648 0.017889119216689363 0.011097560975609705
2 0.34279098487187404 0.6821080139372823 0.021752745556388668 0.015592334494773657
3 0.9488510563224982 0.21477351916376308 0.018087593172496 0.010627177700348512
3 0.6991311251268029 0.6117421602787456 0.01852423587527028 0.011010452961672475
3 0.4473999911789353 0.6137456445993031 0.017822961231420725 0.010592334494773658
2 0.7209103338772992 0.6801045296167247 0.02183213513871112 0.014616724738675847
3 0.5730075420103207 0.6127526132404182 0.018087593172495853 0.011062717770034852
3 0.8247519075552421 0.6107491289198607 0.018087593172496 0.010836236933798015
2 0.8465311163057381 0.6791114982578398 0.02183213513871112 0.014616724738675847
2 0.46841176730031314 0.6821080139372823 0.022162925065055322 0.015592334494773657
2 0.5942839500727738 0.6814459930313589 0.021263176465399422 0.015
3 0.9508754906717242 0.6100871080139373 0.01829929872535616 0.010627177700348512
0 0.07219159352533851 0.9395470383275262 0.009037180787721092 0.011132404181184939