3 0.18062854648625057 0.21389655172413796 0.016643387167175876 0.009896551724137908
3 0.6775338280226976 0.20801724137931038 0.01632911392405075 0.011155172413793081
3 0.42864251418594496 0.2100344827586207 0.016525534701003944 0.011965517241379283
3 0.5532125709297251 0.20867241379310347 0.01659100829332158 0.011586206896551706
3 0.18213443910955915 0.6020517241379311 0.016329113924050676 0.011465517241379265
3 0.3055783500654736 0.6017241379310345 0.015661283282409462 0.011206896551724223
3 0.6795373199476212 0.5994137931034483 0.016708860759493727 0.010948275862068991
3 0.926660846791794 0.20586206896551726 0.0174945438673068 0.011155172413793081
3 0.43072457442164996 0.6007241379310345 0.016774334351811363 0.011551724137931197
3 0.8028502837189001 0.5987413793103449 0.01632911392405075 0.01
3 0.5547184635530337 0.6000689655172415 0.017704059362723696 0.01110344827586213
3 0.9286774334351814 0.5977586206896552 0.01632911392405075 0.010948275862068991
2 0.32512876473155833 0.2792931034482759 0.020637276298559524 0.015379310344827578
2 0.8228982976865997 0.2740172413793104 0.020833697075512865 0.014965517241379303
2 0.2015670013094719 0.28012068965517245 0.020480139676996925 0.015500000000000019
2 0.5742688782191183 0.276 0.02078131820165864 0.014396551724137983
2 0.6990877346137059 0.2751724137931034 0.02205150589262314 0.014913793103448257
2 0.44994762112614584 0.2784655172413793 0.021069402007856872 0.014568965517241376
2 0.2035704932343955 0.6700344827586207 0.02040157136621559 0.01513793103448279
2 0.3268834570056744 0.6693620689655173 0.021475338280226967 0.015499999999999924
2 0.7010912265386294 0.6673965517241379 0.02180270624181601 0.015258620689655231
2 0.07880401571366218 0.28193103448275864 0.019864687909209935 0.015258620689655231
2 0.4512047140986469 0.6687068965517242 0.020964644260148425 0.015086206896551744
2 0.5762723701440419 0.6683793103448277 0.021475338280226967 0.015206896551724185
3 0.18438673068529027 0.9907931034482759 0.017376691401134868 0.010362068965517134
2 0.8249017896115234 0.6667241379310345 0.02131820165866429 0.015206896551724185
3 0.6805325185508512 0.9902413793103448 0.01797904845045823 0.010603448275862395
3 0.4326494980357922 0.9914655172413792 0.017704059362723696 0.010603448275862395
3 0.5567219554779572 0.9907931034482759 0.017900480139676895 0.010327586206896437
3 0.8048537756438238 0.9894827586206897 0.01697075512876485 0.010051724137930857
3 0.30758184199039723 0.9907931034482759 0.016708860759493658 0.009931034482758606
3 0.9290964644260148 0.9875 0.016774334351811363 0.010155172413793328
2 0.0789349628982977 0.6706896551724139 0.020244434744653005 0.013913793103448409
3 0.304308162374509 0.2116896551724138 0.017010039284155374 0.010396551724137927
3 0.8016586643387168 0.20755172413793105 0.01707551287647301 0.008862068965517219