3 0.32596054651568834 0.973088821308725 0.01780495295811973 0.010397277422399232
2 0.22276823546571053 0.2813286493288591 0.020448950264346934 0.014793037568162788
3 0.20626235632856948 0.973088821308725 0.017881369065236113 0.010477565278943075
3 0.6905570767894254 0.972446518456376 0.01801891805804549 0.010241719700345963
3 0.5687803684887406 0.973088821308725 0.018156467050855087 0.010241719700345963
3 0.20198305433005148 0.21661663695469802 0.01754513819392393 0.010241719700346057
3 0.44724819173082825 0.973088821308725 0.01780495295811973 0.010477565278943075
2 0.5878538288249924 0.6596450293624162 0.020601782478579706 0.014512030070260001
2 0.343322286052533 0.2795623164848994 0.020678198585696164 0.015615988097734904
2 0.22460222203650396 0.6615719379194632 0.021121412006971155 0.014682641765415193
3 0.8113556589190203 0.971804215604027 0.01727004020830496 0.00985031639969596
3 0.3227816364596464 0.21485030411073827 0.01740758920111448 0.010397277422399327
2 0.4665661836098525 0.6602873322147652 0.02156462542824629 0.01519447685088096
2 0.46460993126767286 0.2782777107802014 0.021442359656860015 0.01543534042051173
3 0.44406928167478626 0.21356569840604028 0.017667403965310132 0.010477565278942957
2 0.710119600211222 0.6583604236577182 0.021243677778357284 0.014010230966862498
2 0.34478947530916776 0.6609296350671141 0.02052536637146325 0.014853253460570386
3 0.6871336351906109 0.2113176384228188 0.01788136906523604 0.010688320902369952
3 0.5658459899754711 0.21276281984060405 0.01727004020830496 0.011069688220952188
2 0.7086524109545873 0.2763508022231544 0.020953296571315207 0.014732821675755
3 0.8084212804057508 0.2105147598573826 0.01733117309399795 0.010046018050020986
2 0.5863866395683577 0.27795655935402686 0.020372534157230476 0.014180842662017596
2 0.8299400561697272 0.27554792365771813 0.021855006635288655 0.015254692743288558
3 0.20369477512945866 0.5957358955536913 0.01760627107961707 0.010899076525796924
2 0.8314072454263619 0.6573969693791947 0.021442359656860015 0.014010230966862498
3 0.32424882571628116 0.5947724412751679 0.017407589201114446 0.010808752687185385
3 0.9301979887064356 0.21019360843120807 0.017407589201114407 0.010437421350671154
3 0.6890898875327907 0.5928455327181209 0.01788136906523604 0.01068832090237
3 0.5673131792321058 0.5938089869966443 0.017545138193924004 0.010608033045826346
3 0.44578100247419344 0.5947724412751679 0.01727004020830496 0.010086161978292693
3 0.9326433041341602 0.9705196098993291 0.017407589201114407 0.009514111000419613
3 0.8103775327479305 0.5918820784395974 0.017667403965310132 0.01020157577207423
3 0.9321542410486152 0.5912397755872484 0.01774382007242659 0.0103571334941275