0 0.060986375587266446 0.9371121453900709 0.009439882236624507 0.011209907261192408
3 0.18592551841451563 0.20729097406914893 0.018540607027621756 0.011029615469858148
2 0.2077607977710876 0.2761836491578014 0.021641475101927876 0.015568726451684351
2 0.33528399732692515 0.2744867852393617 0.022109835383984488 0.016311104416001757
3 0.3135779208067826 0.20542442375886524 0.018459855254853354 0.01065842648769949
2 0.4637116167377687 0.2732989804964539 0.0226589474388095 0.016120207225177315
2 0.7213420725780322 0.27126274379432624 0.022529744602380147 0.015568726451684351
2 0.5926560474943298 0.272620234929078 0.02214213609309179 0.015091483474623241
3 0.4417471345447673 0.20440630540780141 0.018815163055034265 0.011072037067819167
3 0.6991191847121719 0.20186100953014185 0.018395253836638748 0.011337172055075371
3 0.8272883984501567 0.201012577570922 0.018039946036457696 0.010780388581837315
2 0.8489944749702992 0.2704143118351064 0.023046555948097857 0.016183839622118796
3 0.5704331596284696 0.20338818705673758 0.018249900645655525 0.011475042248448565
2 0.20995724599038773 0.6757951019503546 0.022109835383984488 0.015749018243018706
3 0.1877343581245275 0.6062236812943262 0.018815163055034265 0.01142201525099741
2 0.33709283703693704 0.6751163563829787 0.021980632547555133 0.016056574828235737
3 0.9554576121881413 0.20016414561170212 0.018395253836638748 0.01129475045711435
3 0.3156451661896533 0.6055449357269503 0.018669809864051184 0.01094477227393611
3 0.44407278560049684 0.6048661901595744 0.018750561636819513 0.010372080701462777
3 0.700669618749325 0.6028299534574467 0.01904126801878567 0.011029615469858148
2 0.7228925066151852 0.6724013741134752 0.021479971556391145 0.015271775265957407
2 0.85106172035317 0.6713832557624113 0.022707398502470673 0.015515699454233148
2 0.4655204564477805 0.6744376108156028 0.022885052402561057 0.016247472019060374
2 0.5936896701857651 0.673080119680851 0.021802978647464607 0.015876283036901667
3 0.5725004050113404 0.6038480718085106 0.018669809864051184 0.01151746384640963
3 0.8288388324873096 0.6018118351063829 0.018185299227440777 0.01094477227393611
3 0.957524857571012 0.601133089539007 0.018605208445836435 0.010658426487699444