3 0.19169937811493848 0.18461672473867596 0.01603669562916245 0.009285714285714258
3 0.5682573986680193 0.18006968641114982 0.016883517840603383 0.011498257839721238
3 0.44238521589555857 0.18123693379790942 0.016499801526044217 0.012090592334494754
3 0.6964054161337275 0.5763937282229966 0.016883517840603383 0.010923344947735246
3 0.3180346667842809 0.5787282229965157 0.015997000838001152 0.01132404181184673
2 0.21293609138623035 0.25193379790940773 0.020998544524324075 0.015121951219512179
2 0.46315882326996877 0.2487630662020906 0.02073391258324873 0.014494773519163763
2 0.3377894411855511 0.24977351916376306 0.020892691747893925 0.014947735191637624
2 0.8407621399902968 0.24592334494773518 0.020852996956732626 0.015069686411149802
2 0.5895338067304724 0.2477700348432056 0.021580734794689662 0.014895470383275248
2 0.7151413575618578 0.24693379790940773 0.022427557006130593 0.015296167247386734
2 0.21482820976491868 0.6464111498257841 0.020998544524324075 0.015121951219512084
2 0.5915582410796983 0.6447560975609756 0.021792440347549968 0.014947735191637624
2 0.3395624751907555 0.6460801393728224 0.021832135138711267 0.015365853658536632
2 0.46518325761919466 0.645418118466899 0.021130860494861712 0.014721254355400788
3 0.1959599523662506 0.9715331010452962 0.01728046575221629 0.010505226480836048
2 0.7176818241961804 0.6437456445993032 0.0220306090945179 0.015
2 0.8427865743395229 0.6430836236933798 0.021699819168173845 0.015470383275261384
2 0.08902218497772682 0.25393728222996514 0.020098795924668105 0.015296167247386734
3 0.5723062673664712 0.9715331010452962 0.01844484629294768 0.010923344947735055
3 0.446685484938032 0.9722125435540069 0.01795527720195829 0.011132404181184939
3 0.6969082168217704 0.9708710801393728 0.017822961231420582 0.010714285714285931
3 0.3203105014775283 0.9715331010452962 0.017015833811141093 0.010557491289198424
3 0.8220261985621665 0.9695470383275261 0.017280465752216364 0.009965156794424956
3 0.9481497816786488 0.968205574912892 0.017015833811140947 0.010505226480836048
2 0.08902218497772682 0.6474216027874565 0.020575133418603647 0.013310104529616638
3 0.3168305914523883 0.18297909407665508 0.01683059145238834 0.009738675958188168
3 0.6940898866493187 0.17911149825783973 0.017280465752216076 0.009181184668989555
3 0.81947250033079 0.17841463414634146 0.01743924491686156 0.009250871080139358
3 0.9451991355356592 0.17782229965156796 0.01717461297578614 0.009912891986062723
3 0.44402593393022544 0.5785365853658536 0.016618885899527966 0.011567944250871088
3 0.5695673267763419 0.57801393728223 0.01708199179640973 0.010052264808362375
3 0.8213778503065321 0.5759059233449477 0.01634102236139888 0.01
3 0.9472632646760464 0.5749303135888502 0.015904379658624887 0.008728222996515645
3 0.19372381246416445 0.5794599303135889 0.01643364354077536 0.010487804878048715