3 0.32436708860759494 0.9973958333333334 0.018459915611814395 0.005208333333333333
3 0.20042194092827006 0.9973958333333334 0.018459915611814322 0.005208333333333333
3 0.44831223628691985 0.9973958333333334 0.018459915611814395 0.005208333333333333
3 0.5748945147679325 0.9973958333333334 0.018459915611814395 0.005208333333333333
3 0.6987341772151898 0.995 0.020253164556962026 0.01
2 0.21741824894514766 0.2847395833333333 0.020978375527426183 0.014895833333333334
3 0.8247626582278481 0.9956597222222223 0.01714135021097056 0.00868055555555543
2 0.5948575949367089 0.6732118055555556 0.021136603375527377 0.015121527777777904
3 0.1962157172995781 0.2164583333333334 0.017972046413502134 0.01109375
2 0.46942246835443036 0.6738715277777778 0.021954113924050632 0.015902777777777714
2 0.34196993670886083 0.28307291666666673 0.021598101265822785 0.01609375
2 0.3442378691983123 0.67453125 0.021294831223628644 0.015659722222222096
3 0.3210179324894515 0.21496527777777777 0.017892932489451428 0.0109375
2 0.7210443037974685 0.6725347222222223 0.021545358649788935 0.014270833333333333
1 0.09728375527426161 0.2862326388888889 0.014477848101265824 0.01456597222222219
2 0.4674050632911393 0.28175347222222225 0.022679324894514862 0.016163194444444477
3 0.4462025316455696 0.21347222222222223 0.01831487341772152 0.011232638888888858
2 0.7190268987341772 0.27958333333333335 0.021624472573839853 0.01565972222222219
2 0.21969936708860763 0.6751909722222222 0.021057489451476816 0.015017361111111047
3 0.5716376582278481 0.2123090277777778 0.018103902953586545 0.011354166666666667
3 0.697323312236287 0.21114583333333337 0.017972046413502207 0.01114583333333338
3 0.8220068565400843 0.2101388888888889 0.018103902953586402 0.010520833333333333
2 0.5933412447257385 0.28109375 0.021110232067510597 0.015069444444444476
2 0.8442114978902954 0.27859375 0.022178270042193998 0.015850694444444476
3 0.19824630801687765 0.6074131944444445 0.017972046413502134 0.01149305555555562
2 0.8462289029535865 0.6705381944444446 0.022006856540084486 0.014895833333333334
3 0.3230485232067511 0.6064062500000001 0.018024789029535842 0.011024305555555619
3 0.6993407172995781 0.6044097222222223 0.018591772151898733 0.010833333333333334
3 0.5736550632911394 0.6054166666666667 0.018459915611814395 0.011059027777777715
3 0.44821993670886084 0.6060763888888889 0.01831487341772152 0.010347222222222285
3 0.8245253164556964 0.6034201388888889 0.018103902953586402 0.010677083333333334
3 0.9500263713080169 0.9956597222222223 0.01714135021097056 0.00868055555555543
3 0.9502109704641352 0.6024305555555556 0.017972046413502207 0.01046875
1 0.09551687763713082 0.6753819444444444 0.01766877637130803 0.01140625
3 0.9474287974683544 0.2104861111111111 0.017260021097046222 0.010086805555555524