2 0.2155548577580582 0.2773958728407406 0.020965890786082447 0.015498590326324002
3 0.19457335573535167 0.21140054477123058 0.01792169964439512 0.010523161296083591
3 0.3212117072295445 0.9888255094300589 0.01798414459089126 0.0102808347008285
3 0.31771479022576016 0.20958567324931904 0.017500196255546115 0.010121002265659996
3 0.44460292150593755 0.9888255094300589 0.017703142331658563 0.009966325715497206
3 0.4416055640741224 0.20859574332827638 0.01818709066700378 0.010641746651208516
2 0.46308662566879805 0.2747560597179602 0.02160595148766808 0.01531297846612854
3 0.19844494241811297 0.9888255094300589 0.01812464572050764 0.010765487891338682
2 0.33869629224846665 0.2759109779591766 0.020919057076210414 0.015797631656639007
3 0.5662456772804384 0.20744082508705994 0.01784364346127502 0.011157335151751562
3 0.6931338085606158 0.9881655561493637 0.01818709066700378 0.010481914216040155
3 0.5692430347122537 0.9888255094300589 0.018327591796620094 0.010641746651208374
3 0.6901364511288006 0.2062859068458435 0.01804658953738747 0.010858293821436556
3 0.8165250228370089 0.9868456495879736 0.01778119851477888 0.010399420055953283
2 0.7116175127234764 0.27277619987587487 0.021730841380660216 0.015137678375943842
3 0.814027224977163 0.2056259535651484 0.017984144590891333 0.010399420055953283
2 0.5872271793031449 0.2742610947574389 0.021168836862194968 0.014281801465042451
2 0.8355082865718386 0.27195125827500605 0.022152344769509436 0.015086119525889547
3 0.5677443559963461 0.599123097179602 0.018265146850123953 0.011064529221653782
3 0.19607203445125929 0.6014329336620349 0.01798414459089126 0.011064529221653782
3 0.3194632487276523 0.6004430037409922 0.017921699644395193 0.010765487891338871
3 0.4436038023619992 0.6001130271006447 0.017578252438666286 0.010322081780871746
2 0.34019497096437423 0.66808821501224 0.02096589078608252 0.015137678375943842
2 0.4643355245987211 0.667428261731545 0.021777675090532463 0.015436719706258753
3 0.6916351298447082 0.5981331672585594 0.018546149109356577 0.010858293821436603
2 0.5887258580190525 0.6667683084508498 0.02099711325933059 0.015312978466128445
2 0.21742820615294267 0.6687481682929352 0.021496672831299767 0.014735519345520342
2 0.713116191439384 0.6661083551701548 0.021527895304547764 0.014230242614988061
3 0.9384175583974943 0.20480101196427952 0.01770314233165871 0.010765487891338825
3 0.8155259036930705 0.5974732139778643 0.017921699644395193 0.01098203506156691
3 0.9404157966853712 0.9861856963072784 0.01778119851477888 0.010007572795540641
2 0.8375065248597154 0.664458471968417 0.021777675090532318 0.014570531025346597
3 0.9404157966853712 0.5964832840568217 0.01812464572050764 0.010641746651208565