2 0.10318791946308725 0.6936912751677853 0.020402514223418402 0.0143959731543625
3 0.8084224781112663 0.6243120805369128 0.016748713930432937 0.009731543624160963
3 0.9301987871767793 0.6236744966442953 0.01612271318093528 0.009882550335570386
3 0.6876171089837496 0.6256040268456377 0.016812591557932934 0.010469798657718077
3 0.32278642728170887 0.6278523489932887 0.01642932579293429 0.010318791946308655
3 0.5663390454127347 0.6265604026845638 0.016365448165434403 0.010083892617449616
3 0.20259428337818966 0.6281711409395974 0.016429325792934327 0.01020134228187923
2 0.4650930058256397 0.691761744966443 0.0209518618199161 0.014278523489932885
3 0.44406449085272376 0.6272147651006712 0.016608183149933523 0.009697986577181154
2 0.7081601539876674 0.6898322147651007 0.020134228187919465 0.013372483221476538
2 0.3440576772391238 0.6923993288590605 0.020479167376418 0.014127516778523462
2 0.8299364630531804 0.6891946308724832 0.021041290498415948 0.013590604026845768
2 0.5868820904166525 0.6911241610738256 0.020376963172418584 0.013473154362416154
2 0.223009573127108 0.693036912751678 0.019457125336422174 0.01332214765100673
3 0.8074387626477703 0.24263422818791952 0.01570112083943704 0.010083892617449616
2 0.1014248969440943 0.3155369127516779 0.019750962422921004 0.015251677852348943
3 0.6851769836132595 0.24343959731543624 0.01668483630293323 0.010654362416107404
2 0.22142540796511428 0.3144127516778524 0.020325861070418734 0.01417785234899327
3 0.9282441317752872 0.24214765100671143 0.015803325043436744 0.009848993288590577
2 0.3418602868531326 0.3129697986577182 0.020479167376418 0.014513422818791923
2 0.5844291895206623 0.31087248322147654 0.020249207917419024 0.013741610738255
3 0.4423525704357306 0.246006711409396 0.017208632848431177 0.010402684563758365
3 0.5638861445167445 0.24439597315436246 0.016812591557932646 0.010805369127516732
3 0.20039689299219846 0.24857382550335572 0.016608183149933595 0.010771812080536923
2 0.4636365959186455 0.311510067114094 0.020376963172418584 0.014345637583892597
2 0.7066909685551732 0.30879194630872486 0.02001924845842005 0.013590604026845672
2 0.8279818076516883 0.30781879194630873 0.02076022893741683 0.014010067114094037
3 0.3215599768337138 0.24696308724832217 0.01580332504343678 0.009781879194630866
0 0.08399908016216401 0.909496644295302 0.008751234967464995 0.01020134228187923