2 0.22022656591008294 0.7093345905172415 0.02111651230357919 0.01508768015894399
2 0.3437926260366652 0.7086745689655173 0.021147842440528114 0.015262998383620736
2 0.46836125054561334 0.7080145474137931 0.021273162988323817 0.01508768015894399
2 0.5931805161501528 0.7080145474137931 0.020991191755783487 0.014912361934267248
2 0.7174984995635094 0.7066945043103449 0.020881536276462175 0.014623602505387983
3 0.44680611632474904 0.6410223599137931 0.01683994861005019 0.010400495858028004
3 0.3224881329113924 0.6416823814655173 0.016589307514458786 0.010240646888469769
2 0.8418164829768661 0.7047144396551724 0.021241832851375035 0.01467516668911647
3 0.6959433653426451 0.6390422952586208 0.016651967788356495 0.00981266416352374
2 0.09534464003164557 0.319921875 0.020019957510366646 0.01604677397629312
2 0.09772573043976429 0.7093345905172415 0.02059956504392188 0.016294282058189728
3 0.8202613487560018 0.6383822737068966 0.0163230013503927 0.00989001043911647
2 0.3420381383675251 0.31695177801724145 0.021523804083915365 0.015201121363146513
3 0.1986714316892187 0.6423424030172413 0.016902608883948043 0.010725350215517248
2 0.5911753873854213 0.31480670797413796 0.02124183285137489 0.015025803138469863
2 0.46635612178088176 0.31579674030172417 0.021038186961206948 0.015314562567349128
0 0.07767444279244871 0.9205414870689655 0.009015246907054773 0.01060159617456899
2 0.2184720782409428 0.3184368265086207 0.020881536276462245 0.014798920730064632
3 0.4453022697512004 0.24929956896551725 0.017027929431743746 0.0107666015625
2 0.7159946529899607 0.31381667564655175 0.021116512303579332 0.015025803138469863
3 0.9420729212134439 0.24533943965517244 0.016017532515140858 0.009890010439116376
3 0.9440780499781756 0.6370622306034484 0.016651967788356495 0.010281898235452521
3 0.6939382365779136 0.24682448814655175 0.016965269157846036 0.010085954337284497
3 0.1970422645678743 0.2514446390086207 0.01677728833615234 0.010900668440193991
3 0.8187575021824532 0.24599946120689656 0.01626034107649485 0.009776569234913761
2 0.8398113542121345 0.31299164870689655 0.021273162988323817 0.015025803138469863
3 0.5716253819292886 0.640692349137931 0.01683994861005019 0.011240992052801744
3 0.569620253164557 0.24847454202586206 0.016902608883948043 0.011777259563577615
3 0.32098428633784376 0.25061961206896555 0.016197680802597144 0.010085954337284497