3 0.2007398221005816 0.24476351351351355 0.016562606910708204 0.010726351351351393
2 0.10092798494697229 0.3117060810810811 0.019757098871022945 0.014543918918918925
3 0.32218183373246667 0.2433108108108108 0.016318850496065733 0.009881756756756772
3 0.5657714676702019 0.24136824324324324 0.016755046185425893 0.010304054054054082
3 0.8098614437222034 0.23944256756756757 0.01562606910708175 0.009847972972972912
3 0.6875726992815602 0.24008445945945947 0.016562606910708346 0.009949324324324304
3 0.44397023605884367 0.24250000000000005 0.016947485460143727 0.010675675675675697
3 0.20234348272322955 0.6270945945945946 0.01702446117003079 0.010236486486486457
2 0.10307047553882999 0.6930574324324326 0.02025744098528906 0.014662162162162151
3 0.3236443722203216 0.6267736486486487 0.016254704071159812 0.010185810810810759
3 0.9316626753335616 0.23863175675675677 0.01562606910708175 0.010185810810810759
2 0.22174136161477936 0.31072635135135135 0.02021895313034553 0.01417229729729731
3 0.6895355798836812 0.6241891891891892 0.01667807047553876 0.010540540540540632
3 0.4454456038316798 0.6261317567567569 0.01637016763599037 0.010236486486486457
3 0.5677343482723229 0.625152027027027 0.016562606910708204 0.010388513513513544
3 0.8113368114950394 0.6232263513513514 0.016190557646253677 0.01
2 0.8304909339719467 0.30474662162162164 0.020103489565515047 0.014104729729729778
2 0.4645997263085871 0.30733108108108115 0.020218953130345458 0.01417229729729731
2 0.7086897023605885 0.3052364864864865 0.020218953130345458 0.01378378378378386
2 0.5864009579199453 0.3065202702702703 0.02014197742045847 0.014054054054054082
2 0.3427984946972289 0.3094425675675676 0.020411392405063292 0.014375
3 0.9331252138214164 0.6219256756756757 0.016562606910708346 0.009324324324324304
2 0.22333219295244613 0.6924155405405407 0.019757098871022873 0.01378378378378367
2 0.34451761888470755 0.6917567567567567 0.020539685254875133 0.014104729729729683
2 0.8319534724598017 0.6891722972972975 0.021360759493670885 0.014172297297297215
2 0.7101650701334246 0.6898310810810812 0.020257440985289026 0.013733108108108164
2 0.5883638385220664 0.691114864864865 0.020411392405063292 0.013513513513513544
2 0.46631885049606575 0.6917567567567567 0.02071929524461168 0.014273648648648798
0 0.08360845022237427 0.9090371621621621 0.008903523776941489 0.010591216216216328