3 0.1950685654008439 0.19454861111111113 0.016758966244725716 0.009965277777777809
3 0.6954245780590717 0.18862847222222223 0.01644251054852311 0.011232638888888905
3 0.44480485232067507 0.19065972222222222 0.01664029535864984 0.012048611111111095
3 0.5702399789029536 0.18928819444444445 0.016706223628691935 0.011666666666666667
3 0.19658491561181435 0.5853993055555556 0.016442510548523255 0.011545138888888763
3 0.32088607594936713 0.5850694444444445 0.015770042194092875 0.011284722222222286
3 0.6974419831223629 0.5827430555555556 0.016824894514768027 0.011024305555555619
3 0.9462816455696202 0.18645833333333336 0.01761603375527407 0.011232638888888905
3 0.44690137130801694 0.5840625 0.016890822784810126 0.011631944444444571
3 0.8216112869198313 0.5820659722222222 0.01644251054852311 0.010069444444444381
3 0.5717563291139242 0.5834027777777778 0.01782700421940933 0.011180555555555619
3 0.94831223628692 0.5810763888888889 0.01644251054852311 0.011024305555555619
2 0.3405722573839663 0.26039930555555557 0.02078059071729953 0.015486111111111143
2 0.8417985232067511 0.2550868055555556 0.020978375527426256 0.015069444444444476
2 0.21615242616033759 0.2612326388888889 0.020622362869198264 0.015607638888888857
2 0.5914425105485233 0.2570833333333334 0.020925632911392406 0.01449652777777781
2 0.717128164556962 0.25625 0.022204641350210778 0.015017361111111047
2 0.46625791139240513 0.2595659722222222 0.021215717299578156 0.014670138888888858
2 0.2181698312236287 0.6538541666666667 0.02054324894514763 0.01524305555555543
2 0.3423391350210971 0.6531770833333335 0.021624472573839565 0.015607638888888952
2 0.7191455696202531 0.6511979166666667 0.021954113924050632 0.015364583333333333
2 0.09253691983122365 0.2630555555555556 0.020002637130801665 0.015364583333333333
2 0.4675237341772152 0.6525173611111112 0.021110232067510597 0.015190972222222286
2 0.5934599156118144 0.6521875000000001 0.021624472573839565 0.0153125
3 0.19885284810126583 0.9768402777777777 0.017497362869198264 0.010434027777777905
2 0.8438159282700423 0.6505208333333333 0.0214662447257383 0.0153125
3 0.6984440928270043 0.9762847222222223 0.018103902953586402 0.010677083333333334
3 0.44883966244725737 0.9775173611111111 0.01782700421940933 0.010677083333333334
3 0.5737737341772152 0.9768402777777777 0.01802478902953577 0.010399305555555429
3 0.8236286919831225 0.9755208333333333 0.01708860759493671 0.010121527777777525
3 0.32290348101265826 0.9768402777777777 0.016824894514767885 0.01
3 0.9487341772151898 0.9735243055555556 0.016890822784810126 0.01022569444444457
2 0.09266877637130803 0.654513888888889 0.020385021097046437 0.014010416666666666
3 0.31960706751054857 0.1923263888888889 0.017128164556962026 0.010468749999999952
3 0.8204113924050634 0.18815972222222224 0.017194092827004123 0.008923611111111096