3 0.2015800960279354 0.20527586206896553 0.016643387167175876 0.009896551724137954
3 0.6984853775643823 0.19939655172413795 0.01632911392405075 0.011155172413793081
3 0.44959406372762983 0.20141379310344826 0.016525534701003944 0.011965517241379283
3 0.57416412047141 0.20005172413793104 0.01659100829332158 0.011586206896551706
3 0.20308598865124403 0.5934310344827587 0.016329113924050676 0.011465517241379265
3 0.3265298996071585 0.5931034482758621 0.015661283282409535 0.011206896551724223
3 0.7004888694893061 0.590793103448276 0.016708860759493727 0.010948275862068991
3 0.9476123963334788 0.19724137931034483 0.0174945438673068 0.011155172413793081
3 0.4516761239633348 0.5921034482758621 0.016774334351811363 0.011551724137931197
3 0.823801833260585 0.5901206896551724 0.01632911392405075 0.01
3 0.5756700130947184 0.591448275862069 0.017704059362723696 0.01110344827586213
3 0.949628982976866 0.5891379310344828 0.01632911392405075 0.010948275862068991
2 0.34608031427324315 0.2706724137931035 0.020637276298559524 0.015379310344827578
2 0.8438498472282846 0.26539655172413795 0.020833697075512865 0.014965517241379303
2 0.2225185508511567 0.2715 0.020480139676996925 0.015500000000000019
2 0.5952204277608032 0.2673793103448276 0.02078131820165864 0.014396551724137983
2 0.7200392841553908 0.26655172413793105 0.02205150589262314 0.014913793103448257
2 0.4708991706678307 0.2698448275862069 0.021069402007856872 0.014568965517241376
2 0.22452204277608034 0.6614137931034483 0.02040157136621559 0.01513793103448279
2 0.3478350065473592 0.6607413793103449 0.021475338280226967 0.015499999999999924
2 0.7220427760803142 0.6587758620689655 0.02180270624181601 0.015258620689655231
2 0.09975556525534703 0.27331034482758626 0.019864687909209935 0.015258620689655231
2 0.47215626364033175 0.6600862068965518 0.020964644260148425 0.015086206896551744
2 0.5972239196857267 0.6597586206896552 0.021475338280226967 0.015206896551724185
3 0.20533828022697515 0.9821724137931034 0.017376691401134868 0.010362068965517134
2 0.8458533391532083 0.6581034482758621 0.02131820165866429 0.015206896551724185
3 0.701484068092536 0.9816206896551726 0.01797904845045823 0.010603448275862395
3 0.4536010475774771 0.982844827586207 0.017704059362723696 0.010603448275862395
3 0.5776735050196421 0.9821724137931034 0.017900480139676895 0.010327586206896437
3 0.8258053251855085 0.9808620689655172 0.01697075512876485 0.010051724137930857
3 0.32853339153208205 0.9821724137931034 0.016708860759493727 0.009931034482758606
3 0.9500480139676997 0.9788793103448277 0.016774334351811363 0.010155172413793328
2 0.09988651243998255 0.6620689655172415 0.020244434744652987 0.013913793103448409
3 0.3252597119161938 0.20306896551724138 0.017010039284155374 0.010396551724137879
3 0.8226102138804017 0.19893103448275862 0.01707551287647301 0.008862068965517219