3 0.20198305433005148 0.21565318267617453 0.017468722086807546 0.010005874121749159
2 0.22252370392293805 0.28052577076342283 0.02067819858569609 0.015023865155725673
3 0.32620507805846083 0.9743734270134229 0.01754513819392397 0.009739920596948271
3 0.44406928167478626 0.2129233955536913 0.017606271079617142 0.010276845637583918
3 0.3227816364596464 0.21436857697147654 0.016872676451299713 0.010086161978292789
3 0.2058955590144108 0.9743734270134229 0.01780495295811973 0.009930604256239425
3 0.4467591286452833 0.9743734270134229 0.017468722086807546 0.009965730193477308
2 0.46460993126767286 0.27763540792785235 0.021488209321129832 0.01543534042051173
3 0.5658459899754711 0.21179936556208057 0.017407589201114407 0.011069688220952164
2 0.3430777545097605 0.2787594379194631 0.02087688046419875 0.015375124528104038
3 0.5687803684887406 0.9737311241610739 0.018217599936548222 0.010201575772074421
3 0.6900680137038804 0.973088821308725 0.01774382007242659 0.010276845637583847
3 0.6871336351906109 0.2106753355704698 0.01774382007242659 0.01064817697409815
3 0.8113556589190203 0.972446518456376 0.017606271079617142 0.010201575772074421
2 0.7081633478690423 0.2757084993708054 0.02132009388547374 0.014682641765415288
2 0.5863866395683577 0.2773142565016779 0.02072404824996598 0.014281202482697116
3 0.8084212804057508 0.2095513055788591 0.01733117309399795 0.01020157577207423
3 0.20357250935807245 0.5954147441275168 0.01760627107961707 0.010608033045826346
3 0.32424882571628116 0.5944512898489933 0.017407589201114446 0.01020157577207423
3 0.5673131792321058 0.5931666841442954 0.017468722086807546 0.01068832090237
2 0.8299400561697272 0.2749056208053691 0.021197828114087467 0.014793037568162788
3 0.44578100247419344 0.5938089869966443 0.01774382007242659 0.009965730193477308
3 0.6890898875327907 0.5922032298657718 0.01818703349370158 0.010567889117554614
2 0.5873647657394475 0.6577181208053692 0.02032668449296066 0.014853253460570386
2 0.34478947530916776 0.6596450293624162 0.02020441872157453 0.014562209980599808
2 0.22460222203650396 0.6602873322147652 0.02067819858569609 0.014622425873007501
2 0.4663216520670801 0.6590027265100672 0.021197828114087613 0.015023865155725579
3 0.9301979887064356 0.2092301541526846 0.017468722086807692 0.010477565278942932
3 0.9326433041341602 0.9711619127516778 0.01788136906523604 0.010161431843802499
3 0.8103775327479305 0.5912397755872484 0.017667403965310132 0.010276845637583847
2 0.710119600211222 0.6577181208053692 0.02104499589985484 0.013638899630348079
2 0.8314072454263619 0.6564335151006713 0.021686891199632564 0.014622425873007501
3 0.9321542410486152 0.5909186241610739 0.017606271079617142 0.01020157577207423
0 0.08387431917095357 0.9075739303691277 0.009001817418311157 0.010608033045826156