3 0.18952711728559976 0.18240350877192982 0.016190221747261552 0.009350877192982427
3 0.5696900881645739 0.17782456140350877 0.017045150948437046 0.01157894736842105
3 0.4426128773710927 0.179 0.016657761154154398 0.012175438596491214
3 0.6990649211862143 0.5769298245614035 0.017045150948437192 0.011000000000000038
3 0.3170718674859738 0.579280701754386 0.01615014694095653 0.011403508771929865
2 0.21096713865882982 0.25019298245614036 0.021199572535399443 0.015228070175438594
2 0.46358535933742984 0.24699999999999997 0.020932407160032012 0.014596491228070173
2 0.33701576275714673 0.24801754385964914 0.0210927063852524 0.015052631578947361
2 0.8448036334491049 0.244140350877193 0.021052631578947448 0.015175438596491233
2 0.591170184344109 0.246 0.021787336361207506 0.015
2 0.7179802297622228 0.24515789473684213 0.022642265562383145 0.015403508771929732
2 0.2128773710927064 0.6474385964912281 0.021199572535399443 0.015228070175438499
2 0.5932139994656692 0.6457719298245613 0.022001068661501453 0.015052631578947361
2 0.3388057707721079 0.6471052631578947 0.02204114346780655 0.015473684210526433
2 0.4656291744589901 0.646438596491228 0.021333155223083124 0.014824561403508862
3 0.19382847982901416 0.9748421052631577 0.01744589901148809 0.010578947368420966
2 0.7205450173657494 0.6447543859649123 0.02224151749933218 0.01510526315789472
2 0.8468474485706653 0.6440877192982455 0.02190756078012294 0.015578947368420965
2 0.08586695164306705 0.25221052631578944 0.020291210259150427 0.015403508771929732
3 0.5737777184076943 0.9748421052631577 0.01862142666310457 0.010999999999999848
3 0.4469543147208121 0.9755263157894736 0.01812717071867495 0.011210526315789669
3 0.6995725353994123 0.9741754385964911 0.017993588030991343 0.010789473684210786
3 0.319369489714133 0.9748421052631577 0.0171787336361208 0.010631578947368325
3 0.8258883248730964 0.9728421052631578 0.01744589901148816 0.010035087719298114
3 0.9532193427731767 0.9714912280701753 0.017178733636120654 0.010578947368420966
2 0.08586695164306705 0.6484561403508772 0.02077210793481166 0.01340350877192975
3 0.3158562650280523 0.18075438596491228 0.016991717873363635 0.009807017543859663
3 0.6967272241517499 0.176859649122807 0.01744589901148816 0.009245614035087755
3 0.8233101790008014 0.1761578947368421 0.01760619823670855 0.00931578947368422
3 0.9502404488378307 0.17556140350877192 0.017339032861341332 0.009982456140350848
3 0.4442693026983702 0.5790877192982455 0.016777985573069688 0.01164912280701761
3 0.5710125567726422 0.5785614035087718 0.017245524979962533 0.010122807017543778
3 0.8252337697034464 0.5764385964912281 0.01649746192893401 0.010070175438596417
3 0.9523243387656959 0.5754561403508772 0.016056639059577944 0.00878947368421052
3 0.19157093240716003 0.5800175438596491 0.016590969810312592 0.010561403508771909