3 0.1957482468133904 0.2161324041811847 0.01681735985533453 0.01
3 0.6978476602125876 0.21019163763066206 0.01649980152604436 0.011271777003484307
3 0.4463546950116879 0.21222996515679446 0.016698275481850707 0.012090592334494754
3 0.5722268777841486 0.21085365853658536 0.016764433467119488 0.011707317073170742
3 0.19726988047457328 0.6083449477351917 0.016499801526044217 0.01158536585365842
3 0.3220041459004102 0.60801393728223 0.01582499007630229 0.01132404181184673
3 0.6998720945618137 0.6056794425087109 0.016883517840603383 0.011062717770034852
3 0.9495787941604552 0.20801393728223 0.017677413663829057 0.011271777003484355
3 0.4484585189432365 0.6070034843205575 0.016949675825872167 0.01167247386759584
3 0.8244740440171129 0.605 0.01649980152604436 0.010104529616724752
3 0.5737485114453315 0.6063414634146342 0.017889119216689363 0.011219512195121979
3 0.951616460106735 0.604006968641115 0.01649980152604436 0.011062717770034852
2 0.3417589203016804 0.28221254355400704 0.020852996956732626 0.015540069686411187
2 0.8447316191064261 0.27688153310104535 0.021051470912539116 0.015121951219512179
2 0.21690557050235967 0.2830487804878049 0.020694217792087504 0.015662020905923366
2 0.5935032858466017 0.2788850174216028 0.020998544524324148 0.014547038327526138
2 0.7196268689630839 0.2780487804878049 0.02228200943853907 0.015069686411149802
2 0.4678825034181626 0.28137630662020907 0.021289639659506907 0.014721254355400693
2 0.21893000485158562 0.6770383275261325 0.02061482820976491 0.015296167247386734
2 0.3435319543068848 0.6763588850174217 0.021699819168173557 0.015662020905923366
2 0.7216513033123099 0.6743728222996516 0.0220306090945179 0.015418118466899007
2 0.0928593481233185 0.28487804878048784 0.020072332730560548 0.015418118466899007
2 0.469152736735324 0.6756968641114983 0.021183786883076827 0.015243902439024359
2 0.5955277201958277 0.6753658536585366 0.021699819168173557 0.015365853658536632
3 0.1991355356591541 0.9973867595818816 0.017201076169893696 0.005226480836236836
2 0.8467560534556522 0.6736933797909408 0.021541040003528366 0.015365853658536632
3 0.6999514841441363 0.9973867595818816 0.01852423587527028 0.005226480836236836
3 0.44987429982798927 0.9973867595818816 0.018524235875270134 0.005226480836236836
3 0.5749128919860628 0.9973867595818816 0.01720107616989377 0.005226480836236836
3 0.8263132360075861 0.9965156794425087 0.01720107616989377 0.006968641114982574
3 0.3235125479645394 0.9973867595818816 0.017201076169893696 0.005226480836236836
3 0.9493670886075949 0.995 0.015189873417721518 0.01
2 0.09299166409385613 0.6777003484320558 0.020456049045119752 0.014059233449477423
3 0.320720680986195 0.21390243902439024 0.017187844572839953 0.010505226480836143
3 0.8232699686852204 0.2097212543554007 0.017254002558108737 0.008954703832752577