2 0.1012360587077982 0.314888973364094 0.01986818785026231 0.015375124528104038
3 0.20027133353064425 0.24825005243288592 0.016307197258638374 0.010768608758913558
3 0.3208253841174668 0.24680487101510068 0.01630719725863841 0.010121287915530578
3 0.5638897376332913 0.24439623531879198 0.01727004020830496 0.010768608758913558
3 0.4423575608753791 0.24600199244966447 0.01707135832980237 0.010527745189282693
3 0.6851773828484312 0.24327220532718125 0.01675041067991351 0.010567889117554519
3 0.806954091149116 0.24279047818791946 0.01569586840170715 0.00977504653418625
3 0.32253710491687393 0.626566432466443 0.0170713583298023 0.0103571334941275
3 0.9282417363642559 0.24214817533557048 0.01586398383736324 0.009815190462458077
2 0.10300891239289853 0.6930447776845639 0.020280834828690843 0.014512030070260001
3 0.2024721174155964 0.6272087353187921 0.015986249608749514 0.009890460327967693
3 0.6876226982761559 0.623997221057047 0.01675041067991351 0.010608033045826346
3 0.8089103434912956 0.6230337667785235 0.016490595915717787 0.010046018050020962
3 0.44406928167478626 0.6262452810402686 0.016368330144331512 0.01020157577207423
2 0.2210565146663033 0.31408609479865773 0.020280834828690843 0.013899835164114905
3 0.5658459899754711 0.6249606753355705 0.016490595915717787 0.01072846483064173
2 0.8279838038275475 0.3076630662751678 0.02087688046419875 0.014010230966862405
3 0.9306870517919805 0.6223914639261745 0.016246064372945238 0.009815190462458077
2 0.3416105652531258 0.31248033766778527 0.02055593281430989 0.014451814177852308
2 0.7066961586124076 0.3083053691275168 0.020097436171611575 0.013689079540687885
2 0.46363180509658297 0.31119573196308725 0.02020441872157453 0.014120626769609904
2 0.5844303872261779 0.31071400482382555 0.020097436171611575 0.013227424365562115
2 0.22289050123709672 0.6924024748322148 0.019791771743145965 0.013689079540687885
2 0.34356681759530544 0.6917601719798658 0.020479516707193432 0.013960051056522692
2 0.8294509930841822 0.6885486577181209 0.021610475092516106 0.013899835164114999
2 0.7081633478690423 0.6891909605704699 0.020128002614457928 0.013538539809668654
2 0.5863866395683577 0.6898332634228188 0.020280834828690843 0.01347832391726096
2 0.4650989943532178 0.6911178691275168 0.020754614692812475 0.014231022572357309
0 0.08375205339956734 0.9088585360738256 0.008726719432692149 0.010437421350671154