2 0.09981429936870859 0.695405190677966 0.020409887386539618 0.014882646980932274
3 0.8132649165447818 0.6259798728813559 0.016596542315075593 0.009838970636917375
3 0.9357859954400758 0.6253310381355932 0.016596542315075593 0.009950489108845394
3 0.6902498010410393 0.626953125 0.017121456211552543 0.010462460275423762
3 0.3219455094424847 0.6295484639830508 0.016781806043244005 0.010305320610434402
3 0.5682227587541943 0.6279263771186441 0.016720051467187868 0.010584116790254257
2 0.46571016250107544 0.6941075211864407 0.02108918772315666 0.014264226363877128
3 0.20028899461197625 0.6301972987288136 0.016781806043244005 0.010188733117055145
2 0.3431890836057816 0.6947563559322034 0.020764976198862188 0.014041189420021093
2 0.7114933752043362 0.6921610169491524 0.020456203318581646 0.013889118776482974
3 0.4444665883377785 0.6288996292372881 0.016720051467187868 0.010188733117055145
2 0.5879842230921448 0.6934586864406779 0.020533396538651855 0.013777600304555146
2 0.2209150230147122 0.6947563559322034 0.019792341625978642 0.013676219875529607
2 0.09783815293491353 0.3134037341101695 0.020224623658371313 0.014882646980932179
2 0.8340144540996299 0.6915121822033898 0.0215369083995634 0.014213536149364358
3 0.8112887701109868 0.24057203389830506 0.01614882163866914 0.010107628773834752
2 0.2195564223414781 0.3125926906779661 0.02040988738653958 0.01442643505031782
3 0.6882736546072442 0.24138307733050846 0.017306719939720813 0.01054356461864406
2 0.3414599554762109 0.3111328125 0.021212696875268933 0.014882646980932179
3 0.9338098490062806 0.2397609904661017 0.015963557910500872 0.010264768438824111
2 0.5865021132667986 0.3083752648305085 0.019946728066118913 0.014102017677436436
2 0.7095172287705411 0.3074020127118644 0.02040988738653958 0.014041189420021189
2 0.46398103437150473 0.3091863082627118 0.021011994503086596 0.014710300251589009
3 0.19843635733029336 0.2462493379237288 0.016720051467187868 0.010675359176377129
3 0.4429844785124322 0.24349179025423728 0.017723563328099413 0.011050466763771189
2 0.832038307665835 0.30626655190677965 0.021459715179493192 0.014213536149364454
3 0.31996936300868967 0.24462725105932204 0.016858999263314068 0.010462460275423762
3 0.5657525757119504 0.24235632944915253 0.01764637010802935 0.010797015691207624
0 0.08073213536737503 0.9134136652542373 0.009162835222323196 0.010715911347987231