3 0.32571601497291597 0.972446518456376 0.018080050943738737 0.010397277422399232
2 0.46436539972490043 0.2781171350671141 0.021610475092516106 0.015495556312919424
3 0.20149399124450654 0.21549260696308725 0.01760627107961707 0.010316989565855698
3 0.4435802185892414 0.21276281984060405 0.01780495295811973 0.010688320902369975
2 0.34283322296698804 0.27924116505872487 0.021151978449817796 0.015615988097734904
2 0.22215690660877938 0.2806863464765101 0.020922730128468566 0.015314908635696345
3 0.2054064959288659 0.972446518456376 0.018018918058045636 0.010397277422399232
3 0.4465145971025109 0.973088821308725 0.01780495295811973 0.01004601805002115
3 0.3222925733741015 0.214047425545302 0.017331173093998096 0.010316989565855698
3 0.5653569268899261 0.21147821413590606 0.017545138193924004 0.010939220454068775
3 0.6900680137038804 0.971804215604027 0.01826344960081804 0.010316989565855769
3 0.5687803684887406 0.972446518456376 0.018217599936548222 0.010316989565855769
3 0.6871336351906109 0.21051475985738258 0.01788136906523604 0.010858932597525144
2 0.7081633478690423 0.27619022651006714 0.020953296571315207 0.014562209980599808
3 0.8108665958334753 0.9711619127516778 0.017667403965310132 0.009775046534186154
3 0.8079322173202059 0.2093907298657718 0.017407589201114407 0.0101212879155306
2 0.5863866395683577 0.27747483221476515 0.02104499589985484 0.014512030070260095
2 0.8289619299986373 0.27554792365771813 0.021442359656860015 0.014963649263317981
3 0.3240042941735087 0.5928455327181209 0.01754513819392397 0.010161431843802499
3 0.5673131792321058 0.5915609270134229 0.017667403965310132 0.01068832090237
3 0.20345024358668623 0.5938089869966443 0.01774382007242659 0.010477565278942886
2 0.5873647657394475 0.6561123636744968 0.021197828114087613 0.014732821675755
2 0.4660771205243076 0.6573969693791947 0.021855006635288513 0.015375124528104038
3 0.44553647093142107 0.5925243812919464 0.018018918058045636 0.01000587412174923
3 0.6886008244472457 0.5905974727348994 0.018217599936548222 0.010527745189282693
2 0.34454494376639533 0.6577181208053692 0.02072404824996598 0.014853253460570386
2 0.7096305371256773 0.6554700608221476 0.02060178247857956 0.014120626769609809
2 0.22411315895095904 0.6583604236577182 0.02099914623558495 0.014451814177852308
3 0.9297089256208906 0.20890900272651008 0.017468722086807692 0.010688320902369975
3 0.8098884696623856 0.5896340184563759 0.017606271079617142 0.01020157577207423
3 0.9321542410486152 0.96987730704698 0.017468722086807692 0.009739920596948271
2 0.8309181823408169 0.6545066065436242 0.021488209321129832 0.014682641765415193
3 0.9321542410486152 0.588991715604027 0.017667403965310132 0.010046018050020962
0 0.08326299031402243 0.9062893246644296 0.009208140907525432 0.010939220454068845