2 0.34307396177562777 0.28052013422818795 0.020721902360917123 0.01531879194630875
2 0.22239634790311044 0.28213087248322155 0.02055582052941771 0.014446308724832211
3 0.20186607842469254 0.2169295302013423 0.017413041256430374 0.010117449664429519
3 0.44700286171771203 0.9743791946308726 0.01754079651142986 0.010117449664429614
3 0.4438217558682247 0.21389261744966448 0.01754079651142986 0.010604026845637595
2 0.4646075358566416 0.27939597315436243 0.021271249957414924 0.015369127516778557
3 0.3225309167717098 0.21516778523489938 0.017208632848431143 0.010117449664429519
3 0.20614587946717547 0.9743791946308726 0.017809082546928763 0.00996644295302038
3 0.5658407999182368 0.21291946308724838 0.017336388103430737 0.011073825503355698
3 0.6871316390147516 0.21164429530201342 0.017604674138929424 0.010906040268456346
3 0.5687791707832249 0.9743791946308726 0.018013490954927956 0.01
3 0.6900700098797397 0.9730872483221479 0.017604674138929424 0.009848993288590388
2 0.7081601539876674 0.27731543624161076 0.02107961707491566 0.014966442953020192
3 0.8113608489762547 0.9724496644295304 0.017604674138929424 0.01
3 0.8084224781112663 0.21083892617449665 0.017336388103430595 0.010201342281879184
2 0.8294509930841822 0.2763590604026846 0.021488433890913903 0.015016778523489904
2 0.5863838449221546 0.27875838926174495 0.02040251422341844 0.014395973154362404
3 0.5673099853507308 0.59251677852349 0.01766855176642942 0.010721476510067116
3 0.20357799884168573 0.5947651006711411 0.017272510475930886 0.010721476510067116
3 0.32449834769870206 0.5938087248322149 0.017208632848431216 0.010352348993288463
2 0.34478588219262085 0.6596476510067114 0.020632473682417416 0.01479865771812096
3 0.6890862944162437 0.5915604026845639 0.01793683780192825 0.01060402684563769
2 0.46631945627363475 0.659010067114094 0.021271249957414924 0.015083892617449616
3 0.44603192177971596 0.5934899328859061 0.017464143358430155 0.009882550335570386
2 0.2246065138146016 0.6602852348993289 0.020836882090416682 0.014563758389261732
2 0.5878530303546486 0.6577181208053692 0.020721902360917123 0.014731543624160964
3 0.9301987871767793 0.21035234899328864 0.017272510475930886 0.01068791946308726
2 0.8314056484856744 0.6561073825503356 0.021322352059414778 0.014731543624160964
2 0.7096293394201616 0.6570805369127517 0.019904268728920343 0.01374161073825519
3 0.8103771335127586 0.5906040268456377 0.017885735699928542 0.010469798657718077
3 0.9326389125472695 0.9711577181208054 0.017604674138929424 0.009513422818791924
3 0.9321534425782715 0.5899496644295303 0.017668551766429133 0.01023489932885904
3 0.3264274520491943 0.9757214765100671 0.019418798759922355 0.010973154362416153