3 0.19268071321337538 0.24215750319965867 0.016729544629163588 0.010533876386518747
2 0.09177628647880934 0.30977029116894195 0.019845984360824284 0.014647395944432635
3 0.5616919849224521 0.2382379212883959 0.01679156333029118 0.010533876386518747
3 0.43864688188534146 0.23987108041808872 0.016667525928035998 0.010748228522290995
3 0.6847370879595628 0.2372580258105802 0.01596981554035072 0.009941856202005113
3 0.3148575544346999 0.24068765998293515 0.015853530475736604 0.010258280783383119
0 0.0741009566574502 0.9132225895904437 0.009341566857341124 0.010911544435260415
3 0.1949133864539681 0.6290529010238908 0.016667525928035998 0.010707399544048712
2 0.09376088491489178 0.6956857935153583 0.0200785544900527 0.014759675634599035
3 0.31659407806627204 0.6287262691979522 0.016543488525780886 0.010375664095829696
3 0.808278340605694 0.23676807807167233 0.015737245411122487 0.009941856202005113
3 0.6862255367866245 0.6264398464163822 0.01738074099100312 0.01057470536476103
3 0.439887255907893 0.628073005546075 0.016543488525780813 0.010656363321245787
2 0.21389110899900635 0.30879039569112626 0.020264610593435435 0.014137033716403569
2 0.8291166241845596 0.3025843909982935 0.02110186305865774 0.014085997493600644
3 0.5641727329675551 0.6270931100682593 0.016419451123525775 0.01078905750053328
3 0.8097667894327558 0.6251333191126279 0.016605507226908334 0.010294006139345129
2 0.33619198762258606 0.3069939206484641 0.021132872409221428 0.014586152477069068
3 0.930827294033784 0.2361148144197952 0.015434904243125522 0.010135793848656174
2 0.7055753715384283 0.3032376546501706 0.020931311630556882 0.014085997493600644
2 0.4592370906596967 0.3053607615187713 0.020931311630556882 0.014473872786902764
2 0.5820341188922971 0.30454418195392485 0.020342133969844942 0.014085997493600644
2 0.215255520423813 0.6956857935153583 0.01992350773723379 0.014137033716403569
2 0.8306050730116213 0.6917662116040956 0.02162902201824216 0.013871645357828583
3 0.9328118924698665 0.6248066872866893 0.01627990904598875 0.010018410536209407
2 0.3381765860586685 0.6950325298634812 0.020698741501328503 0.014198277183767042
2 0.5840187173283794 0.6937260025597269 0.020667732150764673 0.01339190486348116
2 0.7075599699745106 0.6924194752559726 0.020388647995690616 0.013769572912222732
2 0.4609736142912688 0.6943792662116041 0.021303423837322286 0.014647395944432635