2 0.22289050123709672 0.7020370176174497 0.020632348921426274 0.014682641765415193
2 0.10068586273656016 0.3245235161493289 0.01974592207887611 0.015254692743288558
2 0.343322286052533 0.7013947147651007 0.020800464357082292 0.015134260958473079
2 0.46460993126767286 0.7007524119127517 0.020922730128468566 0.015023865155725768
2 0.7076742847834976 0.6994678062080537 0.02087688046419875 0.014732821675755
2 0.5858975764828127 0.7001101090604028 0.021442359656860015 0.015555772205327117
2 0.8289619299986373 0.6981832005033558 0.021365943549743558 0.014853253460570386
3 0.8079322173202059 0.632989460989933 0.016184931487252245 0.00969977666867654
3 0.4438247501320138 0.6358798238255035 0.01727004020830496 0.010608033045826346
3 0.32253710491687393 0.6362009752516778 0.016689277794220338 0.010276845637583847
3 0.686644572105066 0.6339529152684564 0.016872676451299785 0.010276845637583847
2 0.3416105652531258 0.3216331533137584 0.021488209321129832 0.015194476850880866
2 0.10300891239289853 0.7020370176174497 0.020724048249965942 0.01585685166736577
3 0.20198305433005148 0.636843278104027 0.01675041067991344 0.01068832090237
2 0.2210565146663033 0.3230783347315436 0.020280834828690843 0.014903433370910192
2 0.4628982104682656 0.3205091233221477 0.020922730128468566 0.01543534042051173
2 0.7057180324413179 0.31858221476510074 0.02060178247857956 0.014963649263317981
2 0.5844303872261779 0.31970624475671144 0.02032668449296066 0.014853253460570481
3 0.6846883197628864 0.2527461723993289 0.017071358329802225 0.01020157577207423
3 0.9267745471076212 0.2513009909815436 0.01661286168710406 0.010527745189282693
3 0.9287307994498009 0.631704855285235 0.017010225444109236 0.010608033045826346
2 0.8270056776564576 0.3176187604865772 0.020922730128468566 0.015084081048133366
3 0.8059759649780261 0.2521038695469799 0.01675041067991351 0.0103571334941275
3 0.20027133353064425 0.25756344379194634 0.016612861687103988 0.011200155987835577
3 0.3210699156602392 0.2562788380872484 0.016689277794220372 0.010437421350671154
3 0.44260209241815146 0.2554759595218121 0.01675041067991351 0.010567889117554519
3 0.5634006745477464 0.25403077810402686 0.01604738249444265 0.011772206965708942
3 0.566335053061016 0.6352375209731544 0.01675041067991351 0.012675445351824617