1 0.09909640770853917 0.3269321518456376 0.018645530136400038 0.011410911611262595
2 0.1012360587077982 0.7013947147651007 0.019226292550484626 0.015254692743288653
2 0.8270056776564576 0.6975408976510068 0.020204418721574385 0.014793037568162692
2 0.2203229200379859 0.7013947147651007 0.020128002614458074 0.014903433370910192
2 0.34136603371035334 0.7007524119127517 0.02055593281430989 0.014903433370910192
2 0.7057180324413179 0.6988255033557048 0.019868187850262203 0.014732821675755
2 0.4624091473827207 0.7007524119127517 0.020479516707193432 0.015023865155725768
2 0.583941324140633 0.6994678062080537 0.020601782478579706 0.014622425873007501
1 0.21824440192442 0.3274138789848994 0.02005158650734169 0.00759723842544048
1 0.3391652498254012 0.3262898489932886 0.020953296571315064 0.007140601241348558
0 0.08375205339956734 0.9075739303691277 0.008726719432692149 0.010201575772074421
1 0.46094195812608596 0.32532639471476515 0.01911931000052167 0.006944899591023462
1 0.806465028063571 0.6320260067114094 0.015802850951670246 0.008053875609532307
1 0.6846883197628864 0.6326683095637584 0.016047382494442507 0.008018749672294424
1 0.5634006745477464 0.6336317638422819 0.014755950284175614 0.008083983555736154
1 0.32058085257469426 0.635558672399329 0.015565961019609357 0.007165691196518461
1 0.44162396624706163 0.6345952181208054 0.015153314041180789 0.007747778156459806
1 0.2003935993020305 0.6358798238255035 0.014580193237807864 0.007838101995071345