3 0.21085873064878935 0.9934146341463416 0.01728046575221629 0.009721254355400409
3 0.3352092797600671 0.9934146341463416 0.017280465752216364 0.01
3 0.7120583954483307 0.9920731707317075 0.017081991796409873 0.009912891986062959
3 0.5864376130198915 0.9920731707317075 0.017346623737485148 0.010156794425087127
3 0.4608168305914524 0.9927526132404182 0.016552727914259182 0.010261324041811879
3 0.8376791778767698 0.9907491289198608 0.016883517840603383 0.010261324041811879
1 0.2084505799850042 0.5999303135888502 0.016552727914259255 0.010069686411149708
1 0.33343624575486264 0.5989372822299652 0.016618885899527966 0.010069686411149708
1 0.7110395624751907 0.5962543554006969 0.01649980152604436 0.009581881533100993
1 0.459043796586248 0.5982578397212543 0.016552727914259182 0.009581881533100993
1 0.83666034490363 0.5952613240418119 0.016116085211485047 0.009181184668989506
1 0.5854320116438054 0.597595818815331 0.017015833811141093 0.009721254355400787
1 0.9597406606977463 0.9900696864111499 0.010876372778194263 0.010470383275261383
0 0.08435143121774799 0.9353832752613239 0.009989855775592141 0.010470383275261383
1 0.9602566929828431 0.5942682926829269 0.009685529043355318 0.008763066202090499
1 0.1047016274864376 0.27580139372822304 0.02052220703038857 0.012560975609756043