3 0.2049403017087295 0.2147359154929577 0.01624722957031529 0.009383802816901342
3 0.5864418745978408 0.21014084507042252 0.017105169085579526 0.0116197183098591
3 0.45891720883677695 0.21132042253521124 0.016716415242725362 0.012218309859154886
3 0.7162722528061771 0.6106514084507042 0.01710516908557938 0.011038732394366093
3 0.3329341531422035 0.6130105633802816 0.01620701365553737 0.011443661971831033
2 0.2264558161149639 0.28276408450704227 0.021274218917566295 0.015281690140845114
2 0.4799635375706013 0.27955985915492954 0.021006112819046182 0.014647887323943677
2 0.3529482733967255 0.28058098591549296 0.021166976478158295 0.015105633802816858
2 0.8625241295488666 0.2766901408450704 0.021126760563380302 0.01522887323943659
2 0.6079976049188532 0.27855633802816904 0.021864052334310345 0.015052816901408429
2 0.7352541645813969 0.2777112676056338 0.022721991849574654 0.01545774647887318
2 0.2283727747193823 0.6814084507042254 0.021274218917566295 0.01528169014084502
2 0.6100486165725316 0.6797359154929576 0.022078537213126494 0.015105633802817047
2 0.3547445842568098 0.6810739436619718 0.022118753127904487 0.015528169014084672
2 0.48201454922427966 0.6804049295774648 0.02140827196682639 0.014876760563380269
2 0.7378279831271894 0.6787147887323943 0.022319832701794735 0.015158450704225288
2 0.8645751412025452 0.6780457746478873 0.02198470007864461 0.01563380281690134
2 0.10091513548294845 0.28478873239436614 0.02036265818259813 0.01545774647887318
2 0.10091513548294845 0.6824295774647887 0.02084524915993425 0.013450704225352108
3 0.3317142703939372 0.21308098591549293 0.01705154786587549 0.009841549295774665
3 0.7139263244441267 0.2091725352112676 0.017507328233359588 0.00927816901408453
3 0.8409549939229284 0.2084683098591549 0.017668191892471555 0.009348591549295786
3 0.9683322013298061 0.20786971830985912 0.017400085793951515 0.010017605633802825
3 0.4605794666476013 0.6128169014084507 0.01683706298705934 0.011690140845070307
3 0.587768999785515 0.6122887323943661 0.017306248659469486 0.010158450704225289
3 0.8428853578322727 0.6101584507042253 0.016555551583613107 0.01010563380281686
3 0.9704234288982626 0.6091725352112676 0.016113176521055195 0.008820422535211302
3 0.20699131336240792 0.61375 0.016649388718095424 0.010598591549295785