2 0.22768932210117762 0.2761846689895471 0.021104397300754158 0.014895470383275248
3 0.20642614563577824 0.2083275261324042 0.018233140740087306 0.010801393728222971
2 0.3524235875270145 0.2745296167247387 0.021752745556388668 0.015905923344947722
3 0.46006262955938787 0.9943031358885018 0.018524235875270134 0.010313588850174256
3 0.21059409870771406 0.9943031358885018 0.018524235875270134 0.010383275261323963
2 0.4785471706434967 0.27285714285714285 0.02233493582675433 0.01627177700348426
3 0.457019362237022 0.20533101045296168 0.01829929872535616 0.01118466898954703
3 0.3316632117496582 0.20667247386759582 0.018087593172496 0.010749128919860643
3 0.5833943456975258 0.2043379790940767 0.018034666784280885 0.011811846689895494
3 0.7090151281259649 0.20299651567944255 0.018087593172496 0.011219512195121932
2 0.730794336876461 0.271184668989547 0.021951219512195017 0.015296167247386734
3 0.7125611961363737 0.9936236933797911 0.018378688307678755 0.010383275261323963
3 0.5864376130198915 0.9943031358885018 0.018868257398668004 0.010470383275261383
3 0.8376791778767698 0.9929616724738677 0.01803466678428103 0.010505226480836048
2 0.6046707537599789 0.2725261324041812 0.021501345212367066 0.015
3 0.8346359105544039 0.2020034843205575 0.018166982754818595 0.010627177700348416
2 0.8564151193049002 0.270191637630662 0.022427557006130593 0.015540069686411187
3 0.5849159793587086 0.5981533101045297 0.018378688307678755 0.011219512195121979
3 0.33343624575486264 0.5994773519163764 0.018034666784280885 0.011062717770034852
3 0.20819917964098267 0.6001393728222997 0.018087593172495926 0.011358885017421584
3 0.4593084285273233 0.598815331010453 0.018233140740087233 0.010557491289198424
2 0.35444802187624047 0.6675087108013937 0.021263176465399422 0.015592334494773657
3 0.7110395624751907 0.5971428571428571 0.01872270983107677 0.010871080139372869
2 0.22997838839147886 0.668170731707317 0.02162042958585096 0.015365853658536632
2 0.6061923874211618 0.6655052264808362 0.021183786883076827 0.015470383275261384
3 0.9607594936708862 0.20149825783972125 0.01803466678428103 0.011097560975609752
2 0.4805716049927226 0.6675087108013937 0.022255546244431733 0.016027874564459997
3 0.963286728708155 0.9922996515679443 0.01803466678428103 0.010226480836236836
2 0.8584395536541262 0.6641637630662022 0.021951219512195017 0.015069686411149709
2 0.7328187712256871 0.6655052264808362 0.02167335597406622 0.014425087108013865
3 0.83666034490363 0.5961498257839721 0.01829929872535616 0.010923344947735246
3 0.9627839280201121 0.5954703832752614 0.018378688307678755 0.010627177700348512
0 0.08421911524721035 0.9249303135888501 0.009037180787721092 0.011097560975609516
3 0.3341772151898734 0.995 0.020253164556962026 0.01