3 0.16166966346932715 0.20551792442375885 0.018249900645655563 0.010902350675975185
3 0.545531290501134 0.20144545101950354 0.01854060702762183 0.011517463846409583
3 0.28945126869802357 0.20416043328900707 0.018540607027621756 0.010859929078014167
3 0.4173620767631494 0.20246356937056736 0.018895914827802736 0.011422015250997362
3 0.8029033406685386 0.19923952792553193 0.018459855254853354 0.010737966983876343
3 0.5475985358840048 0.6047900044326241 0.018960516246017342 0.01151746384640963
3 0.4194293221460201 0.605808122783688 0.019041268018785817 0.011072037067819073
3 0.6762845609677072 0.6041112588652482 0.01866980986405133 0.01073796698387639
3 0.1633493003429096 0.6075049867021277 0.01818529922744085 0.011379593653036296
2 0.31322459060103686 0.6753795434397163 0.022529744602380147 0.016438369209884816
3 0.2912601084080354 0.6068262411347518 0.018459855254853354 0.010658426487699444
2 0.4413938043390215 0.6753795434397163 0.02214213609309179 0.015992942431294257
2 0.185313782535911 0.6760582890070922 0.02240054176595072 0.016502001606826296
3 0.805487397397127 0.6030931405141844 0.018815163055034407 0.010372080701462777
2 0.5703382350955827 0.6740220523049646 0.022885052402561057 0.015335407662898887
3 0.674734126930554 0.1999182734929078 0.018395253836638748 0.010250118607324908
2 0.6985074488335673 0.6733433067375886 0.02248129353871912 0.015568726451684445
2 0.826676662571552 0.6726645611702128 0.023046555948097857 0.016247472019060374
3 0.9310725544065234 0.19805172318262412 0.018960516246017488 0.011072037067819167
0 0.04105881566246355 0.9360178413120567 0.00961753613671496 0.010987193871897035
2 0.05934101701722648 0.276277149822695 0.015891948880818667 0.015992942431294354
3 0.9336566111351118 0.6024143949468085 0.018750561636819513 0.010780388581837315
2 0.3111573452181661 0.2728834219858156 0.02227133892952129 0.016820163591533703
2 0.1835049428258991 0.27441059951241137 0.022239038220413915 0.016883795988475184
2 0.6964402034506966 0.2693200077570922 0.022739699211577834 0.016311104416001757
2 0.5677541783669943 0.270338126108156 0.022610496375148476 0.016438369209884722
2 0.4395849646290096 0.2722046764184397 0.022012933256662436 0.01569599124556741
2 0.06160206665474133 0.6767370345744681 0.01517325810318001 0.016311104416001854
2 0.8246094171886813 0.2686412621897163 0.022142136093091937 0.016183839622118796