3 0.17735632690865785 0.21231707317073173 0.017743571649098056 0.010435540069686434
3 0.5531998412208353 0.20797909407665505 0.01829929872535616 0.011062717770034852
3 0.30246107705200026 0.21114982578397212 0.017889119216689436 0.010383275261323963
3 0.42985489348564376 0.6046341463414635 0.01880209941339922 0.011132404181184559
3 0.6818506593745867 0.6029616724738677 0.018233140740087233 0.010592334494773658
3 0.5552242755700614 0.6036236933797909 0.019119657742689606 0.01139372822299644
2 0.3255105191196577 0.6729965156794425 0.02233493582675433 0.01639372822299644
3 0.1789970449433247 0.6059581881533102 0.017822961231420652 0.011010452961672475
3 0.42783045913641776 0.20947735191637634 0.018378688307678755 0.01092334494773515
3 0.3042341110572046 0.6052961672473868 0.018087593172495853 0.01043554006968634
2 0.4513827018921184 0.6723170731707317 0.021871829929872563 0.01621951219512179
3 0.8054470074537998 0.20597560975609758 0.018166982754818595 0.010505226480836238
3 0.8074714418030258 0.6019686411149826 0.018166982754818595 0.010226480836237025
2 0.5775062850086006 0.6716550522648084 0.022387862214969297 0.015470383275261384
2 0.7031270674370397 0.670993031358885 0.022202619856216476 0.015540069686411091
2 0.20040576897631546 0.6736585365853659 0.021871829929872563 0.016341463414634064
3 0.3056498919419574 0.9965156794425087 0.018524235875270134 0.006968641114982574
3 0.6793234243373175 0.20698606271777004 0.017280465752216076 0.010104529616724752
3 0.6810126582278481 0.995 0.015189873417721518 0.01
3 0.9310545582851851 0.20498257839721254 0.01829929872535616 0.01092334494773515
3 0.43135006395271913 0.9965156794425087 0.018524235875270134 0.006968641114982574
3 0.18061129978388393 0.9965156794425087 0.017201076169893696 0.006968641114982574
3 0.5544303797468354 0.995 0.020253164556962026 0.01
2 0.8287478498654788 0.6696515679442508 0.022387862214969585 0.01578397212543545
3 0.8063291139240506 0.9933333333333333 0.017721518987341773 0.013333333333333334
3 0.9330922242314649 0.6009581881533101 0.018378688307678755 0.010714285714285742
1 0.07744453755568298 0.2818466898954704 0.014766462312001053 0.015418118466899007
2 0.3237374851144534 0.2783449477351917 0.022162925065055322 0.016341463414634157
3 0.9316455696202531 0.9933333333333333 0.020253164556962026 0.013333333333333334
2 0.19850041900057339 0.28 0.021832135138711267 0.015958188153310193
2 0.8267101839191991 0.2736759581881533 0.021501345212367066 0.015714285714285646
2 0.7011026330878138 0.27466898954703833 0.02228200943853907 0.015836236933797824
2 0.5749790499713315 0.27616724738675963 0.02208353548273287 0.015905923344947722
2 0.449609667886914 0.2775087108013937 0.021832135138711267 0.015592334494773468
1 0.07908525559034976 0.6743205574912892 0.014766462312001053 0.0159581881533101
0 0.05895999647157412 0.9284146341463414 0.00942089710228026 0.010801393728222971