3 0.19794399209620822 0.2153355704697987 0.017336388103430668 0.01043624161073827
3 0.43966971008074135 0.21276845637583894 0.01793683780192825 0.01102348993288589
3 0.5614460191462544 0.2111577181208054 0.0174130412564303 0.011275167785234904
3 0.31862160596872563 0.21404362416107384 0.017413041256430374 0.010318791946308727
3 0.6846915136442614 0.59251677852349 0.017540796511430007 0.010083892617449616
3 0.8045131673082822 0.20939597315436242 0.017336388103430595 0.010083892617449663
3 0.44162436548223355 0.5944463087248323 0.01793683780192825 0.01060402684563769
3 0.5629152045787484 0.5931711409395973 0.01885667563792459 0.010771812080536923
3 0.19941317752870238 0.5954194630872484 0.017208632848431177 0.010906040268456346
3 0.3200907914012197 0.5947651006711411 0.017272510475930924 0.010083892617449616
2 0.34087657138963656 0.6602852348993289 0.021399005212414342 0.015369127516778462
3 0.8069532926787722 0.5918791946308725 0.01793683780192825 0.009513422818791924
2 0.4624101454706504 0.6596476510067114 0.021041290498415806 0.014848993288590578
2 0.2200839777876197 0.6602852348993289 0.021194596804415218 0.014966442953020001
3 0.6827368582427691 0.2100335570469799 0.017004224440432057 0.009848993288590601
2 0.5844291895206623 0.659010067114094 0.02148843389091405 0.014278523489932885
2 0.827010867713692 0.6570805369127517 0.02178227097741273 0.015134228187919424
3 0.9257912308792968 0.2082718120805369 0.017540796511429715 0.010352348993288558
2 0.7057200286171772 0.6577181208053692 0.021399005212414484 0.014446308724832307
3 0.3220454468027119 0.9743791946308726 0.01727251047593096 0.010167785234899232
3 0.44309355091472763 0.9743791946308726 0.017809082546928836 0.010050335570469996
3 0.6856624535822574 0.9730872483221479 0.017540796511429715 0.010318791946308845
3 0.5643843900112425 0.9737248322147652 0.01766855176642942 0.010083892617449616
1 0.10123326406159508 0.28213087248322155 0.014806834054440771 0.01520134228187923
3 0.8074387626477703 0.9718120805369129 0.017885735699928542 0.009882550335570764
3 0.9282441317752872 0.5909228187919463 0.017745204919429127 0.01023489932885904
3 0.2016105679146936 0.9737248322147652 0.017668551766429275 0.010234899328858849
2 0.3391646509726434 0.2792449664429531 0.020926310768916243 0.01585570469798654
2 0.7037653732156851 0.2757046979865772 0.02178227097741273 0.01520134228187923
2 0.46069822505365726 0.27859060402684566 0.021322352059414778 0.014899328859060385
2 0.21837205737062654 0.2808389261744967 0.020951861819916172 0.01573825503355702
2 0.5824745341191702 0.2769966442953021 0.02136067863591463 0.015134228187919424
1 0.10245971450959017 0.6615771812080538 0.01492181378394033 0.015369127516778462
3 0.9282441317752872 0.9711577181208054 0.016812591557932934 0.010117449664429614
2 0.8250434367866998 0.2750671140939598 0.02107961707491566 0.015016778523489904
0 0.08356471229516574 0.9069295302013423 0.009032296528463869 0.010234899328858849