3 0.1917525773195876 0.21387442678343618 0.01658619339684194 0.009895528048822584
3 0.6869502805689677 0.2079957245802158 0.016273000130497133 0.011154018549805194
3 0.438914263343338 0.21001275730096883 0.016468745921962683 0.01196427955728717
3 0.5630562442907477 0.20865082922456296 0.01653399451911772 0.011585008447402
3 0.19325329505415634 0.6019894493673067 0.016273000130497203 0.011464331276074807
3 0.3162730001304972 0.6016618970451333 0.01560746443951462 0.011205737337516829
3 0.6889468876419157 0.5993517911940144 0.01665144199399705 0.01094714339895885
3 0.9352211927443559 0.2058407750922318 0.017434425159858966 0.011154018549805194
3 0.4409891687328722 0.6006620004827086 0.016716690591152234 0.011550529255594386
3 0.8118360955239461 0.5986794469537633 0.016273000130497133 0.009998965624245756
3 0.5645569620253164 0.6000068958383615 0.017643220670755553 0.01110229976209375
3 0.9372308495367349 0.5976967899872426 0.016273000130497133 0.01094714339895885
2 0.33575623124102827 0.2792642140468227 0.020566357823306763 0.015377719546253853
2 0.8318152159728565 0.2739888977002379 0.020762103614772313 0.014963969244560877
2 0.21261907868980814 0.28009171465020855 0.020409761190134393 0.015498396717580997
2 0.5840401931358475 0.27597145122918315 0.020709904737048167 0.014395062579733192
2 0.7084301187524468 0.27514395062579733 0.021975727521858293 0.014912250456849244
2 0.4601461568576275 0.27843671344343685 0.020996998564530973 0.01456745853877178
2 0.21461568576275608 0.669965176016274 0.020331462873548173 0.015136365203599657
2 0.33750489364478664 0.6692928317760232 0.021401539866892822 0.015498396717580902
2 0.7104267258253947 0.6673275178429816 0.02172778285266874 0.015257042374926802
2 0.09027795902388099 0.28190187222011515 0.019796424376875885 0.015257042374926802
2 0.4613989299230066 0.668637727131676 0.020892600809082534 0.015084646415888024
2 0.5860368002087954 0.6683101748095025 0.021401539866892822 0.015205323587215169
3 0.19549784679629387 0.990690618211909 0.01731697768497978 0.010360997138227001
2 0.8338118230458046 0.6666551736027306 0.021244943233720524 0.015205323587215169
3 0.6899386663186742 0.9901389511429851 0.017917264778807177 0.010602351480881293
3 0.4429074774892339 0.99136296245216 0.017643220670755553 0.010602351480881293
3 0.5665535690982643 0.990690618211909 0.017838966462220957 0.010326517946419245
3 0.813832702596894 0.9893804089232147 0.016912436382617784 0.0100506844119572
3 0.31826960720344505 0.990690618211909 0.016651441993997124 0.009930007240630244
3 0.9376484405585279 0.9873978553942695 0.016716690591152092 0.010154121987380848
2 0.0904084562181913 0.6706202806606213 0.02017486624037584 0.013912353894424707
3 0.315007177345687 0.21166775850774058 0.016951585540910894 0.010395476330034757
3 0.8106485710557223 0.20753025549081125 0.017016834138066077 0.008861152294590195