3 0.19370272425193694 0.2151315789473684 0.018409364146406648 0.010787589089912236
2 0.21530815856265026 0.2834669682017544 0.021333768346747235 0.015289413719846531
3 0.3198835743387657 0.21378837719298247 0.018345442743120506 0.010913514254385935
2 0.34136116584290677 0.28162006578947363 0.02229258939603929 0.01632829632675443
3 0.44670363845845573 0.21244517543859648 0.01855318730380036 0.011049933182565799
2 0.4684369155757413 0.2804447642543859 0.02267611781575614 0.01620237116228073
3 0.5737793881912904 0.211437774122807 0.018265540989012792 0.011574621367872785
3 0.7011108235372696 0.2102624725877193 0.018265540989012792 0.01130178351151315
2 0.7230997862676996 0.278429961622807 0.02208484483535929 0.015404845120614064
3 0.8279308876569595 0.20925507127192983 0.018265540989012792 0.010787589089912236
2 0.5962797221480096 0.2801089638157894 0.021909060976322437 0.015111019736842101
3 0.5758248730964467 0.6100328947368421 0.018265540989012792 0.011259808456688537
3 0.32141768801763293 0.611376096491228 0.018265540989012792 0.011175858347039404
2 0.8499198503873897 0.27759046052631575 0.022947783779722133 0.015772126850328902
3 0.44874912336361206 0.6110402960526315 0.018265540989012792 0.010708885862116138
3 0.1954925235439487 0.612047697368421 0.018617108707086574 0.011259808456688537
2 0.3431509651349185 0.6798793859649123 0.022004943081251723 0.01553077028508767
3 0.7031563084424258 0.6090254934210526 0.018984656775981924 0.011175858347039404
2 0.47022671486775314 0.6792077850877193 0.02242043220261157 0.016013483415570136
2 0.5973024646005877 0.6785361842105263 0.021413670100854876 0.015404845120614064
2 0.21748148627437883 0.6805509868421052 0.021701316415642515 0.015352376302083333
2 0.7246338999465669 0.6778645833333333 0.021749257468107012 0.014428925095943063
3 0.8299763725621159 0.6080180921052631 0.018553187303800504 0.010913514254385935
3 0.9552623230029388 0.20858347039473685 0.018409364146406502 0.011396227384868401
2 0.851453964066257 0.6761855811403509 0.02224464834357472 0.014932625753837669
3 0.9573078079080951 0.6076822916666667 0.018553187303800504 0.010955489309210597