2 0.8289655231151841 0.6891946308724832 0.021156270227915365 0.01395973154362423
2 0.7076746840186693 0.6898322147651007 0.020325861070418876 0.013473154362416154
2 0.3433166967601268 0.6923993288590605 0.020453616325418148 0.014127516778523462
2 0.46436480087214266 0.6911241610738256 0.020760228937416976 0.014278523489932885
2 0.22252410315810994 0.6923993288590605 0.01915051272442342 0.013691275167785193
2 0.5858983749531566 0.6904697986577182 0.01990426872892049 0.013070469798657693
2 0.10068391646509726 0.3136073825503356 0.01998092188192005 0.014563758389261732
2 0.22081218274111677 0.3129697986577182 0.019865942152420563 0.013691275167785288
2 0.5844291895206623 0.3086241610738255 0.0194826763874221 0.013590604026845672
2 0.8274963376826902 0.3066946308724832 0.02083688209041654 0.014077181208053654
2 0.7057200286171772 0.30766778523489935 0.020095901611419754 0.013640939597315386
2 0.4628956154396484 0.3094295302013423 0.020453616325418148 0.014077181208053654
2 0.34136204135863457 0.3113590604026846 0.020376963172418584 0.014513422818791923
2 0.10245971450959017 0.693036912751678 0.020453616325418183 0.014681208053691346
3 0.5658407999182368 0.625285234899329 0.01630157053793484 0.01043624161073827
3 0.4435790208837257 0.6259228187919463 0.016608183149933523 0.010167785234899232
3 0.4421098354512316 0.24520134228187918 0.016876469185432497 0.010771812080536923
3 0.32204544680271185 0.6265604026845638 0.016876469185432497 0.010570469798657693
3 0.6871316390147516 0.623993288590604 0.01687646918543264 0.01043624161073827
3 0.5634006745477464 0.24343959731543624 0.01668483630293323 0.010805369127516732
3 0.9277586618062891 0.24119127516778524 0.015803325043436744 0.010083892617449616
3 0.3208317718802167 0.2461577181208054 0.015867202670936487 0.010083892617449616
3 0.6851769836132595 0.24246644295302014 0.016493203420434106 0.010469798657718172
3 0.8079370081422683 0.6230369127516778 0.016493203420434106 0.01023489932885904
3 0.19989864749770042 0.24760067114093962 0.016365448165434546 0.010687919463087212
3 0.2016105679146936 0.6268959731543625 0.016876469185432497 0.01043624161073827
3 0.8064678227097742 0.2418288590604027 0.01586720267093674 0.009966442953020098
3 0.9297133172077814 0.6223993288590605 0.01612271318093528 0.010117449664429425
0 0.08325809968316697 0.9056543624161075 0.008891765747964428 0.010805369127516921