3 0.3045179701627487 0.9831772648083624 0.018583028616085198 0.010550894388338368
3 0.681623654787633 0.982510344076655 0.018377254023232436 0.010634259479801737
3 0.18016680082035905 0.9831772648083624 0.01851971335674593 0.010634259479801737
3 0.4296289226172099 0.9831772648083624 0.01844056928257185 0.010592576934070242
3 0.5560061802584573 0.9831772648083624 0.01851971335674586 0.01047273961509139
2 0.19726192084197064 0.2655705574912892 0.02117895424899659 0.015245391101371979
3 0.17598799370396506 0.19787810322299654 0.01851971335674593 0.01067073170731708
3 0.8072411293168086 0.9818434233449477 0.01809233535620559 0.010389374523628021
2 0.19954127017818551 0.6590537891986064 0.02162216106437175 0.015297494283536632
2 0.5757605411723196 0.6577199477351917 0.021289755952840453 0.015182867282774359
3 0.30097231563974775 0.19621080139372823 0.0178865607633529 0.01067073170731708
2 0.7018845377762096 0.6563861062717771 0.021748791583050212 0.014776462461890294
2 0.32224624277775327 0.2637365254790941 0.021574674619867226 0.016339557926829305
2 0.4498898056057866 0.6577199477351917 0.022334457731938935 0.015839367378048717
3 0.42658979016892346 0.1950436901132404 0.01851971335674586 0.010972930163871932
2 0.3240190700392538 0.658386868466899 0.021368900027014536 0.015776843559451283
2 0.44811697834428615 0.26273614438153314 0.022033710250077203 0.016277034108231683
3 0.6785845223393464 0.19220927700348434 0.018029020096866324 0.01109797780106708
2 0.7003649715520663 0.2607353821864112 0.021748791583050212 0.015474645102896338
3 0.5529670478101707 0.1937098486498258 0.0178865607633529 0.011577327076981685
2 0.5742409749481763 0.26173576328397213 0.021099810174822507 0.015422541920731685
3 0.8042019968685221 0.19170908645470383 0.0178865607633529 0.010472739615091485
3 0.17776082096546555 0.5906944141986064 0.018029020096866324 0.011493961985518315
2 0.825982446081242 0.25973500108885017 0.021748791583050212 0.015537168921493863
2 0.8280085343800998 0.6550522648083624 0.021796278027554877 0.014776462461890294
3 0.9303259934724122 0.19104216572299654 0.01809233535620559 0.010972930163871932
3 0.3027451429012482 0.590027493466899 0.01782324550401356 0.011097977801067032
3 0.680610610638204 0.5876932709059234 0.01829810994905828 0.011056295255335347
3 0.554486614034314 0.5886936520034843 0.017744101429839478 0.01131681116615861
3 0.4288691395051383 0.5893605727351917 0.018234794689719013 0.010670731707317032
3 0.9328586038459843 0.9805095818815333 0.01809233535620559 0.010071545112423716
3 0.8062280851673798 0.5866928898083624 0.018029020096866324 0.010879144435975641
3 0.9323520817712698 0.586025969076655 0.01829810994905828 0.010712414253048716