2 0.10340510339658637 0.2799832214765101 0.018677818280925285 0.012802013422818751
1 0.20261983442918952 0.21322147651006712 0.01589275372193645 0.009647651006711371
1 0.8108498279562568 0.5873657718120806 0.01587997819643645 0.008640939597315385
1 0.323029162266208 0.21067114093959732 0.016608183149933595 0.010318791946308702
1 0.44406449085272376 0.20939597315436242 0.01700422444043191 0.010771812080536876
1 0.5659430041222363 0.20795302013422823 0.017068102067931766 0.011073825503355698
1 0.6871316390147516 0.2066610738255034 0.017004224440432057 0.010654362416107356
1 0.8084224781112663 0.20617449664429532 0.016365448165434403 0.01020134228187923
1 0.6890862944162437 0.5877013422818792 0.017885735699928542 0.01043624161073827
1 0.5682937008142268 0.5883557046979866 0.017745204919428985 0.01124161073825519
2 0.2233800633666065 0.2776342281879195 0.021117943651415585 0.015436241610738269
2 0.10484873777808061 0.6561073825503356 0.021156270227915365 0.015134228187919424
2 0.8294509930841822 0.2726510067114094 0.02136067863591449 0.01550335570469798
1 0.4462746567642149 0.5889932885906042 0.017885735699928396 0.010906040268456346
2 0.3438149422546248 0.2761912751677853 0.020632473682417416 0.015553691275167788
2 0.7086583994821655 0.27313758389261744 0.021002963921915953 0.015251677852348943
1 0.9301987871767793 0.5848154362416108 0.018077368582427953 0.010973154362415964
1 0.9292150717132832 0.20602348993288594 0.016812591557932934 0.01020134228187923
2 0.4650930058256397 0.27474832214765105 0.021322352059414778 0.015922818791946347
2 0.22472149354410115 0.6557885906040269 0.020926310768916316 0.01501677852349
1 0.32400010220420405 0.5899496644295303 0.017809082546928836 0.010855704697986539
2 0.5868820904166525 0.2737751677852349 0.021322352059414778 0.01550335570469798
2 0.8314056484856744 0.652265100671141 0.020721902360917123 0.01501677852349
1 0.2041784485401833 0.590268456375839 0.017413041256430374 0.010939597315436155
2 0.7101148093891596 0.6535402684563759 0.02045361632541829 0.014848993288590578
2 0.34552686267161786 0.6557885906040269 0.020479167376418 0.015436241610738269
2 0.4670604367526318 0.6551510067114095 0.02136067863591463 0.015503355704698076
2 0.5883385003236467 0.6538590604026846 0.021002963921916095 0.015083892617449616