2 0.4650033032102309 0.30003294379029755 0.020841000893090097 0.014735519345520247
2 0.5886442972726086 0.2993729905096024 0.02037266379436906 0.014178683764933767
3 0.4437720214015398 0.23370763908043996 0.017234805232937526 0.010858293821436603
2 0.71303463069294 0.29821807226838604 0.020450719977489377 0.014013695444760024
3 0.3213799262690852 0.6258848761335034 0.016594744531351964 0.010600499571165128
3 0.567662795249902 0.2325527208392235 0.017312861416057698 0.010858293821436603
3 0.1963651433837922 0.23601747556287278 0.01704747039344904 0.011105776301697219
2 0.09701523350841706 0.6935300874047511 0.020559998633857476 0.015024248905824393
3 0.6915535690982644 0.23123281427783332 0.01671963442434424 0.010399420055953283
3 0.19811360188568444 0.6265448294141984 0.016969414210328864 0.010322081780871746
3 0.9398346763669579 0.22991290771644313 0.015962489448078418 0.010363328860915276
3 0.4452707001174474 0.6252249228528083 0.016532299584855824 0.010641746651208565
3 0.8159439025185957 0.23073784931731198 0.016391798455239512 0.010121002265659996
3 0.6935518073861411 0.6235750396510704 0.01778119851477888 0.010600499571165128
2 0.21909510390839093 0.6928701341240561 0.019951160405520054 0.01434367208510751
3 0.5696610335377789 0.6242349929317657 0.016469854638359687 0.010641746651208565
3 0.8174425812345034 0.6225851097300278 0.017312861416057555 0.00981164916533413
3 0.9413333550828655 0.6219251564493328 0.016782079370840378 0.009775557970296219
2 0.8374249641132714 0.2973931306675171 0.020762944709970067 0.014281801465042451
2 0.3408627495758841 0.30168282699203525 0.02080977841984203 0.014735519345520247
2 0.3426112080777763 0.6928701341240561 0.020841000893090243 0.014281801465042357
3 0.31988124755317754 0.23486255732165634 0.015845405173398157 0.009888987440415668
2 0.21759642519248334 0.303332710193773 0.020325830084496954 0.014457101555227054
2 0.5906425355604854 0.6915502275626658 0.020638054816977648 0.013694030574423394
2 0.7145333094088476 0.6902303210012757 0.020716111000097966 0.013797148274531984
2 0.4667517617121231 0.692210180843361 0.020887834602962344 0.01484894881563979
2 0.8389236428291791 0.6895703677205806 0.021777675090532318 0.014395230935161806
2 0.09501699522054026 0.3046526167551632 0.019951160405520016 0.014735519345520247
0 0.07709529557614511 0.9139544831569146 0.009515048722350915 0.010858293821436603