2 0.46988274826624715 0.31720070422535207 0.021904268249088484 0.01619718309859157
2 0.34235808250518335 0.31871478873239434 0.022239400872238607 0.015580985915493006
2 0.597152713233717 0.31635563380281684 0.021957889468792374 0.01540492957746475
2 0.8522020447558447 0.3141725352112676 0.02215896904268248 0.01533450704225345
3 0.19573085722456565 0.6508098591549296 0.01764138128261961 0.011214788732394444
2 0.7249320797883747 0.3148415492957747 0.02195788946879252 0.015105633802816858
3 0.44807231715164075 0.2492957746478873 0.017641381282619467 0.010985915492957759
2 0.4716790591263316 0.7182218309859154 0.02215896904268248 0.015880281690140805
2 0.09218828197612067 0.7202288732394365 0.021408271966826355 0.01612676056338027
2 0.3444224994637878 0.7188908450704224 0.022319832701794447 0.01540492957746475
3 0.7028669478801745 0.2462676056338028 0.017708407807249547 0.010580985915492912
3 0.32081575748909696 0.2503169014084507 0.017105169085579453 0.010334507042253544
2 0.21586562522342173 0.31989436619718303 0.021542325016086338 0.015105633802816858
3 0.8316785229141345 0.6467781690140845 0.017373275184099424 0.01045774647887337
2 0.21779598913276613 0.7195598591549295 0.02174340458997637 0.014929577464788698
3 0.7044085579466648 0.647781690140845 0.017909487381139507 0.011091549295774522
3 0.9568840709229998 0.24526408450704223 0.017708407807249547 0.010985915492957759
2 0.7269830914420532 0.7168661971830985 0.021622756845642393 0.014577464788732376
3 0.9584256809894902 0.645757042253521 0.017507328233359588 0.01045774647887337
2 0.5992037248873954 0.7182218309859154 0.021957889468792374 0.01545774647887318
3 0.1940551941088153 0.25165492957746477 0.017708407807249547 0.01133802816901408
3 0.5771385929791949 0.6488028169014083 0.017239222134839548 0.011514084507042147
3 0.4498686280117251 0.649806338028169 0.017239222134839548 0.010792253521126819
3 0.32234396225066136 0.650475352112676 0.017172195610209464 0.010580985915492912
3 0.8301369128476441 0.24593309859154927 0.017708407807249547 0.010616197183098563
2 0.853743654822335 0.7155105633802817 0.02237345392149863 0.015158450704225288
2 0.08976192178451417 0.32140845070422536 0.020805033245156222 0.01545774647887318
3 0.5750875813255165 0.24778169014084506 0.017172195610209464 0.01144366197183094
0 0.07179881318367055 0.9311795774647887 0.009182633874311858 0.01091549295774674