2 0.2224014381515518 0.28116807361577184 0.020204418721574458 0.014793037568162788
3 0.32571601497291597 0.973088821308725 0.017881369065236078 0.010397277422399232
3 0.20161625701589275 0.21565318267617453 0.017881369065236113 0.010808752687185385
2 0.34283322296698804 0.2794017407718121 0.020831030799928933 0.015676203990142596
3 0.2058955590144108 0.973088821308725 0.018018918058045636 0.010397277422399232
2 0.46436539972490043 0.2782777107802014 0.021151978449817796 0.01555577220532721
3 0.8108665958334753 0.9711619127516778 0.017545138193923858 0.009890460327967882
3 0.4435802185892414 0.21276281984060405 0.017606271079617142 0.0109793643823406
3 0.4467591286452833 0.973088821308725 0.017667403965310132 0.010276845637583847
3 0.6900680137038804 0.972446518456376 0.01808005094373877 0.010437421350671154
3 0.32253710491687393 0.21436857697147654 0.0170713583298023 0.010527745189282716
3 0.5653569268899261 0.21163878984899331 0.017667403965310132 0.011109832149224013
3 0.5687803684887406 0.973088821308725 0.018324582486511178 0.010437421350671154
3 0.6871336351906109 0.21051475985738258 0.017667403965310132 0.01072846483064178
2 0.7081633478690423 0.27619022651006714 0.020922730128468566 0.014622425873007595
3 0.8084212804057508 0.2095513055788591 0.01727004020830496 0.010241719700346057
2 0.5863866395683577 0.27795655935402686 0.020678198585696164 0.014281202482697116
2 0.8294509930841822 0.27538734794463093 0.021442359656860015 0.015023865155725673
3 0.32424882571628116 0.5941301384228188 0.017331173093998096 0.01072846483064173
3 0.5673131792321058 0.5928455327181209 0.017407589201114407 0.010939220454068845
3 0.20345024358668623 0.5947724412751679 0.017331173093998096 0.01114997607749577
3 0.44578100247419344 0.5938089869966443 0.017606271079617142 0.010276845637583847
2 0.34478947530916776 0.6602873322147652 0.02055593281430989 0.015023865155725768
2 0.4660771205243076 0.6602873322147652 0.021442359656860015 0.01519447685088096
2 0.22423542472234528 0.6609296350671141 0.02087688046419875 0.014793037568162692
2 0.5878538288249924 0.6596450293624162 0.02072404824996598 0.014793037568162692
3 0.6890898875327907 0.5918820784395974 0.017942501950929324 0.01068832090237
3 0.9321542410486152 0.9705196098993291 0.01727004020830496 0.00958938086592904
3 0.9301979887064356 0.2090695784395973 0.017468722086807692 0.01064817697409815
2 0.7096305371256773 0.6583604236577182 0.020922730128468566 0.013960051056522692
3 0.8103775327479305 0.5909186241610739 0.017545138193923858 0.010567889117554614
2 0.8309181823408169 0.6567546665268457 0.02107556234270148 0.014512030070260001
3 0.9321542410486152 0.5902763213087249 0.017606271079617142 0.010316989565855769
0 0.08344638897110178 0.9075739303691277 0.009070591914715919 0.010768608758913464