3 0.685440051476371 0.21459507042253514 0.017306248659469628 0.010985915492957759
3 0.8147610280975189 0.6149471830985915 0.017172195610209464 0.010545774647887356
3 0.8132194180310288 0.21392605633802816 0.016274040180167454 0.010422535211267625
3 0.30518517194537786 0.618644366197183 0.017788839636805606 0.010915492957746551
3 0.5602210981625795 0.6173063380281689 0.017507328233359445 0.010704225352112833
3 0.9415081861728747 0.6139260563380281 0.01705154786587549 0.010422535211267625
3 0.43244173160792154 0.6183098591549295 0.017574354757989526 0.01045774647887337
3 0.17713769929219988 0.2196654929577465 0.01683706298705941 0.010985915492957759
3 0.9404893829984986 0.21325704225352113 0.0165823621934652 0.010492957746478833
3 0.17893401015228422 0.6189788732394366 0.017172195610209464 0.010950704225352107
3 0.30313416029169943 0.21797535211267605 0.017306248659469486 0.01073943661971839
3 0.6874910631300493 0.6159507042253521 0.018056945735325573 0.010985915492957854
3 0.43064542074783724 0.21695422535211265 0.017574354757989526 0.010915492957746456
2 0.7075051833845712 0.2828345070422535 0.020965896904268335 0.014419014084506993
2 0.07476138557231714 0.68806338028169 0.020885465074712242 0.01522887323943659
3 0.5586928934010151 0.21577464788732395 0.01705154786587549 0.011091549295774711
2 0.5797258168299134 0.2850352112676056 0.020805033245156222 0.013714788732394444
2 0.4529786587545578 0.28570422535211265 0.02140827196682639 0.014471830985915517
2 0.32519929219989985 0.28721830985915486 0.021622756845642393 0.01540492957746475
2 0.8347751483520411 0.2823415492957746 0.021622756845642393 0.014419014084506993
2 0.1988274826624723 0.2885739436619718 0.020965896904268262 0.014577464788732376
2 0.7095561950382496 0.6847007042253521 0.021006112819046328 0.014084507042253449
2 0.4545068635161221 0.6860387323943662 0.022038321298348502 0.015052816901408429
2 0.5817768284835919 0.6853697183098592 0.021126760563380302 0.01420774647887337
2 0.32725030385357834 0.6867077464788732 0.021247408307714277 0.01477112676056341
2 0.07271037391863873 0.28957746478873236 0.021086544648602275 0.01570422535211274
2 0.8368261600057195 0.6833450704225351 0.022319832701794735 0.014419014084507088
2 0.20048974047329662 0.68806338028169 0.02076481733037823 0.01420774647887337