3 0.5809644670050762 0.6440526315789473 0.01777985573069725 0.012789473684210483
3 0.3265562383115148 0.6457368421052632 0.017245524979962675 0.01038596491228058
2 0.09720812182741116 0.715578947368421 0.02119957253539941 0.016385964912280806
3 0.453633449104996 0.6450701754385965 0.01772642265562384 0.010578947368420966
3 0.2006411969008816 0.6464035087719298 0.01757948169917184 0.010578947368420966
2 0.3485573069730163 0.7142456140350877 0.021880844242586163 0.01564912280701738
3 0.9609137055837564 0.6410350877192982 0.01772642265562384 0.010666666666666819
3 0.8341036601656424 0.6420350877192982 0.017178733636120654 0.010456140350877188
2 0.4753673523911301 0.7142456140350877 0.022121293080416743 0.015526315789473794
2 0.6024445631846113 0.713561403508772 0.02166711194229236 0.01510526315789472
2 0.22249532460593108 0.7149122807017544 0.021546887523377 0.015403508771929827
3 0.7072802564787604 0.6433859649122807 0.01772642265562384 0.010754385964912292
2 0.7297755810846913 0.7122280701754385 0.02178733636120765 0.014877192982456221
2 0.2209591236975688 0.31766666666666665 0.021413304835693318 0.015526315789473699
2 0.34676729895805497 0.31682456140350873 0.021787336361207506 0.013929824561403544
2 0.8560913705583757 0.7115614035087718 0.022802564787603532 0.016070175438596457
2 0.09536468073737643 0.31884210526315787 0.02002404488378307 0.016333333333333352
1 0.4735773443761688 0.31682456140350873 0.020812182741116868 0.01117543859649127
0 0.076890195030724 0.9331754385964911 0.009190488912636924 0.01087719298245626