2 0.10227531776458115 0.6917601719798658 0.020280834828690843 0.014562209980599808
3 0.8079322173202059 0.6223914639261745 0.016123798601558964 0.00969977666867654
2 0.46436539972490043 0.6898332634228188 0.020953296571315064 0.014231022572357309
2 0.3430777545097605 0.6911178691275168 0.02087688046419875 0.014180842662017691
3 0.686644572105066 0.6233549182046981 0.01675041067991351 0.010477565278942886
2 0.5858975764828127 0.6898332634228188 0.020372534157230476 0.013799475343435385
2 0.7076742847834976 0.6885486577181209 0.020448950264346934 0.013799475343435385
3 0.5658459899754711 0.6243183724832215 0.0161849314872521 0.010316989565855769
3 0.20124945970173408 0.6262452810402686 0.016949092558416097 0.0103571334941275
3 0.3222925733741015 0.6256029781879195 0.016368330144331512 0.010161431843802499
3 0.9297089256208906 0.6211068582214765 0.016490595915717787 0.009223067520448845
2 0.22215690660877938 0.6911178691275168 0.01966950597175969 0.014231022572357309
3 0.4433356870464689 0.6249606753355705 0.016612861687103915 0.010477565278942886
2 0.8284728669130925 0.6879063548657719 0.0213965099925902 0.014281202482697116
2 0.10031906542240146 0.3134437919463087 0.019944603957378734 0.014622425873007595
2 0.34136603371035334 0.31119573196308725 0.020800464357082292 0.014512030070260095
2 0.5844303872261779 0.3086265205536913 0.019898754293108844 0.013899835164114905
2 0.46265367892549314 0.30942939911912754 0.020403100600077117 0.014120626769609904
3 0.806954091149116 0.24166644819630875 0.01586398383736324 0.009699776668676633
2 0.22068971735214463 0.31248033766778527 0.02017385227872789 0.014180842662017596
3 0.19978227044509933 0.24696544672818793 0.016689277794220372 0.010608033045826346
3 0.9277526732787109 0.2408635696308725 0.01586398383736324 0.010005874121749135
2 0.8270056776564576 0.3066996119966443 0.020724048249965835 0.013899835164114905
3 0.3205808525746942 0.24584141673657722 0.016368330144331474 0.010005874121749135
2 0.7057180324413179 0.30750249056208057 0.020128002614457928 0.013899835164114905
3 0.4421130293326066 0.24455681103187923 0.01713249121549551 0.010608033045826346
3 0.5634006745477464 0.24327220532718125 0.01720890732261182 0.010567889117554519
3 0.6846883197628864 0.24214817533557048 0.016368330144331512 0.010121287915530578
0 0.0831407245426362 0.9062893246644296 0.00875728587553871 0.010899076525796924