3 0.4438856334957245 0.6195637583892618 0.016735938404933082 0.0075
2 0.10050505910809798 0.30766778523489935 0.019597656116921623 0.014228187919463077
0 0.08387132490716454 0.9075671140939598 0.00868735733996526 0.00996644295302038
3 0.5653553299492385 0.6179026845637584 0.016748713930433083 0.010117449664429425
3 0.3225309167717099 0.6194966442953022 0.016046060027935828 0.00936241610738269
3 0.6871316390147516 0.6169295302013423 0.016493203420434106 0.009328859060402503
3 0.2016105679146936 0.6204697986577181 0.016186590808435278 0.010117449664429425
3 0.8079370081422683 0.6159731543624162 0.015445610329438208 0.008942953020134231
3 0.6851769836132595 0.2354026845637584 0.01570112083943704 0.009228187919463077
3 0.5629152045787484 0.23733221476510066 0.016493203420433963 0.010604026845637595
3 0.4421098354512316 0.23828859060402688 0.015739447415937035 0.010117449664429519
2 0.2206844274861173 0.3062248322147651 0.020095901611419612 0.014395973154362404
3 0.3208317718802167 0.2397315436241611 0.016186590808435243 0.009781879194630866
2 0.10228085715259089 0.6853355704697986 0.02060692263141756 0.015671140939597306
3 0.8064678227097742 0.23508389261744972 0.01586720267093674 0.009161073825503366
3 0.20026913773719893 0.24119127516778524 0.016365448165434546 0.01
2 0.8274963376826902 0.300755033557047 0.020721902360917123 0.014848993288590672
2 0.34136204135863457 0.30493288590604034 0.021731168875413022 0.01479865771812077
2 0.46265288045514946 0.3038087248322148 0.02083688209041654 0.015083892617449711
2 0.5844291895206623 0.30268456375838926 0.020632473682417416 0.014395973154362404
2 0.7057200286171772 0.3017281879194631 0.02083688209041654 0.014563758389261732
2 0.22239634790311044 0.6853355704697986 0.020479167376418146 0.014681208053691346
3 0.9292150717132832 0.6153187919463089 0.01612271318093528 0.009194630872483268
2 0.7076746840186693 0.682768456375839 0.020683575784417412 0.014513422818791923
2 0.3428312267911287 0.6846979865771813 0.0209518618199161 0.015251677852349039
2 0.4642370456171431 0.6840604026845638 0.021513984941914047 0.015369127516778462
2 0.8289655231151841 0.6814765100671142 0.02136067863591449 0.014681208053691346
2 0.5858983749531566 0.6834060402684564 0.021194596804415218 0.015083892617449616
3 0.9277586618062891 0.2341275167785235 0.016250468435934987 0.009328859060402692
3 0.6876171089837496 0.9955704697986579 0.01687646918543264 0.007416107382550384
3 0.8084224781112663 0.9949328859060403 0.016608183149933523 0.008372483221476539
3 0.5663390454127347 0.9955704697986579 0.017272510475930886 0.006895973154362309
3 0.3242428371887031 0.9955704697986579 0.017068102067931766 0.006812080536912693
3 0.4455336762852179 0.9962080536912752 0.017336388103430737 0.006409395973154233
3 0.20382073382618474 0.9955704697986579 0.01713197969543147 0.006761744966443075
3 0.9306842571457774 0.9942785234899331 0.016608183149933523 0.008171140939597308