2 0.4631427420110381 0.3083053691275168 0.020280834828690843 0.014231022572357404
2 0.5844303872261779 0.30750249056208057 0.019409691207563893 0.013689079540687885
3 0.4423575608753791 0.24343278104026847 0.01675041067991351 0.010648176974098172
3 0.6851773828484312 0.24070299391778524 0.016490595915717787 0.010241719700346057
3 0.3222925733741015 0.623997221057047 0.016872676451299674 0.010437421350671154
3 0.806954091149116 0.24038184249161076 0.015986249608749514 0.010161431843802405
2 0.7062070955268627 0.3062178848573826 0.01994460395737866 0.013899835164114905
3 0.5658459899754711 0.6223914639261745 0.016307197258638374 0.01068832090237
3 0.200149067759258 0.24584141673657722 0.016490595915717714 0.01068832090237
3 0.5638897376332913 0.241827023909396 0.017010225444109236 0.010477565278942981
3 0.9282417363642559 0.23925781250000006 0.016047382494442507 0.010437421350671154
3 0.44406928167478626 0.6236760696308725 0.0161849314872521 0.010608033045826346
2 0.3418550967958982 0.30975055054530204 0.02104499589985484 0.014231022572357404
3 0.6871336351906109 0.6217491610738256 0.016429463030024506 0.010899076525796924
2 0.10245871642166049 0.6904755662751679 0.020372534157230515 0.014341418375104808
3 0.20161625701589275 0.624639523909396 0.016872676451299713 0.010648176974098079
2 0.2224014381515518 0.6898332634228188 0.02005158650734169 0.014010230966862498
3 0.3208253841174668 0.24439623531879198 0.01598624960874955 0.010241719700346057
3 0.9301979887064356 0.6198222525167786 0.01675041067991351 0.009333463323196345
2 0.343322286052533 0.6891909605704699 0.020953296571315064 0.014180842662017691
2 0.8279838038275475 0.30509385486577184 0.020479516707193574 0.014010230966862405
2 0.2210565146663033 0.31151688338926176 0.020021020064495118 0.013849655253775192
3 0.8079322173202059 0.6204645553691276 0.01694909255841595 0.00973992059694846
2 0.5863866395683577 0.6885486577181209 0.02017385227872789 0.013960051056522692
2 0.7076742847834976 0.6872640520134229 0.02052536637146339 0.013960051056522692
2 0.46460993126767286 0.6885486577181209 0.020754614692812475 0.014451814177852308
2 0.8289619299986373 0.6859794463087249 0.02132009388547374 0.014010230966862498
2 0.10068586273656016 0.312319761954698 0.01974592207887611 0.014622425873007595
0 0.083568654742488 0.9069316275167787 0.008894834868348203 0.010316989565855769