3 0.4423575608753791 0.24519911388422821 0.017132491215495364 0.010477565278942981
3 0.2003935993020305 0.2476077495805369 0.016184931487252172 0.010608033045826346
3 0.9282417363642559 0.2408635696308725 0.01586398383736324 0.010121287915530578
3 0.3222925733741015 0.626566432466443 0.017071358329802337 0.010161431843802499
3 0.806954091149116 0.24166644819630875 0.01592511672305652 0.010121287915530578
3 0.3208253841174667 0.24600199244966447 0.016429463030024613 0.009930604256239518
3 0.566335053061016 0.6249606753355705 0.01675041067991351 0.010276845637583847
2 0.7062070955268627 0.3083053691275168 0.020021020064495118 0.013899835164114905
3 0.6851773828484312 0.24230875104865773 0.01655172880141078 0.010728464830641826
3 0.20198305433005148 0.6268875838926175 0.01675041067991344 0.010046018050020962
3 0.6871336351906109 0.623997221057047 0.01733117309399795 0.010437421350671154
2 0.5844303872261779 0.3092688234060403 0.019455540871833852 0.013689079540687885
3 0.5634006745477464 0.24359335675335572 0.017331173093998096 0.010728464830641826
2 0.10245871642166049 0.6917601719798658 0.020525366371463318 0.014853253460570386
3 0.44431381321755875 0.625924129614094 0.01655172880141078 0.010121287915530578
3 0.8084212804057508 0.622712615352349 0.01655172880141078 0.009930604256239425
2 0.22276823546571053 0.6911178691275168 0.019791771743145965 0.013899835164114999
2 0.34356681759530544 0.6911178691275168 0.020678198585696164 0.014120626769609809
2 0.3416105652531258 0.3119986105285235 0.020448950264346934 0.014793037568162788
2 0.46363180509658297 0.3108745805369128 0.0199751704002253 0.014231022572357404
2 0.8274947407420026 0.30750249056208057 0.020922730128468566 0.013849655253775192
2 0.5863866395683577 0.6898332634228188 0.02032668449296066 0.013428144006921154
3 0.9306870517919805 0.6220703125000001 0.01661286168710406 0.009293319394924424
2 0.7081633478690423 0.6885486577181209 0.0199751704002253 0.013749295433095578
2 0.4650989943532178 0.6904755662751679 0.020922730128468566 0.014180842662017691
2 0.22117878043768954 0.3134437919463087 0.020280834828690843 0.014180842662017596
2 0.8294509930841822 0.6872640520134229 0.021610475092516106 0.014180842662017691
2 0.10068586273656016 0.31456782193791955 0.020128002614458074 0.014853253460570481