3 0.20161625701589275 0.9743734270134229 0.01760627107961707 0.010201575772074421
3 0.19807054964569212 0.21725893980704702 0.01754513819392393 0.009815190462458077
3 0.9282417363642559 0.9711619127516778 0.01675041067991351 0.010121287915530578
3 0.6856664459339761 0.973088821308725 0.017606271079617142 0.010201575772074421
3 0.4435802185892414 0.9743734270134229 0.01812590060800859 0.010161431843802499
3 0.807443154234661 0.971804215604027 0.01774382007242659 0.009664650731438846
3 0.322048041831329 0.9743734270134229 0.017132491215495472 0.010316989565855769
1 0.10160285602195687 0.28389786073825507 0.0145801932378079 0.014732821675755
2 0.2203229200379859 0.6622142407718121 0.021274244221203997 0.015375124528104038
3 0.5648678638043811 0.9737311241610739 0.01788136906523604 0.010086161978292693
2 0.34112150216758086 0.6615719379194632 0.021610475092516106 0.015796635774958077
2 0.46265367892549314 0.6615719379194632 0.021121412006971155 0.01508408104813346
3 0.31862460023251454 0.2162954855285235 0.017010225444109198 0.0101212879155306
2 0.7057180324413179 0.6596450293624162 0.021121412006971298 0.014512030070260001
2 0.5844303872261779 0.6609296350671141 0.021656324756785923 0.014512030070260001
3 0.8045087757213913 0.21147821413590606 0.01733117309399795 0.009850316399695889
3 0.5614444222055668 0.2132445469798658 0.017407589201114407 0.010939220454068798
3 0.44015677699042693 0.21468972839765102 0.01794250195092918 0.010858932597525192
2 0.8270056776564576 0.6590027265100672 0.021778590528172197 0.014903433370910192
2 0.21885573078135115 0.2824526793204698 0.021197828114087613 0.015676203990142596
2 0.3396543129109461 0.28084692218959734 0.021610475092516106 0.015736419882550288
1 0.10319231104997786 0.6634988464765101 0.014083488541551323 0.014853253460570386
2 0.703761780099138 0.27747483221476515 0.021610475092516106 0.015254692743288558
3 0.1996600046737131 0.5973416526845639 0.017010225444109236 0.010437421350671154
3 0.6832211305062516 0.2122810927013423 0.01713249121549551 0.00969977666867661
2 0.5824741348839982 0.27859886220637586 0.0213965099925902 0.015194476850880866
2 0.8250494253142779 0.2766719536493289 0.0206323489214262 0.015134260958473172
3 0.32058085257469426 0.5966993498322148 0.01754513819392393 0.010086161978292693
2 0.46094195812608596 0.2802046193372484 0.020922730128468566 0.014451814177852308
3 0.6851773828484312 0.5941301384228188 0.017468722086807692 0.010241719700345963
3 0.4418684977898341 0.5960570469798658 0.017667403965310132 0.010527745189282693
3 0.806465028063571 0.5934878355704699 0.017468722086807692 0.009624506803166923
3 0.5629116114622015 0.5947724412751679 0.018156467050855087 0.010979364382340578
3 0.9257964209365313 0.2105147598573826 0.017468722086807692 0.010567889117554543
3 0.9282417363642559 0.5925243812919464 0.01788136906523604 0.010121287915530578
0 0.0839965849423398 0.9075739303691277 0.009177574464678873 0.01000587412174923