3 0.1859973810563073 0.2032241379310345 0.017560017459624655 0.01032758620689658
3 0.5579528590135312 0.19893103448275862 0.018109995635093933 0.010948275862068991
3 0.3098079441292013 0.20206896551724138 0.017704059362723696 0.010275862068965485
3 0.43588389349628986 0.5914827586206897 0.018607594936708917 0.011017241379310387
3 0.6852728066346575 0.5898275862068966 0.018044522042776154 0.010482758620689765
3 0.5599563509384549 0.5904827586206898 0.018921868179834263 0.011275862068965428
2 0.3326189436927106 0.6591379310344828 0.02210388476647751 0.01622413793103438
3 0.18762112614578788 0.592793103448276 0.01763858577040599 0.010896551724137945
3 0.4338804015713662 0.2004137931034483 0.018188563945875126 0.010810344827586154
3 0.3115626364033174 0.5921379310344828 0.017900480139676964 0.010327586206896626
2 0.4571890004364906 0.6584655172413795 0.021645569620253192 0.016051724137930896
3 0.8075905718027064 0.19694827586206898 0.01797904845045823 0.010396551724137927
3 0.8095940637276299 0.5888448275862069 0.01797904845045823 0.010120689655172441
2 0.5820078568310781 0.6578103448275862 0.022156263640331735 0.015310344827586277
2 0.7063291139240506 0.6571551724137931 0.021972937581842093 0.015379310344827483
2 0.20880838061981669 0.6597931034482759 0.021645569620253192 0.016172413793103524
3 0.3133173286774335 0.9812241379310346 0.017704059362723696 0.010448275862068689
3 0.6827717154081187 0.19794827586206898 0.01710170231340012 0.01
3 0.686281099956351 0.9805689655172415 0.018044522042776154 0.010448275862068689
3 0.9318987341772152 0.1959655172413793 0.01810999563509379 0.010810344827586154
3 0.43738978611959844 0.9812241379310346 0.018332605848974243 0.010603448275862395
3 0.19000436490615452 0.9812241379310346 0.01804452204277608 0.010724137931034647
3 0.5614622435617634 0.9805689655172415 0.018384984722828467 0.010482758620689385
2 0.8306503710170232 0.6558275862068965 0.022156263640331877 0.015620689655172366
3 0.8105892623308598 0.9785862068965517 0.01850283718900047 0.010155172413793328
3 0.9339153208206025 0.5878448275862069 0.018188563945875414 0.010603448275862017
1 0.08711916193801833 0.27203448275862074 0.014613705805325198 0.015258620689655231
2 0.33086425141859455 0.2685689655172414 0.02193365342645128 0.01617241379310343
3 0.9344129201222174 0.9779310344827588 0.017298123090353605 0.01027586206896558
2 0.20692274116106507 0.27020689655172414 0.021606285464862526 0.015793103448275947
2 0.828633784373636 0.26394827586206904 0.021278917503273768 0.01555172413793097
2 0.7043256219991272 0.2649310344827587 0.02205150589262314 0.015672413793103412
2 0.5795067656045396 0.2664137931034483 0.021855085115670088 0.015741379310344805
2 0.4554343081623745 0.26774137931034486 0.021606285464862526 0.015431034482758624
1 0.0887429070274989 0.660448275862069 0.014613705805325198 0.015793103448275853
0 0.06882584024443475 0.9119137931034483 0.009323439546049776 0.01068965517241395