2 0.4655623831151482 0.32836842105263153 0.021827411167512748 0.01614035087719297
2 0.338485172321667 0.3298771929824561 0.022161367886721985 0.015526315789473699
2 0.5923857868020304 0.32752631578947367 0.021880844242586163 0.015350877192982466
2 0.8465402083889927 0.32535087719298245 0.0220812182741115 0.015280701754385954
3 0.19237242853326206 0.6608070175438596 0.01757948169917184 0.011175438596491177
2 0.7197168047021105 0.32601754385964915 0.021880844242586305 0.015052631578947361
3 0.44382847982901413 0.2607017543859649 0.017579481699171767 0.010947368421052678
2 0.4673523911301095 0.7279824561403507 0.022081218274111646 0.01582456140350871
2 0.08919316056639058 0.7299824561403507 0.02133315522308309 0.016070175438596457
2 0.3405423457119957 0.7286491228070175 0.022241517499332033 0.015350877192982466
3 0.6977290943093776 0.25768421052631574 0.017646273043013645 0.010543859649122756
3 0.31701843441090033 0.261719298245614 0.017045150948437046 0.010298245614035105
2 0.21243654822335026 0.3310526315789474 0.021466737910766732 0.015052631578947361
3 0.8260886989046219 0.6567894736842106 0.017312316323804408 0.010421052631579074
2 0.2143601389259952 0.7293157894736841 0.021667111942292216 0.014877192982456221
3 0.6992652952177398 0.6577894736842105 0.01784664707453913 0.011052631578947208
3 0.9508549292011754 0.2566842105263158 0.017646273043013645 0.010947368421052678
2 0.7217606198236708 0.7266315789473684 0.02154688752337707 0.014526315789473566
3 0.9523911301095378 0.6557719298245615 0.01744589901148816 0.010421052631579074
2 0.5944296019235907 0.7279824561403507 0.021880844242586163 0.015403508771929827
3 0.1907026449372161 0.2630526315789473 0.017646273043013572 0.011298245614035049
3 0.5724418915308576 0.6588070175438596 0.0171787336361208 0.011473684210526282
3 0.44561848784397534 0.6598070175438596 0.0171787336361208 0.010754385964912292
3 0.31854127705049423 0.6604736842105263 0.017111942292278925 0.01054385964912285
3 0.8245524979962596 0.25735087719298244 0.017646273043013645 0.010578947368420966
2 0.8480764092973551 0.725280701754386 0.022294950574405736 0.01510526315789472
2 0.08677531391931603 0.33256140350877195 0.020732033128506563 0.015403508771929732
3 0.5703980764092973 0.25919298245614036 0.01711194229227878 0.011403508771929865
0 0.06887523376970345 0.9401929824561402 0.009150414106331809 0.01087719298245626