1 0.10373726705958507 0.7003020134228188 0.01893332879092426 0.011275167785234998
3 0.2019810581541921 0.6381208053691276 0.015931080298436304 0.009630872483221538
3 0.3222881817872109 0.6371644295302015 0.015867202670936525 0.00936241610738269
3 0.44406449085272376 0.6371644295302015 0.016186590808435136 0.009664429530201347
3 0.5658407999182368 0.6362080536912753 0.01668483630293323 0.010117449664429425
3 0.6871316390147516 0.6349161073825504 0.016365448165434403 0.009597315436241729
3 0.8084224781112663 0.6336241610738256 0.016301570537934695 0.009513422818791924
1 0.22276683814260895 0.7013926174496644 0.01930381903042283 0.011778523489932885
3 0.3210745068647157 0.25788590604026845 0.015982182400436085 0.009597315436241633
3 0.9292150717132832 0.6329865771812081 0.016301570537934695 0.009697986577181154
3 0.20039689299219846 0.25884228187919467 0.015867202670936525 0.009815436241610768
3 0.4423525704357306 0.256761744966443 0.015803325043436744 0.009731543624161058
3 0.6851769836132595 0.2537080536912752 0.015445610329438208 0.00907718120805375
3 0.5638861445167445 0.25515100671140944 0.01573944741593718 0.009932885906040289
1 0.8289655231151841 0.69753355704698 0.01998092188192034 0.013070469798657693
3 0.8069532926787722 0.25307046979865777 0.0153945082274385 0.009110738255033557
1 0.7081601539876674 0.6988255033557048 0.020198105815419174 0.012147651006711347
1 0.4641220658876436 0.700755033557047 0.020721902360917123 0.013221476510067115
1 0.3435722072701258 0.7013926174496644 0.019457125336422246 0.012516778523489999
3 0.927260416311791 0.25226510067114094 0.015445610329438208 0.009815436241610768
1 0.5858983749531566 0.7001174496644296 0.020479167376418 0.013070469798657693
2 0.827010867713692 0.3179362416107383 0.020721902360917123 0.01468120805369125
2 0.2206844274861173 0.3234060402684564 0.01953377848942188 0.014395973154362404
2 0.34136204135863457 0.3216275167785235 0.021156270227915365 0.01468120805369125
2 0.7057200286171772 0.3189093959731544 0.019904268728920343 0.014513422818791923
2 0.10123326406159508 0.3245302013422819 0.018856675637924553 0.014345637583892597
2 0.5844291895206623 0.31969798657718124 0.020249207917419024 0.014077181208053654
2 0.4628956154396484 0.320503355704698 0.020453616325418148 0.015016778523489904