3 0.16956986374565855 0.20361403508771928 0.016978359604595244 0.010070175438596512
3 0.6764760886989046 0.19763157894736844 0.016657761154154398 0.011350877192982457
3 0.42257547421854125 0.19968421052631577 0.01685813518567988 0.012175438596491214
3 0.5496526850120225 0.19829824561403508 0.016924926529521756 0.011789473684210539
3 0.17110606465402084 0.598578947368421 0.01665776115415447 0.011666666666666667
3 0.2970344643334224 0.5982456140350877 0.01597648944696775 0.011403508771929865
3 0.6785199038204648 0.5958947368421054 0.017045150948437192 0.011140350877193061
3 0.9306171520170985 0.19543859649122805 0.01784664707453913 0.011350877192982457
3 0.4246994389527117 0.5972280701754386 0.01711194229227878 0.01175438596491233
3 0.8043147208121827 0.5952105263157894 0.016657761154154398 0.010175438596491138
3 0.5511888859203847 0.596561403508772 0.01806037937483293 0.011298245614035144
3 0.9326743254074271 0.5942105263157894 0.016657761154154398 0.011140350877193061
2 0.31697835960459525 0.27015789473684215 0.021052631578947375 0.015649122807017572
2 0.8247662302965535 0.2647894736842105 0.02125300561047293 0.015228070175438594
2 0.1909297355062784 0.27099999999999996 0.020892332353726915 0.015771929824561444
2 0.5711327811915575 0.26680701754385966 0.021199572535399374 0.014649122807017629
2 0.6984637990916377 0.26596491228070174 0.02249532460593093 0.015175438596491233
2 0.4443093775046754 0.2693157894736842 0.02149345444830351 0.014824561403508766
2 0.1929735506278386 0.6677543859649123 0.020812182741116722 0.015403508771929827
2 0.31876836761955646 0.6670701754385965 0.021907560780122796 0.01577192982456135
2 0.700507614213198 0.6650701754385964 0.02224151749933218 0.015526315789473794
2 0.06569596580283195 0.2728421052631579 0.020264493721613666 0.015526315789473699
2 0.4455917713064387 0.6664035087719299 0.02138658829815654 0.015350877192982466
2 0.5731765963131178 0.6660701754385965 0.021907560780122796 0.015473684210526433
3 0.17340368688218008 0.9941403508771928 0.01772642265562384 0.01054385964912285
2 0.8268100454181138 0.6643859649122806 0.021747261554902555 0.015473684210526433
3 0.6795351322468609 0.9935789473684211 0.018340903018968752 0.010789473684210786
3 0.42612877371092706 0.9938596491228069 0.018701576275714622 0.012280701754386125
3 0.5532327010419449 0.9941403508771928 0.018260753406358413 0.010508771929824736
3 0.806358535933743 0.9928070175438596 0.017312316323804408 0.010228070175438309
3 0.2990782794549826 0.9941403508771928 0.017045150948437046 0.010105263157894721
3 0.9331017900080149 0.9907894736842104 0.017111942292278925 0.01033333333333341
2 0.06582954849051563 0.6684210526315789 0.020651883515896353 0.014157894736842232
3 0.2957387122628907 0.20136842105263156 0.017352391130109578 0.010578947368421012
3 0.8030991183542613 0.1971578947368421 0.017419182473951238 0.009017543859649113