2 0.7255016980549552 0.25691637630662023 0.021951219512195017 0.015714285714285646
3 0.2011335068142725 0.1938850174216028 0.01795527720195829 0.010714285714285694
3 0.3263705729281524 0.19222996515679444 0.01774357164909813 0.010975609756097574
2 0.8511224804833945 0.25625435540069685 0.022202619856216476 0.015662020905923366
0 0.07880739205222072 0.9116724738675959 0.009103338772989893 0.010470383275261383
2 0.47325453182199095 0.2589198606271777 0.02233493582675433 0.01627177700348426
2 0.5993781149384731 0.2580836236933798 0.021580734794689662 0.015783972125435544
3 0.45172672341551623 0.1905574912891986 0.018378688307678755 0.011393728222996533
2 0.22239668327967188 0.2620905923344948 0.021461650421205767 0.015418118466899007
2 0.3473823490495303 0.26059233449477354 0.021673355974066073 0.01653310104529614
3 0.7037224893044592 0.1882229965156795 0.018233140740087233 0.011324041811846684
3 0.20290654081947693 0.5865505226480837 0.018233140740087306 0.011219512195121979
3 0.8293432717328981 0.18738675958188156 0.017955277201958147 0.010627177700348463
3 0.57810170687602 0.18972125435540071 0.01795527720195829 0.011707317073170789
2 0.7275261324041813 0.6522299651567944 0.021752745556388814 0.014721254355400788
3 0.32787897499228164 0.5858710801393728 0.018034666784280885 0.011010452961672475
2 0.600899748599656 0.6529094076655052 0.021501345212367066 0.015365853658536632
2 0.8531469148326204 0.6505749128919861 0.021951219512195017 0.014825783972125351
3 0.9554668548493804 0.1867247386759582 0.017955277201958147 0.011132404181184654
2 0.3491553830547347 0.6542334494773518 0.021673355974066073 0.015836236933798015
3 0.45375115776474223 0.5852090592334496 0.018722709831076625 0.010505226480836238
3 0.705746923653685 0.5835365853658536 0.018656551845807556 0.011010452961672475
3 0.5796233405372029 0.5845470383275262 0.018166982754818595 0.011062717770034852
3 0.8313677060821242 0.5825435540069687 0.018233140740087233 0.010801393728223162
2 0.22468574956997311 0.6548954703832753 0.021792440347549968 0.015365853658536632
2 0.47502756582719535 0.6535714285714286 0.02255987297666816 0.016027874564459997
3 0.9574912891986064 0.5818815331010453 0.01829929872535616 0.010714285714285742
3 0.7072685573148679 0.9790243902439025 0.01872270983107677 0.010801393728222971
3 0.4550213910819036 0.9803658536585367 0.018524235875270134 0.010627177700348132
3 0.5811449741983857 0.9803658536585367 0.018868257398668004 0.010714285714285931
3 0.2051823755127244 0.9803658536585367 0.018524235875270134 0.010679442508710887
3 0.329652008997486 0.9803658536585367 0.018921183786882973 0.010749128919860596
3 0.832386539055264 0.9783623693379792 0.018166982754818595 0.010592334494773467
3 0.9585101221717461 0.9770209059233449 0.01829929872535616 0.010104529616724752