0 0.08399908016216401 0.9075671140939598 0.009032296528463869 0.010520134228188075
3 0.20614587946717547 0.9658221476510067 0.017004224440431984 0.010318791946308845
2 0.10447824753858209 0.6520469798657719 0.021156270227915365 0.016090604026845767
3 0.3259547576056962 0.9666610738255035 0.017208632848431177 0.010520134228188075
3 0.446760126733213 0.966023489932886 0.016748713930433083 0.010167785234899232
3 0.6900700098797397 0.9653859060402686 0.016748713930432937 0.009815436241610768
3 0.8108626034817566 0.9640939597315439 0.016365448165434403 0.009815436241610768
3 0.5687791707832249 0.9653859060402686 0.016953122338432203 0.010083892617449616
2 0.8309201785166764 0.6484060402684565 0.020632473682417704 0.014563758389261732
2 0.2246065138146016 0.6519295302013424 0.019904268728920343 0.01479865771812096
2 0.34478588219262085 0.6516107382550337 0.020376963172418584 0.01501677852349
2 0.4665621912581338 0.6509731543624162 0.021437331788914195 0.015318791946308655
2 0.10318791946308725 0.27426174496644296 0.019904268728920416 0.016040268456375864
2 0.8289655231151841 0.26719798657718125 0.020402514223418294 0.01468120805369125
2 0.7096293394201616 0.6493624161073825 0.020530269478417712 0.014010067114094037
2 0.5878530303546486 0.65001677852349 0.020875208666916535 0.015251677852349039
2 0.22289459339760845 0.27281879194630876 0.01994259530542027 0.014513422818791923
2 0.3435722072701258 0.2713758389261745 0.020721902360917123 0.015134228187919424
2 0.46485027084114067 0.2700838926174497 0.02107961707491566 0.01531879194630875
2 0.7076746840186693 0.26800335570469797 0.020134228187919465 0.014848993288590672
2 0.5863838449221546 0.2686409395973155 0.020632473682417416 0.014966442953020192
3 0.3242428371887031 0.5857885906040269 0.01700422444043195 0.010570469798657693
3 0.2033608149081866 0.586744966442953 0.017004224440431984 0.010352348993288463
3 0.6886008244472457 0.5838590604026846 0.01668483630293323 0.010469798657718077
3 0.44577641126971695 0.5854530201342283 0.016953122338432203 0.010083892617449616
3 0.8098916635437606 0.5825671140939597 0.016493203420434106 0.009597315436241729
3 0.5673099853507308 0.5844966442953021 0.016748713930433083 0.01040268456375846
3 0.2023515483936906 0.20761744966442955 0.01713197969543147 0.010973154362416106
1 0.9288829080502845 0.9630201342281881 0.010961400878956072 0.010167785234899232
3 0.3225309167717099 0.20602348993288594 0.01681259155793279 0.010520134228187933
3 0.6871316390147516 0.2024832214765101 0.01687646918543264 0.010771812080536876
3 0.5658407999182368 0.20360738255033559 0.017068102067931766 0.010855704697986586
3 0.44406449085272376 0.20473154362416107 0.01700422444043191 0.010520134228187933
3 0.8084224781112663 0.2015268456375839 0.01586720267093674 0.009697986577181203
1 0.9270943344802915 0.5816107382550335 0.01075699247095695 0.009731543624160963
1 0.9265194358327941 0.20186241610738256 0.007856948182468662 0.008087248322147644