2 0.5844303872261779 0.35390887164429535 0.020372534157230476 0.014281202482697116
2 0.4628982104682656 0.3545511744966443 0.020250268385844348 0.014682641765415288
3 0.3222925733741015 0.6712064807046981 0.016307197258638374 0.01000587412174923
3 0.20198305433005148 0.6712064807046981 0.016429463030024648 0.010046018050020962
3 0.5658459899754711 0.6699218750000001 0.01655172880141078 0.00969977666867654
3 0.807443154234661 0.28550361786912754 0.01562709390530242 0.00977504653418625
3 0.6871336351906109 0.6686372692953021 0.0168115435656065 0.01000587412174923
2 0.2224014381515518 0.7367213716442954 0.020097436171611506 0.014341418375104808
3 0.5638897376332913 0.2874305264261745 0.016949092558416097 0.010608033045826346
3 0.6856664459339761 0.28614592072147654 0.015741718065976965 0.010161431843802405
2 0.34136603371035334 0.3555146287751678 0.021151978449817796 0.014853253460570481
2 0.7062070955268627 0.35230311451342283 0.020372534157230476 0.014732821675755
3 0.4423575608753791 0.289036283557047 0.01687267645129964 0.010648176974098172
3 0.44406928167478626 0.670564177852349 0.016612861687103915 0.009775046534186154
3 0.200149067759258 0.29112376782718125 0.016612861687103988 0.01068832090237
3 0.9306870517919805 0.6673526635906041 0.01661286168710406 0.009965730193477308
2 0.22056745158075838 0.3571203859060403 0.0204795167071935 0.014341418375104904
2 0.10264211507873983 0.7360790687919464 0.020097436171611506 0.01508408104813346
3 0.9287307994498009 0.2848613150167786 0.016246064372945238 0.010046018050020962
2 0.3430777545097605 0.7360790687919464 0.020953296571315064 0.014562209980599808
2 0.5858975764828127 0.7347944630872484 0.02072404824996598 0.013799475343435385
3 0.3205808525746942 0.2898391621224833 0.016429463030024613 0.010276845637583847
3 0.8084212804057508 0.6673526635906041 0.01655172880141078 0.009815190462458077
2 0.7081633478690423 0.7341521602348994 0.020479516707193574 0.013638899630348079
2 0.8274947407420026 0.3516608116610738 0.020555932814309744 0.014682641765415288
2 0.46436539972490043 0.7354367659395974 0.02107556234270134 0.014622425873007501
2 0.8294509930841822 0.7328675545302015 0.02104499589985484 0.013960051056522692
2 0.10031906542240146 0.3580838401845638 0.019409691207563966 0.014451814177852308