3 0.1708255410098851 0.18240350877192982 0.016190221747261552 0.009350877192982427
3 0.5509885118888592 0.17782456140350877 0.017045150948437046 0.01157894736842105
3 0.423911301095378 0.179 0.016657761154154398 0.012175438596491214
3 0.6803633449104995 0.5769298245614035 0.017045150948437192 0.011000000000000038
3 0.29837029121025915 0.579280701754386 0.01615014694095653 0.011403508771929865
2 0.19226556238311515 0.25019298245614036 0.021199572535399443 0.015228070175438594
2 0.4448837830617152 0.24699999999999997 0.020932407160032012 0.014596491228070173
2 0.318314186481432 0.24801754385964914 0.0210927063852524 0.015052631578947361
2 0.8261020571733901 0.244140350877193 0.021052631578947448 0.015175438596491233
2 0.5724686080683944 0.246 0.021787336361207506 0.015
2 0.6992786534865082 0.24515789473684213 0.022642265562383145 0.015403508771929732
2 0.19417579481699174 0.6474385964912281 0.021199572535399443 0.015228070175438499
2 0.5745124231899545 0.6457719298245613 0.022001068661501453 0.015052631578947361
2 0.32010419449639327 0.6471052631578947 0.02204114346780655 0.015473684210526433
2 0.4469275981832754 0.646438596491228 0.021333155223083124 0.014824561403508862
3 0.1751269035532995 0.9748421052631577 0.01744589901148809 0.010578947368420966
2 0.7018434410900346 0.6447543859649123 0.02224151749933218 0.01510526315789472
2 0.8281458722949505 0.6440877192982455 0.02190756078012294 0.015578947368420965
2 0.06716537536735238 0.25221052631578944 0.02029121025915041 0.015403508771929732
3 0.5550761421319796 0.9748421052631577 0.01862142666310457 0.010999999999999848
3 0.4282527384450975 0.9755263157894736 0.01812717071867495 0.011210526315789669
3 0.6808709591236977 0.9741754385964911 0.017993588030991343 0.010789473684210786
3 0.3006679134384183 0.9748421052631577 0.0171787336361208 0.010631578947368325
3 0.8071867485973818 0.9728421052631578 0.01744589901148816 0.010035087719298114
3 0.9345177664974619 0.9714912280701753 0.017178733636120654 0.010578947368420966
2 0.06716537536735238 0.6484561403508772 0.02077210793481166 0.01340350877192975
3 0.2971546887523377 0.18075438596491228 0.016991717873363635 0.009807017543859663
3 0.6780256478760354 0.176859649122807 0.01744589901148816 0.009245614035087755
3 0.8046086027250868 0.1761578947368421 0.01760619823670855 0.00931578947368422
3 0.931538872562116 0.17556140350877192 0.017339032861341332 0.009982456140350848
3 0.42556772642265556 0.5790877192982455 0.016777985573069688 0.01164912280701761
3 0.5523109804969275 0.5785614035087718 0.017245524979962533 0.010122807017543778
3 0.8065321934277317 0.5764385964912281 0.01649746192893401 0.010070175438596417
3 0.9336227624899812 0.5754561403508772 0.016056639059577944 0.00878947368421052
3 0.17286935613144536 0.5800175438596491 0.016590969810312592 0.010561403508771909