3 0.19923006655356906 0.23888908043995447 0.01696463526034193 0.01098162259076651
2 0.0978206968550176 0.3075371513291728 0.020488059506720578 0.015015688032272512
3 0.32274566096828916 0.23740647519222147 0.01632519900822128 0.010154121987380561
3 0.5702727391361085 0.2346136606557942 0.017577972073600512 0.010757507844016193
3 0.44637870285788855 0.23642381822570072 0.017173430771238375 0.010602351480881293
3 0.6941667754143286 0.23345860773023477 0.01696463526034193 0.010723028652208437
3 0.8190525903693069 0.2329586594490225 0.016077254339031725 0.010085163603765145
3 0.20097872895732738 0.6282625935248077 0.017108182174083265 0.010636830672689048
3 0.942946626647527 0.23230355480467532 0.016390447605376317 0.010205840775092291
3 0.32398538431423723 0.6276074888804606 0.01731697768497978 0.010895424611247217
2 0.09999999999999998 0.6965658724959486 0.020892600809082573 0.015205323587215169
3 0.6966592718256558 0.6252973830293417 0.017434425159858966 0.011240216529324583
3 0.44837530993083646 0.6272799365582871 0.016912436382617784 0.010757507844016193
2 0.2205794075427378 0.3063820984036134 0.020253164556962026 0.01456745853877178
3 0.8205533081038756 0.624314726062821 0.016847187785462747 0.010636830672689048
3 0.5727652355474357 0.6262972795917664 0.016912436382617784 0.01110229976209375
2 0.8400365392144069 0.29993448953556523 0.021244943233720524 0.014222666620694414
2 0.46736265170298835 0.3027445436678964 0.02081430249249646 0.014515739751060243
2 0.3434686154247683 0.30489949315588044 0.020996998564530828 0.014912250456849244
2 0.7161425029361868 0.3007619901389511 0.020488059506720686 0.014067510257559607
2 0.5917525773195875 0.3017618867013757 0.020253164556962026 0.014170947832982875
2 0.2220801252773065 0.6959107678516016 0.020214015398668916 0.014395062579733098
3 0.9444473443820957 0.6229872771782229 0.016716690591152092 0.009447298555321854
2 0.3454652224977163 0.6959107678516016 0.020840401931358533 0.014343343792021655
2 0.8415372569489755 0.6919629003896147 0.021819130888685853 0.014274385408405952
2 0.5932532950541562 0.6939282143226562 0.020253164556962026 0.013326207633693049
2 0.7176432206707554 0.6932731096783091 0.020566357823306906 0.013843395510809195
2 0.4693592587759363 0.6952556632072544 0.02137544042803075 0.014843292073233733
0 0.08033407281743443 0.9163362410785089 0.009408847709774248 0.010567872289073917