2 0.09542286845048609 0.28283050847457625 0.018867762195646582 0.012932203389830477
1 0.1956465628495225 0.21538983050847454 0.016054374946227277 0.009745762711864359
1 0.8100619461412716 0.5933389830508474 0.01604146950012912 0.008728813559321983
1 0.31728039232556143 0.21281355932203389 0.016777079927729508 0.01042372881355926
1 0.4395465886604146 0.21152542372881353 0.017177148756775267 0.010881355932203386
1 0.5626645444377527 0.21006779661016947 0.01724167598726669 0.01118644067796609
1 0.6850856061257851 0.20876271186440679 0.01717714875677541 0.010762711864406782
1 0.8076099113826034 0.20827118644067796 0.016531876451862614 0.010305084745762751
1 0.6870601393788178 0.5936779661016949 0.01806762453755481 0.01054237288135596
1 0.5650391465198313 0.5943389830508475 0.017925664630474025 0.011355932203389898
2 0.21661791275918438 0.280457627118644 0.021332702400413035 0.015593220338983069
2 0.09688118385958874 0.6627796610169492 0.02137141873870775 0.015288135593220318
2 0.8288522756603286 0.2754237288135593 0.021577905876279783 0.015661016949152517
1 0.44177923083541254 0.5949830508474576 0.01806762453755481 0.011016949152542376
2 0.33827755312741975 0.279 0.020842295448679254 0.015711864406779626
2 0.7068312828013422 0.27591525423728813 0.021216553385528848 0.015406779661016874
1 0.9306246235911555 0.5907627118644068 0.01826120622902879 0.011084745762711729
1 0.92963090424159 0.20811864406779662 0.016983567065301717 0.010305084745762751
2 0.46078895293813993 0.2775423728813559 0.0215391895379851 0.01608474576271192
2 0.21797298459950099 0.6624576271186441 0.021139120708939196 0.01516949152542376
1 0.31826120622902865 0.5959491525423728 0.017990191860965375 0.010966101694915362
2 0.5838165705927901 0.27655932203389827 0.0215391895379851 0.015661016949152517
2 0.8308268089133614 0.6588983050847458 0.020932633571367276 0.01516949152542376
1 0.1972210272735094 0.5962711864406779 0.01759012303191947 0.011050847457627052
2 0.7083025036565431 0.6601864406779661 0.02066161920330364 0.015
2 0.3400068829045857 0.6624576271186441 0.02068743009550024 0.015593220338983164
2 0.46277639163727086 0.6618135593220339 0.021577905876279783 0.015661016949152517
2 0.585287791447991 0.660508474576271 0.021216553385528702 0.015237288135593304