3 0.4627335609804969 0.6280084978070175 0.017370641343006955 0.010708885862116138
3 0.9692467606198236 0.22471217105263155 0.01677936836261025 0.010582960697642535
3 0.8434494389527116 0.6249862938596491 0.016859270116717964 0.010383579187225867
3 0.20883774712797223 0.629015899122807 0.017993875025046728 0.010955489309210597
3 0.3351464400213732 0.628344298245614 0.017306719939720813 0.010666910807291667
3 0.7166293748330216 0.6263294956140351 0.017450543097114524 0.010504257469846531
3 0.5872524545818861 0.227734375 0.017642307306972946 0.011217833401864065
3 0.20755931906224953 0.23142817982456138 0.017114955729862387 0.011091908237390365
2 0.10617997345044082 0.6975191885964912 0.020774456067993604 0.015467807702850868
3 0.97129224552498 0.6243146929824561 0.017114955729862533 0.010063519394188536
3 0.8419153252738445 0.22588747258771927 0.016459761346179397 0.010504257469846531
2 0.23121023827811915 0.6975191885964912 0.021541512907427233 0.014596825315241138
3 0.5898093107133315 0.627001096491228 0.017306719939720813 0.010624935752467195
3 0.46094376168848517 0.2292454769736842 0.017514464500400808 0.010913514254385935
2 0.48267703880577073 0.29791666666666666 0.020486809753206037 0.014712256716008766
2 0.6097527885386054 0.29724506578947363 0.021205925540175023 0.014481393914473699
3 0.7145838899278654 0.22655907346491228 0.017578385903686808 0.010787589089912236
2 0.3556012890729361 0.29858826754385964 0.021621414661534874 0.015646201685855298
2 0.7370842238845845 0.2957339638157894 0.02109406308442417 0.014712256716008766
2 0.8633929167779856 0.2942228618421053 0.021781218169750156 0.015058550918311368
2 0.3568797171386588 0.6968475877192982 0.02146161115331959 0.014764725534539403
2 0.22903691056639058 0.30043516995614034 0.021173964838531952 0.015352376302083333
3 0.3338680119556505 0.23025287828947366 0.01665152555603797 0.010504257469846531
2 0.6112869022174726 0.6955043859649123 0.020726515015529034 0.013935718201754337
2 0.484211152484638 0.6961759868421052 0.021957002028787007 0.015289413719846531
2 0.7386183375634517 0.6941611842105263 0.021014161330316455 0.014093124657346532
2 0.8654384016831418 0.6934895833333333 0.02224464834357472 0.014596825315241138
2 0.10375096012556773 0.3017783717105263 0.02034298659581218 0.015646201685855298