3 0.32478919033652365 0.6258574695121951 0.017823245504013634 0.010670731707317032
3 0.9521167798703304 0.22603849085365857 0.01625619283536598 0.010389374523628021
3 0.5747578342080889 0.22853944359756098 0.017285065799629577 0.011056295255335347
3 0.44914035967891325 0.229539824695122 0.017554155651821533 0.011181342892530494
3 0.19815867165791912 0.23237423780487806 0.01741169631830811 0.011493961985518315
3 0.3230163630750232 0.23054020579268292 0.01707929120677674 0.010754096798780494
2 0.5960317613460945 0.2965653582317073 0.020292540618246348 0.0142762719131098
3 0.45065992590305654 0.6255240091463414 0.016762714910080263 0.010670731707317032
3 0.7003753087372646 0.22737233231707316 0.017142606466116008 0.010972930163871979
3 0.200438020994134 0.6261909298780488 0.017015975947437475 0.010712414253048716
3 0.8264993053411547 0.2267054115853659 0.01587630127933009 0.010227854658917674
3 0.5767839225069467 0.6241901676829268 0.016952660688098208 0.0111813428925304
2 0.4704142868169188 0.2973990091463415 0.02146387291602351 0.015297494283536632
3 0.7024013970361223 0.623189786585366 0.017823245504013634 0.011223025438262273
3 0.8285253936400124 0.622189405487805 0.017142606466116008 0.010592576934070053
2 0.7221557579499845 0.29523151676829273 0.020894035581969672 0.014432581459603662
3 0.954142868169188 0.6211890243902439 0.016952660688098208 0.01003507288490861
2 0.22145868709478234 0.6938833841463414 0.02049831521109911 0.014328375095274359
2 0.09723414827107132 0.6938833841463414 0.0213689000270145 0.015422541920731685
2 0.34656963954924364 0.6925495426829268 0.021289755952840453 0.014661835461128021
2 0.34479681228774317 0.2993997713414634 0.021416386471518986 0.015474645102896338
2 0.8482797545538747 0.29439786585365857 0.021543016990197523 0.014661835461128021
2 0.7241818462488423 0.690548780487805 0.021052323730317984 0.014276271913109706
2 0.4724403751157765 0.6918826219512196 0.0215746746198673 0.014724359279725641
2 0.2198124903519605 0.3009003429878049 0.020894035581969745 0.014828565644054853
2 0.8497993207780179 0.6892149390243903 0.022128683139086103 0.014776462461890294
2 0.5980578496449522 0.6912157012195123 0.021416386471518986 0.014432581459603662
2 0.09520805997221365 0.30173399390243905 0.02057745928527323 0.015537168921493863