2 0.5967346899395758 0.7078887195121951 0.02290429506599263 0.015182867282774359
2 0.47061069333568567 0.7085556402439025 0.02220782721326026 0.01608946265243901
2 0.2201355273894059 0.7092225609756098 0.021099810174822507 0.015182867282774359
2 0.3447399577691528 0.7092225609756098 0.02220782721326026 0.015474645102896338
2 0.7228586865434659 0.7065548780487805 0.021463872916023367 0.014661835461128021
2 0.8479696389979271 0.7058879573170732 0.022635205213800528 0.01495361328125
2 0.09591098856569488 0.7098894817073171 0.021907079731398594 0.01608946265243901
3 0.7005717152560315 0.6395293445121951 0.01809233535620559 0.010795779344512273
2 0.0935050087108014 0.317406631097561 0.0206091169149429 0.015422541920731685
2 0.3432203915450095 0.3140720274390244 0.022334457731938935 0.015537168921493863
2 0.4688378660741852 0.3129049161585366 0.021748791583050354 0.015360018102134158
3 0.4490835051603229 0.6408631859756098 0.0176174709111608 0.010972930163871979
2 0.594708601640718 0.3120712652439025 0.021052323730317984 0.015297494283536632
2 0.7208325982446082 0.31090415396341464 0.02162216106437168 0.015422541920731685
3 0.32321276959379 0.6415301067073171 0.017348381058968843 0.010670731707317032
2 0.21848933064658405 0.31573932926829273 0.021004837285813534 0.014828565644054853
3 0.8261891897852072 0.6381955030487805 0.017949876022692168 0.010149699885670695
3 0.5749542407268557 0.6401962652439025 0.017285065799629577 0.011400176257621979
3 0.8246696235610639 0.24137766768292684 0.017205921725455275 0.010550894388338368
3 0.19810181713932873 0.6418635670731708 0.017744101429839478 0.011358493711890294
3 0.19670888143386406 0.2472132240853659 0.017348381058968843 0.011441858803353662
2 0.8469565948484983 0.3095703125 0.022033710250077058 0.015422541920731685
3 0.950793620164954 0.24054401676829273 0.017411696318308252 0.010972930163871979
3 0.5729281524279981 0.243211699695122 0.017554155651821533 0.011900366806402473
3 0.44756393893617963 0.24471227134146342 0.01768078617050021 0.011275128620426832
3 0.3219464644070039 0.24587938262195125 0.017554155651821533 0.0109312476181402
3 0.9528197084638117 0.6375285823170732 0.01768078617050021 0.010550894388338368
3 0.6990521490318882 0.24221131859756098 0.01747501157764752 0.010837461890243863
0 0.07596668187381468 0.9173018292682926 0.009038253270685404 0.01075409679878059