1 0.9250501964207769 0.19743103448275864 0.010986468790921047 0.010241379310344835
3 0.1825272806634657 0.20401724137931035 0.017704059362723696 0.010862068965517249
2 0.0805194238323876 0.27234482758620693 0.021684853775643824 0.01653448275862066
3 0.3062199912701877 0.202 0.016905281536446996 0.010948275862068944
3 0.4302793539938891 0.20101724137931037 0.01723264949803568 0.010948275862068944
1 0.9270144041903099 0.5871896551724138 0.010240069838498497 0.009017241379310311
3 0.5550982103884767 0.1996896551724138 0.017429070274989023 0.011068965517241338
3 0.8032431252728066 0.1973793103448276 0.016774334351811363 0.009896551724137954
3 0.6794194674814492 0.19870689655172416 0.017023134002619074 0.01068965517241376
3 0.18428197293758183 0.5927413793103449 0.017101702313400264 0.010396551724137832
3 0.3077258838934963 0.5920689655172414 0.016446966390222535 0.010051724137931047
3 0.43178524661719775 0.5910862068965518 0.016263640331732825 0.009775862068965467
3 0.8052466171977304 0.5881206896551725 0.01571366215626376 0.009517241379310235
3 0.6814229594063729 0.5894310344827587 0.016446966390222608 0.009775862068965467
3 0.5571147970318638 0.5904310344827586 0.016905281536446926 0.009931034482758606
2 0.2034526407682235 0.27096551724137935 0.020755128764731602 0.015500000000000019
2 0.32727629855958096 0.26932758620689656 0.021645569620253192 0.015982758620689593
2 0.700632911392405 0.26541379310344826 0.021239633347882956 0.015206896551724091
2 0.8252946311654299 0.26518965517241383 0.02144914884330014 0.015379310344827578
2 0.57615451767787 0.26668965517241383 0.021200349192492432 0.015310344827586182
2 0.4518332605848975 0.268 0.022274116106503736 0.015982758620689593
1 0.9280619816673942 0.9785172413793104 0.010842426887821787 0.010810344827586202
0 0.06096900916630293 0.9257068965517241 0.009546049759930156 0.010896551724137756
2 0.08134439109559145 0.6599310344827586 0.021357485814054996 0.015793103448275853
2 0.3290309908336971 0.6597241379310345 0.02104321257092976 0.01501724137931035
2 0.20533828022697515 0.660051724137931 0.020323003055434254 0.01513793103448279
2 0.8268005237887386 0.6561034482758621 0.020990833697075537 0.015086206896551744
2 0.7029768659973812 0.6570862068965518 0.021239633347882956 0.015086206896551744
2 0.45358795285901354 0.6590689655172415 0.021802706241815722 0.015310344827586277
2 0.5781580096027935 0.6580689655172414 0.02088607594936709 0.01555172413793097
3 0.18641641204714102 0.9818103448275864 0.017232649498035824 0.01
3 0.3094805761676125 0.9818103448275864 0.017376691401134868 0.010724137931034647
3 0.806752509821039 0.9798275862068965 0.017023134002619074 0.010517241379310083
3 0.43329113924050633 0.9818103448275864 0.016656481885639503 0.010396551724137832
3 0.5581099956350939 0.9811551724137931 0.017429070274989023 0.010482758620689385
3 0.6824312527280664 0.9805000000000001 0.017023134002619074 0.010568965517241699
0 0.06760803142732431 0.9045862068965518 0.005814054997817538 0.00944827586206884