3 0.19295595910488308 0.18848591549295773 0.017038142560949442 0.010105633802816906
3 0.7016470651319081 0.18248239436619718 0.016716415242725362 0.01139084507042251
3 0.44685243440337447 0.18454225352112671 0.016917494816615468 0.012218309859154933
3 0.5743771001644384 0.1831514084507042 0.016984521341245406 0.01183098591549296
3 0.1944975691713734 0.5848415492957746 0.016716415242725435 0.01170774647887318
3 0.320869378708801 0.5845070422535211 0.016032744691499286 0.011443661971831033
3 0.7036980767855867 0.5821478873239436 0.01710516908557938 0.011179577464788698
3 0.9566829913491098 0.18028169014084508 0.017909487381139507 0.01139084507042251
3 0.448983877886609 0.5834859154929578 0.017172195610209464 0.011795774647887357
3 0.8299358332737542 0.5814612676056338 0.016716415242725362 0.010211267605633718
3 0.5759187102309287 0.5828169014084507 0.018123972259955656 0.011338028169014176
3 0.9587474083077143 0.5804577464788732 0.016716415242725362 0.011179577464788698
2 0.3408834989633231 0.25526408450704224 0.021126760563380302 0.01570422535211274
2 0.8504593551154643 0.24987676056338026 0.02132784013727055 0.015281690140845114
2 0.21439104168156145 0.2561091549295774 0.020965896904268262 0.015827464788732374
2 0.5959328304854508 0.2519014084507042 0.021274218917566368 0.014700704225352107
2 0.7237121970401087 0.25105633802816896 0.02257453349538859 0.01522887323943659
2 0.468662865517981 0.254419014084507 0.021569135625938356 0.014876760563380269
2 0.2164420533352399 0.6542605633802816 0.020885465074712208 0.01545774647887318
2 0.34267980982340746 0.6535739436619719 0.021984700078644465 0.015827464788732374
2 0.725763208693787 0.6515669014084505 0.022319832701794735 0.015580985915492913
2 0.08871630800028599 0.2579577464788732 0.02033584757274611 0.015580985915493006
2 0.4699497747908772 0.6529049295774647 0.021461893186530284 0.01540492957746475
2 0.5979838421391291 0.6525704225352112 0.021984700078644465 0.015528169014084672
3 0.19680328161864588 0.9817957746478871 0.017788839636805606 0.010580985915493103
2 0.8525103667691427 0.6508802816901408 0.021823836419532353 0.015528169014084672
3 0.7047168799599628 0.9812323943661971 0.01840548366340189 0.010827464788732566
3 0.4509544577107313 0.9824823943661971 0.018123972259955656 0.010827464788732566
3 0.577969721884607 0.9817957746478871 0.018325051833845616 0.010545774647887356
3 0.8319868449274326 0.9804577464788732 0.01737327518409971 0.010264084507042148
3 0.3229203903624794 0.9817957746478871 0.017105169085579453 0.010140845070422604
3 0.9591763780653463 0.9784330985915493 0.017172195610209464 0.010369718309859385
2 0.08885036104954601 0.6549295774647887 0.020724601415600202 0.01420774647887337
3 0.3195690641309787 0.18623239436619718 0.01741349109887756 0.010616197183098563
3 0.828715950525488 0.1820070422535211 0.017480517623507497 0.009049295774647845