2 0.0901213623907086 0.7059959314553667 0.020709904737048167 0.015136365203599657
3 0.811418504502153 0.6357100989552804 0.01665144199399705 0.009964486432438
3 0.6870285788855539 0.6367099955177049 0.017369176562703925 0.010981622590766415
3 0.9363043194571316 0.6350549943109333 0.016468745921962537 0.009326621383994708
3 0.31460263604332506 0.6390201013688239 0.016716690591152307 0.010360997138227001
3 0.19158293096698417 0.639675206013171 0.01696463526034193 0.010723028652208437
3 0.5631345426073339 0.6376926524842257 0.016781939188307417 0.01086094541943927
2 0.4599765105050241 0.7046857221666724 0.021819130888685995 0.014843292073233733
3 0.4387446169907346 0.6383649967244768 0.0168471877854626 0.010567872289073537
2 0.3358345295576145 0.7053408268110194 0.020892600809082534 0.014274385408405952
2 0.7085084170690329 0.7033582732820742 0.02070990473704788 0.014343343792021655
2 0.212566879812084 0.7059959314553667 0.020331462873548173 0.014343343792021655
2 0.5841184914524338 0.7046857221666724 0.021205794075427414 0.014119229045271242
2 0.08811170559832963 0.31860497189945863 0.02005741876549655 0.01542943833396539
3 0.8094218974292052 0.24369892769713478 0.016207751533342092 0.0101196427955729
2 0.832402453347253 0.70204806399338 0.02219757275218577 0.014739854497810465
3 0.9343077123841836 0.24271627073061403 0.016142502936186767 0.010447195117746486
2 0.21094871460263603 0.3174499189738992 0.020488059506720613 0.01456745853877178
2 0.706511809996085 0.31200220666827566 0.02081430249249646 0.014222666620694414
2 0.5821218843794858 0.31315725959383506 0.02029231371525499 0.014395062579733192
2 0.3343338118230458 0.3159673137261662 0.020840401931358533 0.014912250456849244
3 0.31285397363956674 0.2479915870771989 0.01659924311627305 0.010360997138227097
2 0.45822784810126577 0.3138296038340861 0.02081430249249646 0.014791573285522195
3 0.5606420461960068 0.24552632486294515 0.017369176562703783 0.010567872289073537
3 0.685031971812606 0.24437127193738578 0.01717343077123852 0.010360997138227097
2 0.8309017356126842 0.31101954970175494 0.021284092392013492 0.014515739751060243
3 0.43724389925616597 0.24683653415163945 0.017173430771238375 0.010895424611247121
3 0.1897168210883466 0.24947419232493193 0.016847187785462674 0.011154018549805194
0 0.07057288268302231 0.9277488535668723 0.009552394623515578 0.011240216529324583