3 0.32571601497291597 0.9737311241610739 0.01774382007242659 0.010276845637583847
2 0.22435769049373153 0.6602873322147652 0.02032668449296066 0.013960051056522692
3 0.20577329324302457 0.9737311241610739 0.01774382007242659 0.010241719700345963
3 0.20161625701589275 0.21565318267617453 0.01740758920111448 0.01027684563758387
3 0.5687803684887406 0.9743734270134229 0.01804948450089213 0.010086161978292693
3 0.6900680137038804 0.973088821308725 0.01788136906523604 0.010241719700345963
3 0.4465145971025109 0.9743734270134229 0.017606271079617142 0.010121287915530578
2 0.2224014381515518 0.2813286493288591 0.02017385227872789 0.014963649263317981
3 0.8108665958334753 0.972446518456376 0.017545138193923858 0.010086161978292693
2 0.4663216520670801 0.6590027265100672 0.021365943549743704 0.015495556312919424
3 0.32253710491687393 0.214047425545302 0.017270040208304922 0.010397277422399327
2 0.3430777545097605 0.2794017407718121 0.0206323489214262 0.01585685166736577
2 0.34478947530916776 0.6596450293624162 0.02055593281430989 0.014793037568162692
2 0.5878538288249924 0.6577181208053692 0.020800464357082292 0.014682641765415193
3 0.4438247501320138 0.2129233955536913 0.017667403965310132 0.010608033045826346
2 0.46436539972490043 0.27859886220637586 0.021488209321129832 0.01585685166736577
3 0.6871336351906109 0.2106753355704698 0.017545138193923858 0.01064817697409815
3 0.5653569268899261 0.21179936556208057 0.017407589201114407 0.01110983214922399
3 0.8084212804057508 0.21003303271812082 0.017545138193923858 0.0103571334941275
2 0.5863866395683577 0.2781171350671141 0.020678198585696164 0.014341418375104904
2 0.7081633478690423 0.2763508022231544 0.021197828114087467 0.014903433370910192
2 0.7096305371256773 0.6567546665268457 0.02052536637146339 0.014341418375104808
3 0.20320571204391374 0.5950935927013423 0.017132491215495437 0.010648176974098079
2 0.8309181823408169 0.6561123636744968 0.02156462542824629 0.014903433370910192
2 0.8294509930841822 0.27554792365771813 0.021778590528172197 0.015495556312919424
3 0.32424882571628116 0.5941301384228188 0.017331173093998096 0.010397277422399421
3 0.9301979887064356 0.20923015415268456 0.017468722086807692 0.01064817697409815
3 0.9321542410486152 0.9711619127516778 0.017545138193923858 0.00985031639969596
3 0.5673131792321058 0.5928455327181209 0.01788136906523604 0.010768608758913653
3 0.6890898875327907 0.5918820784395974 0.01808005094373877 0.010648176974098079
3 0.44578100247419344 0.5934878355704699 0.01794250195092918 0.009815190462458077
3 0.8103775327479305 0.5909186241610739 0.017407589201114407 0.010397277422399421
3 0.9321542410486152 0.5905974727348994 0.017606271079617142 0.010086161978292693