2 0.09529869556530003 0.3123833457764505 0.019923507737233753 0.015392524797354952
3 0.19601706619648332 0.2450971896331058 0.016419451123525705 0.010334835117587413
3 0.3176977578087873 0.24346403050341295 0.016993124108955798 0.010176622826898457
3 0.6873292165291398 0.24019771224402728 0.016931105407828207 0.010574705364761124
3 0.5647802631010498 0.2410142918088737 0.016543488525780813 0.010334835117587413
3 0.4414870852594288 0.24248413502559724 0.01699312410895587 0.010493047408276463
3 0.8108704691752711 0.23905450085324229 0.015434904243125522 0.0100184105362095
0 0.07743730964055817 0.9164889078498292 0.00892294062472999 0.010334835117587317
3 0.9339155722123816 0.23872786902730372 0.016093852942606048 0.009906130846043103
3 0.31993043104938 0.6300327965017064 0.01679156333029118 0.010294006139345129
2 0.09709723789799973 0.6969923208191126 0.020621218124918995 0.01481071185740196
3 0.19812570203482094 0.6306860601535836 0.016093852942605975 0.010217451805140741
3 0.6898099645742429 0.6277463737201364 0.017055142810083246 0.010493047408276463
3 0.8128550676113534 0.6267664782423208 0.01672954462916366 0.010018410536209407
2 0.216979387177604 0.31140345029863475 0.020621218124918995 0.014249313406569968
3 0.44297553408649065 0.6297061646757679 0.01672954462916366 0.009906130846043007
3 0.5667648615371322 0.6287262691979522 0.01699312410895587 0.010493047408276463
2 0.8322049023631573 0.3050341296928327 0.021256909811476755 0.014085997493600644
2 0.3392802658011837 0.3100969229948805 0.02074525552717418 0.01442283656409984
3 0.9359001706484641 0.625786582764505 0.016217890344861086 0.009982685180247397
2 0.7091597993260466 0.30601402517064846 0.020466171372100123 0.013657293222056334
2 0.4625734436428046 0.30879039569112626 0.020776264877737868 0.014249313406569968
2 0.5856185466799152 0.3081371320392491 0.020667732150764673 0.013657293222056334
2 0.21871591080917613 0.6976455844709897 0.020419657346254377 0.013708329444859259
2 0.8336933511902189 0.6924194752559726 0.02122590046091278 0.013820609135025658
2 0.7106482481531082 0.6937260025597269 0.02031112461928111 0.013504184553647557
2 0.3410167894327559 0.6956857935153583 0.02046617137209998 0.01442283656409984
2 0.5876031451159978 0.6943792662116041 0.020574704099073318 0.013657293222056334
2 0.46430996727437673 0.6950325298634812 0.021380947213731794 0.014698432167235561