3 0.324339671341306 0.25972881355932204 0.017125526972382288 0.01057627118644073
2 0.46957756173105053 0.7082372881355933 0.02148756775359205 0.01516949152542376
3 0.44685107115202616 0.25876271186440675 0.017719177492901958 0.011016949152542376
2 0.7148713757205539 0.7069322033898304 0.02073905187989329 0.014661016949152478
2 0.8359115546760734 0.32137288135593217 0.021655338552869142 0.01494915254237289
2 0.34706616192033035 0.7088813559322034 0.021371418738707716 0.015118644067796557
3 0.20243482749720385 0.2611864406779661 0.01717714875677534 0.010915254237288157
2 0.5923470704637357 0.7075932203389831 0.020893917233072448 0.015050847457627015
3 0.20440936075023658 0.6436779661016949 0.017241675987266617 0.010830508474576277
3 0.6916544781897962 0.256 0.017241675987266548 0.01054237288135596
3 0.8146691903983481 0.2553559322033898 0.01730620321775797 0.0101864406779661
2 0.34533683214316435 0.3257457627118644 0.021293986062118207 0.015406779661016874
2 0.22527746709111243 0.7095423728813559 0.02040351028133874 0.014661016949152478
3 0.3260690011184719 0.6433559322033898 0.016919039834810294 0.01071186440677972
2 0.8373956809773724 0.705 0.0220812182741115 0.014949152542372985
2 0.7133872494192548 0.32233898305084746 0.021139120708939196 0.01494915254237289
3 0.4488385098511572 0.6423728813559322 0.016854512604319014 0.01054237288135596
3 0.9371934956551664 0.2543728813559322 0.016919039834810294 0.010677966101694948
2 0.5903725372107028 0.3234745762711864 0.020403510281338667 0.015
2 0.10368235395336832 0.7101864406779661 0.021216553385528702 0.015288135593220318
2 0.10152714445495999 0.32833898305084747 0.02089391723307234 0.015711864406779626
3 0.5711047061860104 0.641728813559322 0.016531876451862614 0.011661016949152553
2 0.4680934354297513 0.32445762711864407 0.021577905876279783 0.01535593220338986
3 0.8166437236513808 0.6397796610169492 0.016919039834810294 0.01010169491525422
2 0.2237933407898133 0.3273728813559322 0.02116493160113565 0.014881355932203348
3 0.6936290114428288 0.6407627118644067 0.01730620321775797 0.011050847457627052
3 0.5691301729329777 0.25728813559322034 0.017306203217757825 0.011491525423728792
3 0.9386647165103674 0.639135593220339 0.01730620321775797 0.01010169491525422
0 0.08429837391379161 0.9106779661016948 0.008711176116321079 0.010457627118644269