0 0.07975966472801917 0.9090371621621621 0.009134450906602816 0.010540540540540632
2 0.21948340745809106 0.7066385135135136 0.02033441669517623 0.014273648648648798
2 0.3406688333903525 0.7059966216216216 0.02104002736914121 0.014662162162162151
2 0.7068037974683544 0.7040540540540542 0.020616660964762123 0.01393581081081076
3 0.9278138898392063 0.2530236486486487 0.016254704071159812 0.010354729729729683
2 0.8281046869654466 0.7027533783783784 0.021129832364009487 0.014104729729729683
2 0.46271382141635314 0.705337837837838 0.021527540198426294 0.015
2 0.09977334929866576 0.7066385135135136 0.02025744098528906 0.015777027027027088
2 0.33894970920287376 0.32334459459459464 0.02145056448853916 0.014543918918918925
2 0.5825521724255902 0.3214020270270271 0.020218953130345458 0.014831081081081075
2 0.5845150530277113 0.704695945945946 0.02088607594936709 0.014543918918918925
2 0.4609946972288745 0.3223648648648649 0.020488368114950424 0.014949324324324399
2 0.21789257612042426 0.3247972972972973 0.020141977420458396 0.014442567567567626
2 0.7048409168662334 0.3202702702702703 0.020693636674649542 0.014543918918918925
2 0.0974512487170715 0.3259290540540541 0.02028309955525145 0.014831081081081075
2 0.8266421484775917 0.3194594594594595 0.021014368799179072 0.014712837837837849
3 0.8060126582278481 0.2536655405405405 0.016947485460143727 0.010540540540540539
3 0.5638855627779679 0.6384121621621622 0.01649846048580221 0.010979729729729684
3 0.9287889154977764 0.6355067567567568 0.016755046185425893 0.009763513513513544
3 0.6856867943893261 0.6374493243243244 0.016562606910708346 0.010844594594594621
3 0.44184057475196714 0.6397128378378378 0.01637016763599037 0.010270270270270316
3 0.31955183031132406 0.6393918918918919 0.016755046185425893 0.010506756756756773
3 0.1968910366062265 0.25932432432432434 0.01720407115976741 0.01104729729729731
3 0.8069876838864182 0.6367905405405406 0.01688333903523788 0.010118243243243228
3 0.31833304823811154 0.25753378378378383 0.016318850496065664 0.010726351351351393
3 0.6837239137872051 0.25479729729729733 0.01649846048580221 0.010726351351351393
3 0.19898221005815944 0.6400337837837837 0.016254704071159812 0.011013513513513545
3 0.5614351693465618 0.2552871621621622 0.017345193294560392 0.011283783783783766
3 0.4401214505644886 0.256402027027027 0.016883339035237734 0.011402027027026994
0 0.09394885391720836 0.6051182432432434 0.008762401642148506 0.009324324324324304