3 0.2029799578059072 0.2049652777777778 0.016758966244725716 0.009965277777777809
3 0.703335970464135 0.19904513888888892 0.01644251054852311 0.011232638888888905
3 0.45271624472573835 0.20107638888888887 0.01664029535864984 0.012048611111111095
3 0.578151371308017 0.19970486111111113 0.016706223628691935 0.011666666666666667
3 0.20449630801687765 0.5958159722222223 0.016442510548523255 0.011545138888888763
3 0.32879746835443047 0.5954861111111112 0.015770042194092875 0.011284722222222286
3 0.7053533755274263 0.5931597222222222 0.016824894514768027 0.011024305555555619
3 0.9541930379746836 0.19687500000000002 0.01761603375527407 0.011232638888888905
3 0.4548127637130802 0.5944791666666668 0.016890822784810126 0.011631944444444571
3 0.8295226793248947 0.5924826388888889 0.01644251054852311 0.010069444444444381
3 0.5796677215189874 0.5938194444444445 0.01782700421940933 0.011180555555555619
3 0.9562236286919832 0.5914930555555556 0.01644251054852311 0.011024305555555619
2 0.34848364978902957 0.27081597222222226 0.02078059071729953 0.015486111111111143
2 0.8497099156118144 0.26550347222222226 0.020978375527426256 0.015069444444444476
2 0.22406381856540086 0.27164930555555555 0.020622362869198264 0.015607638888888857
2 0.5993539029535866 0.26750000000000007 0.020925632911392406 0.01449652777777781
2 0.7250395569620253 0.26666666666666666 0.022204641350210778 0.015017361111111047
2 0.4741693037974684 0.2699826388888889 0.021215717299578156 0.014670138888888858
2 0.226081223628692 0.6642708333333335 0.02054324894514763 0.01524305555555543
2 0.35025052742616036 0.6635937500000001 0.021624472573839565 0.015607638888888952
2 0.7270569620253164 0.6616145833333333 0.021954113924050632 0.015364583333333333
2 0.10044831223628695 0.2734722222222222 0.020002637130801665 0.015364583333333333
2 0.4754351265822785 0.6629340277777779 0.021110232067510597 0.015190972222222286
2 0.6013713080168777 0.6626041666666668 0.021624472573839565 0.0153125
3 0.2067642405063291 0.9872569444444443 0.017497362869198264 0.010434027777777905
2 0.8517273206751057 0.6609375 0.0214662447257383 0.0153125
3 0.7063554852320676 0.9867013888888889 0.018103902953586402 0.010677083333333334
3 0.45675105485232065 0.9879340277777777 0.01782700421940933 0.010677083333333334
3 0.5816851265822784 0.9872569444444443 0.01802478902953577 0.010399305555555429
3 0.8315400843881857 0.9859375 0.01708860759493671 0.010121527777777525
3 0.33081487341772153 0.9872569444444443 0.016824894514767885 0.01
3 0.9566455696202532 0.9839409722222223 0.016890822784810126 0.01022569444444457
2 0.10058016877637133 0.6649305555555556 0.020385021097046437 0.014010416666666666
3 0.3275184599156118 0.20274305555555558 0.017128164556962026 0.010468749999999952
3 0.8283227848101268 0.1985763888888889 0.017194092827004123 0.008923611111111096