3 0.18557671322566566 0.21749393857758623 0.017560541759875627 0.010400495858028004
2 0.20675588580314275 0.2841561153017242 0.0210695170981558 0.01508768015894399
2 0.33044726647752076 0.2828360721982759 0.02144547874154298 0.015737388873922384
3 0.30939341444783935 0.21584388469827587 0.017497881485977775 0.010524249898976261
3 0.433711397861196 0.2146888469827586 0.017842512992415956 0.010684098868534496
3 0.6833499290702751 0.21237877155172416 0.018108819156481895 0.010900668440193944
2 0.4550158909864688 0.2816810344827586 0.021899765727302473 0.015438316608297385
2 0.7049050632911392 0.27970096982758624 0.02139848353611952 0.014623602505387889
3 0.5585306634657355 0.2135338092672414 0.017638867102247865 0.011416310277478487
3 0.8071666302924487 0.2112237338362069 0.017435221212079778 0.010281898235452568
2 0.5800857976865998 0.2810210129310345 0.02124183285137489 0.014572038321659497
3 0.1873312008948058 0.6070716594827587 0.017905173266313808 0.010900668440193991
2 0.8292230467044959 0.27887594288793105 0.02219740202831734 0.01508768015894399
2 0.2087610145678743 0.6743938577586207 0.021194837645951575 0.015139244342672479
3 0.9319858958969882 0.21089372306034485 0.017638867102247865 0.010859417093211192
3 0.3111479021169795 0.6064116379310345 0.018046158882584044 0.010725350215517248
2 0.33220175414666087 0.6737338362068966 0.020991191755783487 0.015376439587823256
3 0.8091717590571803 0.6031115301724138 0.017905173266313808 0.010482998551993509
2 0.705907627673505 0.6714237607758621 0.020442914359177215 0.014345155913254264
3 0.6848537756438237 0.6041015625 0.01839079038902237 0.010941919787176744
3 0.4357165266259276 0.6057516163793104 0.018249804772752135 0.010281898235452521
3 0.5605357922304671 0.6050915948275862 0.018046158882584044 0.011024422481142248
2 0.4565197375600175 0.6737338362068966 0.021931095864251397 0.015737388873922478
2 0.8307268932780446 0.6704337284482759 0.021931095864251397 0.014850484913793024
2 0.5810883620689655 0.6720837823275863 0.021194837645951575 0.015139244342672479
3 0.9339910246617199 0.6024515086206897 0.017842512992415956 0.010482998551993509
3 0.31139240506329113 0.9933333333333333 0.015189873417721518 0.013333333333333334
3 0.4341772151898734 0.9933333333333333 0.017721518987341773 0.013333333333333334
3 0.18734177215189873 0.9933333333333333 0.020253164556962026 0.013333333333333334
3 0.6863576222173724 0.9945043103448277 0.018249804772752135 0.01060159617456899
3 0.5594936708860759 0.9933333333333333 0.020253164556962026 0.013333333333333334
3 0.8101743234395461 0.9931842672413794 0.017983498608686192 0.01052424989897645
3 0.9344923068529027 0.9925242456896552 0.017638867102247865 0.00989001043911647