2 0.09672527757376764 0.691211604095563 0.02054261891389813 0.015051194539249196
3 0.8128526374908195 0.6206655290102387 0.016796993130859375 0.010017064846416398
3 0.935900980688642 0.6200170648464163 0.016356331274031147 0.010170648464163795
3 0.6893117898647773 0.6216552901023891 0.01725061563053507 0.01090443686006817
3 0.1977534885730332 0.6245904436860067 0.01616192163131297 0.01022184300341299
3 0.3196872164859376 0.6239419795221842 0.01684883570225082 0.010460750853242379
3 0.5667689117380221 0.6229522184300341 0.016537780273901567 0.010580204778157166
2 0.46405581716853156 0.6892662116040955 0.02146282455609788 0.014641638225256012
2 0.340774182399447 0.6905631399317406 0.02069814662807279 0.014197952218430033
3 0.4427225990409124 0.6239419795221842 0.017056205987816892 0.010409556313993183
2 0.21846459584395386 0.691211604095563 0.019479846200371503 0.013395904436860064
2 0.7106450079923964 0.6879522184300341 0.020231563485548623 0.013600682593856656
2 0.5871041603663542 0.6886006825938565 0.020425973128267084 0.013703071672354857
2 0.8336933511902189 0.6873037542662115 0.021553549056033308 0.014078498293515432
3 0.810869659135093 0.2339419795221843 0.01596751198859451 0.010102389078498296
3 0.5647859333822958 0.23573378839590436 0.016537780273901567 0.010750853242320868
3 0.6873288115090508 0.23474402730375427 0.017056205987817038 0.010341296928327684
2 0.5851211820106277 0.30302047781569963 0.020542618913898164 0.013600682593856656
2 0.33877824340087265 0.3049829351535836 0.020672225342376994 0.014590443686006817
2 0.7091545340648896 0.30105802047781566 0.020114917699917977 0.013651877133105757
2 0.4625783038838726 0.30351535836177473 0.020620382770985404 0.014317406143344726
2 0.09511815786062988 0.3072696245733788 0.020231563485548876 0.01527303754266209
3 0.19552425800319695 0.23948805460750852 0.01648593770251005 0.010699658703071673
3 0.9339180023329158 0.2336006825938566 0.015850866202963575 0.010255972696245692
2 0.21661122391670623 0.3062798634812286 0.020387091199723536 0.014197952218430033
3 0.3174450252732535 0.23834470989761086 0.016732189916619886 0.01022184300341299
3 0.4412450857562535 0.2373720136518771 0.01699140277357755 0.010529010238907878
2 0.8322028772627121 0.2999146757679181 0.02106104462781349 0.014197952218430033
0 0.0771935888020046 0.910716723549488 0.008618827493843694 0.010460750853242568