3 0.32596054651568834 0.9743734270134229 0.017881369065236078 0.010201575772074421
3 0.2058955590144108 0.9743734270134229 0.017881369065236113 0.009930604256239425
3 0.6905570767894254 0.9737311241610739 0.017942501950929324 0.01000587412174923
3 0.44700366018805576 0.9743734270134229 0.01788136906523604 0.010241719700345963
3 0.5687803684887406 0.9743734270134229 0.018324582486511178 0.010086161978292693
2 0.2224014381515518 0.2827738307466443 0.020403100600077117 0.014180842662017596
3 0.20198305433005148 0.21806181837248323 0.01740758920111448 0.009930604256239518
3 0.8113556589190203 0.973088821308725 0.017208907322611967 0.010161431843802499
2 0.5878538288249924 0.6609296350671141 0.020479516707193432 0.014682641765415193
2 0.4663216520670801 0.6609296350671141 0.021518775763976473 0.015254692743288653
3 0.32253710491687393 0.2162954855285235 0.017667403965310205 0.010086161978292789
2 0.3430777545097605 0.28084692218959734 0.020999146235585023 0.01543534042051173
2 0.710119600211222 0.6596450293624162 0.021274244221203924 0.014281202482697116
2 0.3450340068519402 0.6615719379194632 0.020922730128468566 0.015375124528104038
3 0.44406928167478626 0.21501087982382552 0.018018918058045636 0.010437421350671154
2 0.46460993126767286 0.2795623164848994 0.021778590528172197 0.015615988097734904
2 0.22411315895095904 0.6622142407718121 0.020128002614458074 0.01519447685088096
2 0.7081633478690423 0.27763540792785235 0.021274244221203924 0.015023865155725673
3 0.6871336351906109 0.21276281984060405 0.017468722086807692 0.010608033045826346
2 0.8309181823408169 0.6583604236577182 0.02104499589985484 0.014451814177852308
3 0.5658459899754711 0.21388684983221481 0.017132491215495364 0.0109793643823406
3 0.20357250935807245 0.5966993498322148 0.01740758920111448 0.010437421350671154
3 0.8084212804057508 0.21179936556208054 0.0168115435656065 0.009815190462458052
2 0.8294509930841822 0.27699310507550334 0.021778590528172197 0.015084081048133366
2 0.5863866395683577 0.27892001363255037 0.020601782478579706 0.014853253460570481
3 0.3244933572590536 0.5960570469798658 0.017270040208304922 0.010567889117554614
3 0.9301979887064356 0.21115706270973153 0.01713249121549551 0.01043742135067113
3 0.6890898875327907 0.5934878355704699 0.017667403965310132 0.01068832090237
3 0.5673131792321058 0.5941301384228188 0.017407589201114407 0.010768608758913653
3 0.44578100247419344 0.5954147441275168 0.017331173093998096 0.010241719700346152
3 0.9326433041341602 0.971804215604027 0.017667403965310132 0.009815190462458077
3 0.8103775327479305 0.5925243812919464 0.01733117309399795 0.010276845637583847
3 0.9321542410486152 0.5918820784395974 0.017545138193923858 0.01020157577207423