3 0.196198211431287 0.235 0.01648593770251005 0.010529010238907878
2 0.09548105586037067 0.3027815699658703 0.019920508057199658 0.014863481228668908
3 0.31874108955804203 0.23320819112627983 0.01592863006005096 0.010136518771331093
3 0.6881323713656198 0.2302730375426621 0.01673218991662003 0.010290102389078489
3 0.8116732189916619 0.22928327645051194 0.01578606298872423 0.010136518771331093
3 0.5650840281677971 0.23124573378839586 0.01725061563053521 0.010460750853242284
3 0.4420356849699745 0.2325597269624573 0.01684883570225082 0.010648464163822572
3 0.19780533114442475 0.6215699658703071 0.017250615630535284 0.010409556313993183
3 0.9352140666177042 0.22863481228668942 0.015617574631701705 0.01022184300341299
2 0.09746403421609712 0.6882081911262798 0.02049077634250661 0.014692832764505207
3 0.3202315634855488 0.6209215017064845 0.0166673867023804 0.010051194539249195
3 0.4435261588974812 0.620273037542662 0.016796993130859375 0.010494880546074985
3 0.6901153497213462 0.618310580204778 0.01712100920205638 0.010784982935153758
2 0.2175314295589061 0.30146757679180886 0.0201537996284616 0.014078498293515339
3 0.8131636929191687 0.6173208191126279 0.016537780273901712 0.0099829351535836
2 0.8325139326910614 0.2959215017064846 0.020983280770726392 0.013924914675767942
3 0.5675595109517432 0.6192832764505118 0.01660258348814091 0.010648464163822572
0 0.07786754223009461 0.9063993174061431 0.009059489350671796 0.010836177474402575
2 0.34007430768566116 0.2996757679180887 0.02102216269926994 0.014522184300341318
2 0.7094655894932388 0.2964163822525597 0.020387091199723394 0.013976109215017043
2 0.46312265088348376 0.29820819112627983 0.02069814662807279 0.014317406143344726
2 0.5859247418671966 0.2975597269624573 0.019881626128655964 0.014027303754266238
3 0.936704540545211 0.6166723549488055 0.016356331274031147 0.00931740614334482
2 0.21889229705793403 0.6875597269624573 0.020076035771374283 0.013822525597269646
2 0.8344969110467879 0.6842832764505119 0.02146282455609788 0.014078498293515432
2 0.34156478161316806 0.6875597269624573 0.020853674342247417 0.013976109215017232
2 0.587907720222923 0.6862457337883958 0.020827753056551622 0.01365187713310585
2 0.7109560634207456 0.6849488054607508 0.02056854019959367 0.013822525597269646
2 0.4646131248109906 0.6868941979522183 0.02113880848490073 0.014470989761092217