3 0.18559978626769968 0.19133333333333333 0.016978359604595244 0.010070175438596512
3 0.6925060112209457 0.18535087719298246 0.016657761154154398 0.011350877192982457
3 0.43860539674058235 0.1874035087719298 0.01685813518567988 0.012175438596491214
3 0.5656826075340636 0.1860175438596491 0.016924926529521756 0.011789473684210539
3 0.18713598717606197 0.5862982456140351 0.01665776115415447 0.011666666666666667
3 0.31306438685546356 0.5859649122807017 0.01597648944696775 0.011403508771929865
3 0.694549826342506 0.5836140350877193 0.017045150948437192 0.011140350877193061
3 0.9466470745391397 0.1831578947368421 0.01784664707453913 0.011350877192982457
3 0.44072936147475283 0.5849473684210527 0.01711194229227878 0.01175438596491233
3 0.8203446433342239 0.5829298245614034 0.016657761154154398 0.010175438596491138
3 0.5672188084424259 0.584280701754386 0.01806037937483293 0.011298245614035144
3 0.9487042479294683 0.5819298245614035 0.016657761154154398 0.011140350877193061
2 0.33300828212663636 0.25787719298245615 0.021052631578947302 0.015649122807017572
2 0.8407961528185945 0.25250877192982457 0.02125300561047293 0.015228070175438594
2 0.20695965802831953 0.258719298245614 0.020892332353726915 0.015771929824561444
2 0.5871627037135987 0.2545263157894737 0.021199572535399374 0.014649122807017629
2 0.7144937216136787 0.25368421052631573 0.02249532460593093 0.015175438596491233
2 0.4603393000267165 0.2570350877192982 0.02149345444830351 0.014824561403508766
2 0.2090034731498798 0.6554736842105262 0.020812182741116722 0.015403508771929827
2 0.3347982901415976 0.6547894736842106 0.021907560780122796 0.01577192982456135
2 0.716537536735239 0.6527894736842105 0.02224151749933218 0.015526315789473794
2 0.0817258883248731 0.26056140350877194 0.02026449372161365 0.015526315789473699
2 0.46162169382847984 0.6541228070175439 0.02138658829815654 0.015350877192982466
2 0.589206518835159 0.6537894736842105 0.021907560780122796 0.015473684210526433
3 0.18943360940422121 0.9818596491228069 0.01772642265562384 0.01054385964912285
2 0.8428399679401549 0.6521052631578947 0.021747261554902555 0.015473684210526433
3 0.6955650547689021 0.9812982456140351 0.018340903018968752 0.010789473684210786
3 0.4426930269837029 0.9825438596491227 0.01806037937483293 0.010789473684210786
3 0.569262623563986 0.9818596491228069 0.018260753406358413 0.010508771929824736
3 0.8223884584557841 0.9805263157894736 0.017312316323804408 0.010228070175438309
3 0.3151082019770237 0.9818596491228069 0.017045150948437046 0.010105263157894721
3 0.9491317125300561 0.9785087719298244 0.017111942292278925 0.01033333333333341
2 0.08185947101255676 0.6561403508771929 0.020651883515896335 0.014157894736842232
3 0.31176863478493183 0.1890877192982456 0.017352391130109578 0.010578947368421012
3 0.8191290408763024 0.18487719298245614 0.017419182473951238 0.009017543859649113