2 0.09872926106360509 0.27988255033557047 0.019533778489421845 0.014563758389261732
3 0.3196053214322216 0.5899496644295303 0.015867202670936525 0.010805369127516921
3 0.5614460191462544 0.20874161073825503 0.015982182400436012 0.011241610738255
3 0.44186710046673255 0.5893120805369129 0.016557081047933814 0.010973154362415964
3 0.19941317752870238 0.5906040268456377 0.015867202670936525 0.011208053691275003
3 0.19807174735120772 0.21276845637583894 0.015151773242939379 0.011375838926174496
3 0.6846915136442614 0.588020134228188 0.016748713930432937 0.01040268456375846
3 0.9282441317752872 0.9653859060402686 0.016365448165434403 0.00978187919463077
3 0.4399124450652404 0.2100335570469799 0.015701120839437182 0.011493288590604039
3 0.682238612748271 0.20795302013422823 0.016046060027935863 0.010939597315436273
3 0.6856624535822574 0.9679530201342282 0.017272510475930886 0.009932885906040382
3 0.8074387626477703 0.9666610738255035 0.01695312233843206 0.009697986577181154
3 0.5629152045787484 0.5883557046979866 0.017272510475930886 0.010973154362415964
3 0.5643843900112425 0.9685906040268457 0.01700422444043191 0.01040268456375846
3 0.4435790208837257 0.9692281879194631 0.01766855176642942 0.010570469798657693
3 0.3218027118182128 0.9692281879194631 0.016429325792934327 0.010167785234899232
0 0.08344973256566621 0.9069295302013423 0.009249480461963 0.010687919463086927
3 0.20136783293019453 0.9685906040268457 0.01655708104793374 0.010117449664429614
3 0.9277586618062891 0.5857885906040269 0.01642932579293411 0.01102348993288596
2 0.09890811842060437 0.6570805369127517 0.019482676387422064 0.013892617449664423
2 0.46069822505365726 0.27667785234899334 0.020453616325418148 0.013959731543624135
2 0.8245579668177018 0.2723322147651007 0.01998092188192034 0.014395973154362404
2 0.7032671277211869 0.2734563758389262 0.02136067863591449 0.014278523489932885
2 0.33892191598814436 0.27731543624161076 0.019712635846421078 0.014731543624161058
2 0.21824430211562706 0.27812080536912753 0.02017255476441932 0.01468120805369125
2 0.34039110142063844 0.6561073825503356 0.020875208666916535 0.014966442953020001
2 0.5819890641501722 0.2750671140939598 0.020095901611419612 0.013842281879194616
2 0.4619246755016523 0.6548322147651007 0.020479167376418 0.0143959731543625
2 0.22019895751711924 0.6564261744966444 0.02055582052941771 0.014899328859060385
2 0.7057200286171772 0.6538590604026846 0.021156270227915365 0.014731543624160964
2 0.8265126222191941 0.6529026845637584 0.020721902360917123 0.015134228187919424
2 0.5839437195516642 0.6545134228187919 0.02068357578441727 0.014278523489932885
3 0.8061612100977754 0.5876174496644296 0.015982182400436157 0.008875838926174424
3 0.8041299015432835 0.20755033557046984 0.015994957925935867 0.008489932885906057
3 0.9253824140632986 0.206258389261745 0.015816100568936745 0.008204697986577164
3 0.3185705038667257 0.21186241610738255 0.015560590058937732 0.007483221476510072