2 0.09638532807555379 0.2954779730902778 0.020269401968782953 0.015545527140299479
3 0.19891537694488398 0.2270236545138889 0.017083083526997625 0.011277516682942709
3 0.3232133438818566 0.22519599066840282 0.017083083526997625 0.010597334967719215
3 0.5745854760021097 0.22320217556423613 0.017146178941686397 0.010799831814236143
3 0.4491517916007384 0.22419908311631948 0.017619394551852536 0.01075829399956594
3 0.6992620154272152 0.22170681423611113 0.01735123903942501 0.010675218370225725
3 0.8254528448048524 0.22070990668402782 0.015821175233221352 0.01011445787217885
3 0.2010606210443038 0.6211344401041666 0.01683070186824233 0.010716756184895834
2 0.09840438134559601 0.6889241536458335 0.020900356115671162 0.01490169101291239
3 0.3249800154931435 0.6204698350694445 0.017493203722474995 0.010311762491861979
3 0.9506341475474683 0.22021145290798613 0.01619974772135426 0.010233879089355469
3 0.7017858320147681 0.6181437174479166 0.017414334454113924 0.010716756184895834
3 0.4504136998945148 0.6201375325520834 0.0168307018682424 0.010233879089355469
3 0.826967134757384 0.6168145073784723 0.0166414156241758 0.010353300306532181
2 0.22036781793908228 0.294647216796875 0.020584879042227056 0.014278623792860212
3 0.576604529272152 0.619140625 0.017146178941686397 0.01059733496771912
2 0.8466529041402954 0.28783501519097227 0.021547084116231636 0.014330546061197916
3 0.9531579641350212 0.61614990234375 0.016704511038864715 0.010275416904025671
2 0.3449181665348101 0.2928195529513889 0.02142089328685395 0.015015920003255209
2 0.4700994692774262 0.2906595865885417 0.02126315475013181 0.014777077568901878
2 0.5957855353375527 0.2899949815538195 0.02015898499307753 0.014060550265841982
2 0.7214716013976794 0.288665771484375 0.0207426175789492 0.014330546061197916
0 0.07865551654799578 0.9115668402777779 0.008904340397959532 0.011017905341254467
2 0.2221344895503692 0.6882595486111112 0.019733090943928007 0.013520558675130209
2 0.8486719574103376 0.6842719184027778 0.021752144213970103 0.014060550265842077
2 0.34693721980485237 0.687594943576389 0.020853034554654582 0.014226701524522507
2 0.7229858913502111 0.6849365234375001 0.020458688212849515 0.013894399007161459
2 0.597804588607595 0.6856011284722223 0.020900356115671197 0.014112472534179688
2 0.47211852254746833 0.6869303385416667 0.021468214847870565 0.014496697319878536