3 0.20104088563489614 0.22135888501742162 0.01681735985533453 0.01
3 0.7031402990340934 0.21541811846689896 0.01649980152604436 0.011271777003484355
3 0.45164733383319366 0.21745644599303138 0.016698275481850707 0.012090592334494754
3 0.5775195166056544 0.21608013937282233 0.016764433467119488 0.011707317073170695
3 0.20256251929607905 0.6135714285714287 0.016499801526044217 0.01158536585365842
3 0.327296784721916 0.613240418118467 0.01582499007630229 0.01132404181184673
3 0.7051647333833194 0.6109059233449479 0.016883517840603383 0.011062717770034852
3 0.954871432981961 0.21324041811846692 0.017677413663829057 0.011271777003484355
3 0.45375115776474223 0.6122299651567945 0.016949675825872167 0.01167247386759584
3 0.8297666828386188 0.610226480836237 0.01649980152604436 0.010104529616724752
3 0.5790411502668372 0.6115679442508711 0.017889119216689363 0.011219512195121979
3 0.9569090989282407 0.609233449477352 0.01649980152604436 0.011062717770034852
2 0.3470515591231862 0.28743902439024394 0.020852996956732626 0.015540069686411187
2 0.8500242579279319 0.2821080139372823 0.021051470912539116 0.015121951219512179
2 0.22219820932386541 0.28827526132404185 0.020694217792087504 0.015662020905923366
2 0.5987959246681075 0.28411149825783977 0.020998544524324148 0.014547038327526138
2 0.7249195077845897 0.28327526132404185 0.02228200943853907 0.015069686411149802
2 0.47317514223966833 0.286602787456446 0.021289639659506907 0.014721254355400693
2 0.2242226436730914 0.6822648083623694 0.02061482820976491 0.015296167247386734
2 0.34882459312839065 0.6815853658536586 0.021699819168173557 0.015662020905923366
2 0.7269439421338156 0.6795993031358886 0.0220306090945179 0.015418118466899007
2 0.09815198694482426 0.2901045296167248 0.020072332730560548 0.015418118466899007
2 0.47444537555682975 0.6809233449477352 0.021183786883076827 0.015243902439024359
2 0.6008203590173334 0.6805923344947735 0.021699819168173557 0.015365853658536632
2 0.852048692277158 0.6789198606271777 0.021541040003528366 0.015365853658536632
3 0.9556962025316456 0.9966666666666667 0.017721518987341773 0.006666666666666667
2 0.09828430291536189 0.6829268292682927 0.020456049045119752 0.014059233449477423
3 0.3260133198077008 0.21912891986062719 0.017187844572839953 0.010505226480836143
3 0.8285626075067262 0.21494773519163762 0.017254002558108737 0.008954703832752577