3 0.1641464066257013 0.2017017543859649 0.016190221747261552 0.009350877192982427
3 0.5443093775046755 0.19712280701754387 0.017045150948437046 0.01157894736842105
3 0.4172321667111942 0.19829824561403508 0.016657761154154398 0.012175438596491214
3 0.6736842105263159 0.5962280701754387 0.017045150948437192 0.011000000000000038
3 0.2916911568260754 0.598578947368421 0.01615014694095653 0.011403508771929865
2 0.18558642799893135 0.26949122807017545 0.021199572535399443 0.015228070175438594
2 0.4382046486775314 0.26629824561403503 0.020932407160032012 0.014596491228070173
2 0.3116350520972482 0.2673157894736842 0.0210927063852524 0.015052631578947361
2 0.8194229227892065 0.263438596491228 0.021052631578947448 0.015175438596491233
2 0.5657894736842105 0.26529824561403503 0.021787336361207506 0.015
2 0.6925995191023243 0.2644561403508772 0.022642265562383145 0.015403508771929732
2 0.1874966604328079 0.6667368421052632 0.021199572535399443 0.015228070175438499
2 0.5678332888057707 0.6650701754385964 0.022001068661501453 0.015052631578947361
2 0.31342506011220944 0.6664035087719299 0.02204114346780655 0.015473684210526433
2 0.4402484637990916 0.6657368421052632 0.021333155223083124 0.014824561403508862
3 0.16844776916911566 0.9941403508771928 0.01744589901148809 0.010578947368420966
2 0.6951643067058509 0.6640526315789473 0.02224151749933218 0.01510526315789472
2 0.8214667379107669 0.6633859649122807 0.02190756078012294 0.015578947368420965
2 0.06048624098316858 0.27150877192982453 0.02029121025915041 0.015403508771929732
3 0.5483970077477958 0.9941403508771928 0.01862142666310457 0.010999999999999848
3 0.42078546620358 0.9938596491228069 0.018701576275714622 0.012280701754386125
3 0.6741918247395138 0.9934736842105262 0.017993588030991343 0.010789473684210786
3 0.29398877905423454 0.9941403508771928 0.0171787336361208 0.010631578947368325
3 0.8005076142131979 0.9921403508771929 0.01744589901148816 0.010035087719298114
3 0.9278386321132782 0.9907894736842104 0.017178733636120654 0.010578947368420966
2 0.06048624098316858 0.6677543859649123 0.02077210793481166 0.01340350877192975
3 0.29047555436815387 0.20005263157894737 0.016991717873363635 0.009807017543859663
3 0.6713465134918515 0.1961578947368421 0.01744589901148816 0.009245614035087755
3 0.797929468340903 0.1954561403508772 0.01760619823670855 0.00931578947368422
3 0.9248597381779321 0.194859649122807 0.017339032861341332 0.009982456140350896
3 0.4188885920384718 0.5983859649122806 0.016777985573069688 0.01164912280701761
3 0.5456318461127437 0.5978596491228069 0.017245524979962533 0.010122807017543778
3 0.7998530590435479 0.5957368421052631 0.01649746192893401 0.010070175438596417
3 0.9269436281057974 0.5947543859649123 0.016056639059577944 0.00878947368421052
3 0.16619022174726153 0.5993157894736842 0.016590969810312592 0.010561403508771909