2 0.7081601539876674 0.2769966442953021 0.020926310768916535 0.014899328859060385
3 0.20186607842469254 0.21582214765100674 0.017668551766429275 0.010570469798657717
2 0.8294509930841822 0.2761912751677853 0.0215139849419139 0.01531879194630875
2 0.5868820904166525 0.27859060402684566 0.020453616325418148 0.01468120805369125
2 0.4646075358566416 0.2789261744966443 0.021271249957414924 0.01585570469798654
3 0.32302916226620787 0.21404362416107384 0.017208632848431143 0.010721476510067116
2 0.3433166967601268 0.2800503355704698 0.02107961707491566 0.016224832214765096
3 0.44406449085272376 0.21276845637583894 0.01793683780192825 0.010805369127516755
2 0.22252410315810994 0.2818120805369128 0.02040251422341844 0.015134228187919424
3 0.6871316390147516 0.2106711409395973 0.017668551766429133 0.010771812080536899
3 0.8084224781112663 0.20954697986577184 0.01741304125643059 0.010285234899328847
0 0.08387132490716454 0.9075671140939598 0.008891765747964428 0.010973154362416153
2 0.7101148093891596 0.6577181208053692 0.021156270227915365 0.01374161073825519
3 0.5658407999182368 0.2119630872483222 0.016953122338432203 0.011241610738255048
3 0.20369297857118523 0.5947651006711411 0.017464143358430155 0.010855704697986539
2 0.8314056484856744 0.6561073825503356 0.021437331788914195 0.014731543624160964
2 0.3450286171771199 0.6596476510067114 0.020632473682417416 0.015134228187919424
3 0.3242428371887031 0.5941275167785236 0.01754079651142986 0.01043624161073827
2 0.22472149354410115 0.6602852348993289 0.02068357578441727 0.01479865771812096
3 0.9301987871767793 0.20907718120805371 0.017604674138929424 0.010855704697986563
2 0.5878530303546486 0.6577181208053692 0.021002963921916095 0.014966442953020001
3 0.6890862944162437 0.5915604026845639 0.017885735699928542 0.01040268456375846
3 0.44577641126971695 0.5931711409395973 0.01754079651142986 0.009932885906040193
3 0.5673099853507308 0.59251677852349 0.01754079651142986 0.010721476510067116
3 0.8103771335127586 0.590268456375839 0.017604674138929424 0.010318791946308655
2 0.46631945627363475 0.659010067114094 0.02165451572241346 0.015436241610738269
3 0.9321534425782715 0.5896308724832215 0.017336388103430595 0.010167785234899232
3 0.20614587946717547 0.9743791946308726 0.01793683780192825 0.01040268456375846
3 0.3259547576056962 0.9743791946308726 0.01832010356692675 0.010352348993288843
3 0.6905554798487378 0.9730872483221479 0.017885735699928542 0.01040268456375846
3 0.8113608489762547 0.9724496644295304 0.017464143358430297 0.010083892617449616
3 0.44700286171771203 0.9743791946308726 0.018077368582427665 0.010469798657718077
3 0.5687791707832249 0.9743791946308726 0.018077368582427665 0.010167785234899232
3 0.9326389125472695 0.9718120805369129 0.017668551766429133 0.009731543624161152