2 0.3430777545097605 0.7001101090604028 0.020754614692812475 0.014963649263317886
2 0.22252370392293805 0.7007524119127517 0.020403100600077044 0.014512030070260001
2 0.5863866395683577 0.6988255033557048 0.020403100600077117 0.015254692743288653
2 0.46460993126767286 0.6994678062080537 0.02087688046419875 0.01508408104813346
2 0.7076742847834976 0.6981832005033558 0.020555932814309744 0.014120626769609809
3 0.4435802185892414 0.6339529152684564 0.016811543565606647 0.010086161978292693
2 0.8289619299986373 0.6968985947986578 0.020724048249965835 0.014281202482697116
2 0.10050246407948081 0.3219543047399329 0.019333275100447578 0.015134260958473172
3 0.3222925733741015 0.6345952181208054 0.016307197258638374 0.009775046534186154
3 0.686644572105066 0.6320260067114094 0.01661286168710406 0.010121287915530578
3 0.8079322173202059 0.6313837038590605 0.016123798601558964 0.00969977666867654
2 0.10282551373581916 0.7007524119127517 0.020128002614458074 0.015736419882550385
3 0.20149399124450654 0.6352375209731544 0.016949092558416097 0.010161431843802499
2 0.34136603371035334 0.31906394190436244 0.02107556234270134 0.015023865155725673
2 0.22081198312353081 0.3205091233221477 0.02055593281430989 0.014341418375104904
2 0.46265367892549314 0.3179399119127517 0.020678198585696164 0.015023865155725673
3 0.4421130293326066 0.2527461723993289 0.016811543565606647 0.010527745189282693
2 0.7062070955268627 0.3158524276426175 0.020555932814309744 0.014963649263317981
2 0.5844303872261779 0.31713703334731547 0.02104499589985484 0.014853253460570481
3 0.3205808525746943 0.2538702023909396 0.016246064372945273 0.010276845637583847
3 0.9287307994498009 0.630420249580537 0.01675041067991351 0.010086161978292693
2 0.8270056776564576 0.314888973364094 0.0206323489214262 0.014903433370910192
3 0.806465028063571 0.24905293099832215 0.01661286168710406 0.01020157577207423
3 0.6846883197628864 0.25001638527684567 0.016368330144331512 0.010121287915530578
3 0.9272636101931659 0.24857120385906042 0.016246064372945238 0.010241719700346057
3 0.19990453621648555 0.25531538380872487 0.015986249608749514 0.010276845637583942
3 0.5653569268899261 0.6339529152684564 0.016689277794220372 0.011370767682990768
3 0.5634006745477464 0.2508192638422819 0.01675041067991351 0.01114997607749577