2 0.1033757097070572 0.7078177432885907 0.02080046435708233 0.01508408104813346
2 0.4633872735538106 0.3259686975671141 0.020800464357082292 0.015023865155725673
2 0.22276823546571053 0.7071754404362417 0.019898754293108917 0.014281202482697116
2 0.3420996283386707 0.32709272755872487 0.02107556234270134 0.014903433370910192
2 0.5849194503117229 0.32500524328859065 0.02020441872157453 0.014622425873007595
2 0.5868757026539025 0.7058908347315437 0.020372534157230476 0.014903433370910192
2 0.4650989943532178 0.7065331375838927 0.020999146235585023 0.01543534042051173
2 0.7066961586124076 0.3238812132969799 0.02060178247857985 0.014562209980599808
2 0.34356681759530544 0.7071754404362417 0.02087688046419875 0.014682641765415193
3 0.32253710491687393 0.6423028523489933 0.01655172880141085 0.010648176974098079
3 0.44431381321755875 0.6419817009228188 0.016246064372945238 0.0103571334941275
3 0.2021053201014377 0.6429451552013423 0.017010225444109236 0.010477565278942886
2 0.7081633478690423 0.7046062290268457 0.020922730128468566 0.014070446859270192
3 0.32131444720301167 0.2609355337667786 0.015986249608749514 0.01068832090237
3 0.9292198625353457 0.2554759595218121 0.016429463030024506 0.01114997607749577
3 0.5658459899754711 0.6410182466442954 0.01655172880141078 0.01128044384437923
2 0.8299400561697272 0.7039639261744968 0.021809156971018838 0.014451814177852308
3 0.20027133353064425 0.262541290897651 0.016872676451299713 0.011019508310612405
3 0.5638897376332913 0.2591692009228188 0.016612861687103915 0.011200155987835577
3 0.44284662396092395 0.25997207948825507 0.01675041067991351 0.011330623754718943
2 0.8279838038275475 0.3229177590184564 0.021243677778357284 0.014793037568162788
2 0.22142331198046197 0.3291802118288591 0.0199751704002253 0.014180842662017596
3 0.6851773828484312 0.2577240195050336 0.016872676451299785 0.010121287915530578
3 0.807443154234661 0.2570817166526846 0.016872676451299785 0.01020157577207423
3 0.9306870517919805 0.6384490352348994 0.0168115435656065 0.010086161978292693
3 0.6871336351906109 0.6400547923657719 0.0168115435656065 0.010567889117554614
3 0.8089103434912956 0.6390913380872484 0.0168115435656065 0.009624506803166923
2 0.1012360587077982 0.3301436661073826 0.020372534157230515 0.015375124528104038
0 0.08387431917095357 0.9082162332214765 0.008489829500631332 0.010808752687185385