3 0.6949367088607595 0.9933333333333333 0.017721518987341773 0.013333333333333334
3 0.569620253164557 0.995 0.015189873417721518 0.01
3 0.19367088607594937 0.995 0.017721518987341773 0.01
3 0.31772151898734174 0.995 0.017721518987341773 0.01
3 0.4443037974683544 0.995 0.017721518987341773 0.01
2 0.4660168482335818 0.6704355400696864 0.02212323027389417 0.015470383275261384
3 0.8215189873417722 0.9933333333333333 0.017721518987341773 0.013333333333333334
2 0.7182640144665461 0.6691114982578398 0.02142195563004476 0.014947735191637624
2 0.34040929740219644 0.6710975609756098 0.021210250077184307 0.015296167247386734
2 0.08986900718916774 0.28062717770034845 0.021263176465399384 0.015783972125435544
2 0.592140431350064 0.669773519163763 0.021263176465399422 0.01571428571428574
3 0.19237418956468044 0.21142857142857144 0.017558329290345308 0.01118466898954703
2 0.21554271600582192 0.6717770034843207 0.0207736073744101 0.015418118466899007
3 0.3171084549905173 0.2095993031358885 0.017201076169893696 0.010871080139372869
0 0.06966435848806952 0.9388675958188153 0.009685529043355515 0.010714285714285931
2 0.8438847968949852 0.6677700348432056 0.021369029241829502 0.015418118466899007
1 0.9451859039386056 0.994233449477352 0.010757288404710656 0.010261324041811879
3 0.44271600582190274 0.20825783972125436 0.017478939708022855 0.011010452961672475
3 0.5688395889383849 0.20693379790940766 0.017478939708022855 0.011358885017421633
3 0.19389582322586338 0.6050871080139373 0.01701583381114102 0.010261324041811879
2 0.33863626339699204 0.27763066202090597 0.021620429585851104 0.015783972125435544
2 0.46449521457239895 0.27611498257839723 0.022162925065055322 0.0160975609756098
3 0.694460371366824 0.20609756097560977 0.017478939708022855 0.010923344947735197
3 0.69648480571605 0.6020731707317073 0.016618885899527966 0.010069686411149708
2 0.21365059762713362 0.27912891986062716 0.020495743836281086 0.014947735191637624
2 0.71623958011732 0.2739547038327526 0.021130860494861712 0.015
2 0.590115997000838 0.27479094076655053 0.021130860494861712 0.015470383275261288
3 0.8216027874564462 0.6007491289198605 0.01626163277907628 0.00939024390243901
2 0.09157588320910334 0.6721080139372823 0.021541040003528435 0.0159581881533101
3 0.8200811537952631 0.2050871080139373 0.01630132757023758 0.009965156794425098
3 0.5708772548846646 0.6027526132404182 0.017015833811141093 0.010191637630661983
3 0.31888148899572183 0.6040766550522648 0.016764433467119488 0.010348432055749299
2 0.8418603625457594 0.2732926829268293 0.021501345212367066 0.015365853658536537
3 0.4447536717681825 0.6034146341463414 0.017015833811141093 0.010034843205574854
1 0.9441803025625194 0.5997386759581882 0.009950160984430734 0.008763066202090499
1 0.9416398359281967 0.20543554006968642 0.009725223834516615 0.010104529616724752
0 0.07625369382084418 0.9141986062717771 0.0057160499272262 0.009686411149825744