3 0.19190984320557491 0.19663613349303136 0.018440569282571775 0.01067073170731708
3 0.3170207956600362 0.19546902221254356 0.01809233535620559 0.01067073170731708
3 0.4441578364133551 0.5902860953832754 0.01851971335674586 0.011014612709603662
3 0.5682557447183875 0.19230114873693382 0.018029020096866324 0.01109797780106708
3 0.5697753109425308 0.5892857142857143 0.01858302861608527 0.011358493711890294
2 0.3400675500595422 0.6586454703832754 0.022461088250617472 0.01646460556402436
3 0.4423850091518547 0.19380172038327528 0.018377254023232436 0.011275128620426832
3 0.8199972158514534 0.19030038654181186 0.0178865607633529 0.010227854658917674
3 0.6958993075464209 0.5882853331881533 0.018171479430379747 0.010670731707317032
3 0.19330277891103959 0.5916199368466899 0.01782324550401356 0.011014612709603662
3 0.3187936229215366 0.5912864764808362 0.018171479430379747 0.010634259479801737
2 0.4659382856260751 0.6586454703832754 0.0216696475088762 0.01646460556402436
3 0.6938732192475632 0.19113403745644603 0.017348381058968698 0.010431057069359753
2 0.5915557601552508 0.657978549651568 0.022255313657764782 0.015422541920731685
2 0.21495659760508093 0.6593123911149826 0.022081196694581653 0.016214510289634065
3 0.8225298262250255 0.5876184124564461 0.018234794689719013 0.01019138243140238
3 0.4459306636748556 0.9834358667247388 0.01858302861608527 0.010670731707317221
2 0.843803753363031 0.6559777874564461 0.022002052620407567 0.015537168921493958
3 0.32056645018303714 0.9834358667247388 0.017554155651821533 0.010712414253048716
2 0.7176797567591409 0.6566447081881533 0.02182793565722437 0.01559969274009139
3 0.6969123516958498 0.9821020252613242 0.01809233535620559 0.010509211842606874
3 0.19558212824725446 0.9827689459930314 0.018171479430379747 0.010670731707317221
2 0.09180841819013806 0.2661626197735192 0.015164004611762903 0.015360018102134158
3 0.945614690380629 0.18963346581010454 0.017949876022692168 0.010879144435975594
3 0.8230363482997398 0.9814351045296168 0.018171479430379747 0.009878763338414653
2 0.3385479838353989 0.2629947462979094 0.022160340768755737 0.01640208174542683
3 0.571294877166674 0.9827689459930314 0.01829810994905828 0.010634259479801737
3 0.9481473007542012 0.9801012630662022 0.017411696318308252 0.01047273961509139
3 0.9481473007542012 0.586618031358885 0.018171479430379747 0.010879144435975641
2 0.21331040086225908 0.26432858776132406 0.022081196694581653 0.01615198647103663
2 0.7156536684602832 0.2593266822735192 0.022255313657764637 0.01583936737804881
2 0.8412711429894589 0.2584930313588851 0.0215746746198673 0.015714319740853664
2 0.09345461493295992 0.6606462325783973 0.015393522426867853 0.015901891196646336
2 0.5900361939311075 0.260493793554007 0.021907079731398525 0.015714319740853664
2 0.4641654583645746 0.2623278255662021 0.021416386471518986 0.015005716463414653
0 0.07376356927843691 0.9127422691637631 0.009465631271225692 0.010389374523628021