2 0.8294509930841822 0.2659060402684564 0.020926310768916535 0.01468120805369125
2 0.3435722072701258 0.2700838926174497 0.020875208666916535 0.014966442953020192
2 0.4650930058256397 0.2688087248322148 0.021002963921916095 0.01550335570469798
3 0.4474883316867101 0.966023489932886 0.01700422444043191 0.010318791946308845
2 0.7081601539876674 0.26671140939597315 0.02076022893741683 0.014563758389261732
2 0.22289459339760845 0.27152684563758395 0.020453616325418148 0.014395973154362404
2 0.10263857186658945 0.27313758389261744 0.020274758968418915 0.015083892617449711
1 0.9292150717132832 0.9634563758389263 0.010629237215957535 0.009731543624161152
2 0.5863838449221546 0.26751677852348993 0.020555820529417852 0.014966442953020192
1 0.9277586618062891 0.5812919463087249 0.010718665894457241 0.010167785234899232
2 0.10447824753858209 0.6516107382550337 0.021194596804415218 0.015251677852349039
3 0.8098916635437606 0.5819295302013423 0.01741304125643059 0.010352348993288463
3 0.6890862944162437 0.5832046979865773 0.017464143358430297 0.011208053691275003
3 0.20345024358668623 0.5861073825503356 0.016876469185432497 0.010469798657718077
3 0.5673099853507308 0.5844966442953021 0.017208632848431177 0.010906040268456346
3 0.20210881340919157 0.20634228187919465 0.017004224440431984 0.01057046979865774
3 0.8113608489762547 0.9647315436241611 0.016748713930432937 0.009815436241610768
3 0.32400010220420405 0.5851342281879195 0.017208632848431177 0.010906040268456346
3 0.3225309167717099 0.20473154362416107 0.01642932579293429 0.01031879194630875
2 0.4665621912581338 0.6503355704697987 0.021271249957414924 0.01501677852349
2 0.3450286171771199 0.6509731543624162 0.020530269478418 0.014848993288590578
3 0.5653553299492385 0.20216442953020133 0.016557081047933814 0.010771812080536876
3 0.4438217558682247 0.20328859060402685 0.01668483630293323 0.01043624161073827
2 0.5883385003236467 0.6490436241610739 0.02068357578441727 0.01501677852349
3 0.44577641126971695 0.5848154362416108 0.01700422444043191 0.010352348993288463
2 0.2246065138146016 0.6519295302013424 0.02027475896841888 0.014681208053691346
2 0.8309201785166764 0.6474496644295303 0.020875208666916535 0.014563758389261732
2 0.7101148093891596 0.6487248322147651 0.02095186181991624 0.014127516778523462
3 0.6871316390147516 0.2013590604026846 0.016557081047933814 0.010805369127516779
3 0.5687791707832249 0.9653859060402686 0.01713197969543147 0.010352348993288843
3 0.8079370081422683 0.2007214765100671 0.016250468435934987 0.009882550335570433
0 0.08399908016216401 0.9075671140939598 0.00968384832896127 0.010285234899329225
1 0.9267749463427929 0.2007214765100671 0.00999046094095988 0.00993288590604024
3 0.3262102681156952 0.966023489932886 0.017068102067931728 0.010469798657718077
3 0.6900700098797397 0.9647315436241611 0.01687646918543264 0.01020134228187923
3 0.20589036895717647 0.966023489932886 0.017004224440431984 0.009848993288590388