3 0.30363015657396153 0.9947183098591548 0.017426896403803533 0.01056338028169004
2 0.19621491440712804 0.2697066186179577 0.02161736330498855 0.0157012939453125
3 0.17453340462348965 0.20129910321302816 0.01832985627418541 0.01095194212147888
3 0.4281685812048688 0.19826625770246478 0.018410039372497668 0.011257332815250862
2 0.4499783839458068 0.2666737731073944 0.022194681612836952 0.016006684639084483
3 0.4309805533709873 0.9947183098591548 0.01742689640380346 0.01056338028169004
2 0.32245518438996923 0.267853213028169 0.0222909013308116 0.016322606046434866
3 0.5562049525899049 0.19725530919894366 0.017977050641611456 0.01165749993122797
3 0.3011585534782298 0.1994456976232394 0.017977050641611383 0.0112152099609375
3 0.1782905555158361 0.9947183098591548 0.018767426896403816 0.01056338028169004
3 0.5590012154143132 0.9947183098591548 0.018767426896403816 0.01056338028169004
3 0.6834715662311431 0.19590737786091547 0.01876284500507162 0.011436354946082758
3 0.686351612211339 0.9947183098591548 0.018767426896403816 0.01056338028169004
2 0.7055379548866804 0.2646518761003521 0.02185791259992539 0.015227411834286973
2 0.5777581694162436 0.26599980743838025 0.021954132317900037 0.015111573984925145
3 0.8138172108475726 0.9943882042253521 0.01826570979553569 0.010456998583296505
3 0.8107381798723814 0.19472793794014082 0.01826570979553569 0.010994064975792242
2 0.8328045685279187 0.263640927596831 0.02262767034372316 0.015638109663842385
3 0.5582576399066991 0.5967484595070423 0.018682661906759365 0.011341578523877729
3 0.3026980689658254 0.5984333736795774 0.018474185851147528 0.010951942121478927
3 0.17632950602568456 0.5991073393485915 0.017977050641611383 0.010994064975792335
2 0.3245078717067634 0.666840889084507 0.021745656262288204 0.01563810966384248
2 0.5792976849038393 0.6651559749119718 0.021954132317900037 0.01563810966384248
2 0.4517744853480017 0.666840889084507 0.02198620555722497 0.01613305320202471
3 0.6855242535479373 0.5957375110035211 0.01930809007359502 0.011299455669564319
3 0.4304778544362622 0.5977594080105633 0.018682661906759365 0.010620224643761085
3 0.9385179653428183 0.19422246368838028 0.018185526697223436 0.011257332815250862
2 0.19736955102282475 0.6681888204225351 0.021040044997140222 0.015111573984925145
3 0.8127908671891756 0.5947265625 0.0186185154281095 0.011088841397997271
2 0.8348572558447129 0.6634710607394366 0.022290901330811744 0.015164227552816859
3 0.9410838244888109 0.993040272887324 0.01841003937249781 0.01029903787962136
2 0.707077470374276 0.6651559749119718 0.021697546403300877 0.01414274833571748
3 0.9405706526596125 0.5940525968309859 0.01876284500507162 0.010746593206701125
0 0.04928047378023101 0.92556024835781 0.020427170277474687 0.02248200545924419