3 0.18426395939086293 0.21589473684210528 0.016978359604595244 0.010070175438596512
3 0.6911701843441089 0.20991228070175438 0.016657761154154398 0.01135087719298241
3 0.4372695698637456 0.21196491228070172 0.01685813518567988 0.012175438596491214
3 0.5643467806572269 0.210578947368421 0.016924926529521756 0.011789473684210539
3 0.18580016029922522 0.610859649122807 0.01665776115415447 0.011666666666666667
3 0.31172855997862675 0.6105263157894736 0.01597648944696775 0.011403508771929865
3 0.6932139994656693 0.6081754385964913 0.017045150948437192 0.011140350877193061
3 0.9453112476623028 0.20771929824561405 0.01784664707453913 0.011350877192982457
3 0.43939353459791614 0.6095087719298246 0.01711194229227878 0.01175438596491233
3 0.8190088164573871 0.6074912280701754 0.016657761154154398 0.010175438596491138
3 0.565882981565589 0.6088421052631579 0.01806037937483293 0.011298245614035144
3 0.9473684210526315 0.6064912280701753 0.016657761154154398 0.011140350877193061
2 0.33167245524979966 0.28243859649122804 0.021052631578947302 0.015649122807017572
2 0.8394603259417579 0.27707017543859647 0.02125300561047293 0.015228070175438594
2 0.20562383115148275 0.2832807017543859 0.020892332353726915 0.015771929824561444
2 0.5858268768367619 0.2790877192982456 0.021199572535399374 0.014649122807017629
2 0.7131578947368421 0.27824561403508774 0.02249532460593093 0.015175438596491233
2 0.45900347314987977 0.2815964912280702 0.02149345444830351 0.014824561403508766
2 0.20766764627304302 0.6800350877192982 0.020812182741116722 0.015403508771929827
2 0.3334624632647608 0.6793508771929825 0.021907560780122796 0.01577192982456135
2 0.7152017098584024 0.6773508771929824 0.02224151749933218 0.015526315789473794
2 0.08039006144803634 0.2851228070175439 0.02026449372161365 0.015526315789473699
2 0.46028586695164303 0.6786842105263158 0.02138658829815654 0.015350877192982466
2 0.5878706919583221 0.6783508771929825 0.021907560780122796 0.015473684210526433
2 0.8415041410633183 0.6766666666666665 0.021747261554902555 0.015473684210526433
3 0.9471012556772642 0.9982456140350877 0.016029922522041024 0.003508771929824661
2 0.08052364413572001 0.6807017543859648 0.020651883515896353 0.014157894736842232
3 0.3104328079080951 0.21364912280701753 0.017352391130109578 0.010578947368420966
3 0.8177932139994657 0.20943859649122804 0.017419182473951238 0.009017543859649113