3 0.32571601497291597 0.9743734270134229 0.01780495295811973 0.010241719700345963
3 0.4467591286452833 0.9743734270134229 0.01788136906523604 0.010316989565855769
3 0.5682913054031956 0.9743734270134229 0.01804948450089213 0.010201575772074421
3 0.6900680137038804 0.9737311241610739 0.01774382007242659 0.010086161978292693
3 0.20565102747163833 0.9743734270134229 0.017881369065236113 0.010161431843802499
3 0.20149399124450654 0.21549260696308725 0.01780495295811973 0.010437421350671154
2 0.22215690660877938 0.28004404362416113 0.02067819858569609 0.015023865155725673
2 0.22423542472234528 0.6615719379194632 0.021044995899854767 0.014451814177852308
2 0.5873647657394475 0.6596450293624162 0.020754614692812475 0.014732821675755
3 0.8108665958334753 0.973088821308725 0.017468722086807692 0.010241719700345963
2 0.4660771205243076 0.6602873322147652 0.021518775763976473 0.01508408104813346
3 0.322537104916874 0.21388684983221481 0.01746872208680758 0.010316989565855698
2 0.7096305371256773 0.6583604236577182 0.020953296571315207 0.014070446859270192
2 0.34283322296698804 0.27859886220637586 0.021274244221203924 0.015796635774958077
2 0.34454494376639533 0.6609296350671141 0.020800464357082292 0.014903433370910192
2 0.46436539972490043 0.27747483221476515 0.021151978449817796 0.01555577220532721
3 0.6871336351906109 0.21051475985738258 0.017606271079617142 0.010477565278942932
3 0.4435802185892414 0.21260224412751677 0.01780495295811973 0.010608033045826323
2 0.5863866395683577 0.27683252936241615 0.020922730128468566 0.014732821675755
2 0.7081633478690423 0.2757084993708054 0.02107556234270148 0.014622425873007595
3 0.5653569268899261 0.21163878984899331 0.017407589201114407 0.011019508310612405
3 0.20320571204391374 0.5957358955536913 0.017881369065236113 0.010648176974098079
3 0.8079322173202059 0.2095513055788591 0.017208907322611967 0.010046018050020962
2 0.8289619299986373 0.2747450450922819 0.021656324756785923 0.014963649263317981
2 0.8309181823408169 0.6573969693791947 0.020999146235585023 0.014341418375104808
3 0.3240042941735087 0.5950935927013423 0.017331173093998096 0.010648176974098079
3 0.9297089256208906 0.20906957843959734 0.01727004020830496 0.010477565278942932
3 0.9321542410486152 0.971804215604027 0.01774382007242659 0.009815190462458077
3 0.5673131792321058 0.5941301384228188 0.017545138193924004 0.01068832090237
3 0.6886008244472457 0.5928455327181209 0.01801891805804549 0.010527745189282693
3 0.44553647093142107 0.5947724412751679 0.017606271079617142 0.010046018050020962
3 0.8098884696623856 0.5918820784395974 0.017468722086807692 0.010276845637583847
3 0.9316651779630702 0.5915609270134229 0.017468722086807692 0.01020157577207423