3 0.686351612211339 0.9955985915492958 0.018767426896403816 0.008802816901408429
3 0.4303102881246872 0.9955985915492958 0.018767426896403816 0.008802816901408429
3 0.5590012154143132 0.9955985915492958 0.018767426896403816 0.008802816901408429
3 0.177620290269536 0.9955985915492958 0.017426896403803533 0.008802816901408429
3 0.17401426324444125 0.2044014084507042 0.01832505183384576 0.010827464788732376
2 0.19582469435904767 0.2717957746478873 0.021381461356974298 0.01533450704225345
2 0.5792968470722814 0.6686091549295774 0.021783620504754363 0.01528169014084502
3 0.8130317437620648 0.9947183098591548 0.017426896403803606 0.01056338028169004
2 0.45151748051762347 0.6692781690140844 0.02237345392149863 0.01563380281690134
2 0.3224512046900694 0.2697887323943662 0.021864052334310345 0.01619718309859157
3 0.300895474369057 0.20255281690140844 0.018123972259955656 0.010827464788732376
2 0.7075856152141274 0.6679225352112675 0.022319832701794735 0.014700704225352107
2 0.3242475155501537 0.6699471830985915 0.021743404589976513 0.01563380281690134
2 0.4499758704511332 0.26894366197183095 0.022199184957460472 0.015950704225352108
3 0.42842014013012075 0.20121478873239437 0.018767426896403816 0.011038732394366235
3 0.6834694716522485 0.1986795774647887 0.018325051833845904 0.011302816901408476
2 0.7055346035604488 0.2667429577464788 0.022038321298348502 0.015580985915493006
3 0.5561995066847787 0.20019366197183097 0.01805694573532572 0.011478873239436638
3 0.17607868020304565 0.6018838028169013 0.018405483663401744 0.011338028169014176
3 0.8107394366197181 0.19767605633802815 0.01819099878458574 0.01066901408450704
2 0.1978891113176521 0.6706161971830986 0.022199184957460472 0.015334507042253639
2 0.8328045685279187 0.26573943661971827 0.02285604489883453 0.01607394366197184
2 0.8348555801815971 0.66625 0.02223940087223846 0.014929577464788698
2 0.577755237005791 0.2680985915492957 0.021247408307714277 0.014982394366197128
3 0.9385188031743761 0.1971654929577465 0.018271430614141722 0.010915492957746456
3 0.3026917852291413 0.6011971830985916 0.01832505183384569 0.011091549295774522
3 0.6855204833059269 0.598838028169014 0.018901479945663692 0.011302816901408429
3 0.5577411167512689 0.5998591549295775 0.01847251018803168 0.011214788732394444
3 0.43021645099020517 0.600862676056338 0.01868699506684783 0.010545774647887356
3 0.8127904482733967 0.5978345070422535 0.01819099878458574 0.010950704225352107
3 0.9403821405590905 0.9947183098591548 0.017426896403803606 0.01056338028169004
3 0.9405698148280546 0.5974999999999999 0.018539536712661765 0.010792253521126819
3 0.3043004218202616 0.9964788732394366 0.018767426896403816 0.00704225352112682