3 0.16301706447780537 0.22849290780141843 0.018401015228426396 0.010815602836879445
3 0.2910546495301869 0.2273049645390071 0.018252511070309927 0.010283687943262407
3 0.418970731180473 0.22544326241134754 0.019103034884976732 0.01111702127659574
3 0.6781509882276705 0.62572695035461 0.018536019008532148 0.01086879432624111
3 0.8042580192245383 0.22187943262411347 0.018320012960362946 0.010372340425531945
3 0.42077978183389136 0.6274290780141843 0.019184037153040328 0.011471631205673892
3 0.16508262231342477 0.6287765957446808 0.01818500918025705 0.011418439716312226
3 0.5489523706663787 0.6264007092198581 0.019076034128955584 0.011648936170212778
2 0.31457230802462466 0.6966489361702127 0.022788638081866257 0.016560283687943336
3 0.5473998271951616 0.22407801418439713 0.018401015228426396 0.01156028368794324
3 0.29286370018360514 0.6284397163120568 0.01853601900853229 0.010567375886524814
3 0.8068365914245598 0.6247163120567375 0.018671022788637897 0.010283687943262407
2 0.4430014040393131 0.6966489361702127 0.02239712711955936 0.015939716312056665
2 0.5716870072362026 0.6953014184397163 0.0228831407279405 0.015336879432624073
2 0.7003726104330921 0.694627659574468 0.02265363430176029 0.015691489361702223
2 0.18679123015444435 0.6973404255319149 0.02261313316772871 0.016063829787233884
3 0.6760854303920509 0.2230673758865248 0.017833999351981954 0.010283687943262407
3 0.932417107679015 0.22102836879432625 0.018455016740468698 0.01086879432624111
2 0.8280321849011772 0.6939361702127659 0.023099146776109702 0.01599290780141833
2 0.061278215790042126 0.2994148936170213 0.015066421859812077 0.015390070921985834
3 0.9350091802570473 0.6236879432624113 0.01903553299492386 0.01086879432624111
2 0.3127632573712064 0.29602836879432626 0.02253213089966526 0.01675531914893611
2 0.18486067609893075 0.29755319148936166 0.02214061993735822 0.016187943262411294
0 0.042863700183605136 0.9572872340425531 0.009733772545631274 0.01062056737588667
2 0.6977940382330705 0.29212765957446807 0.02273463656982374 0.015992907801418425
2 0.8259531266875473 0.29127659574468084 0.022059617669294696 0.01569148936170213
2 0.06334377362566151 0.6986879432624113 0.01499891996975913 0.01599290780141833
2 0.4411923533858948 0.295354609929078 0.02223512258343232 0.01526595744680852
2 0.5696214494005832 0.29347517730496453 0.02261313316772871 0.01611702127659574