3 0.20501036475102546 0.19871080139372824 0.01681735985533453 0.01
3 0.7071097781502228 0.1927700348432056 0.01649980152604436 0.011271777003484307
3 0.455616812949323 0.19480836236933796 0.016698275481850707 0.012090592334494754
3 0.5814889957217837 0.19343205574912894 0.016764433467119488 0.011707317073170742
3 0.20653199841220837 0.5909233449477352 0.016499801526044217 0.01158536585365842
3 0.33126626383804525 0.5905923344947736 0.01582499007630229 0.01132404181184673
3 0.7091342124994489 0.5882578397212544 0.016883517840603383 0.011062717770034852
3 0.9588409120980902 0.19059233449477353 0.017677413663829057 0.011271777003484307
3 0.45772063688087156 0.5895818815331011 0.016949675825872167 0.01167247386759584
3 0.833736161954748 0.5875783972125436 0.01649980152604436 0.010104529616724752
3 0.5830106293829665 0.5889198606271778 0.017889119216689363 0.011219512195121979
3 0.9608785780443702 0.5865853658536585 0.01649980152604436 0.011062717770034852
2 0.3510210382393155 0.2647909407665505 0.020852996956732626 0.015540069686411187
2 0.8539937370440611 0.2594599303135889 0.021051470912539116 0.015121951219512179
2 0.22616768843999474 0.26562717770034844 0.020694217792087504 0.015662020905923366
2 0.6027654037842368 0.2614634146341464 0.020998544524324148 0.014547038327526138
2 0.7288889869007189 0.26062717770034843 0.02228200943853907 0.015069686411149802
2 0.47714462135579766 0.2639547038327526 0.021289639659506907 0.014721254355400693
2 0.22819212278922069 0.659616724738676 0.02061482820976491 0.015296167247386734
2 0.35279407224452 0.6589372822299653 0.021699819168173557 0.015662020905923366
2 0.7309134212499449 0.6569512195121952 0.0220306090945179 0.015418118466899007
2 0.10212146606095357 0.26745644599303137 0.020072332730560548 0.015418118466899007
2 0.4784148546729591 0.6582752613240419 0.021183786883076827 0.015243902439024359
2 0.6047898381334628 0.6579442508710802 0.021699819168173557 0.015365853658536632
3 0.20880783310545584 0.9837282229965156 0.017558329290345308 0.010470383275261383
2 0.8560181713932872 0.6562717770034844 0.021541040003528366 0.015365853658536632
3 0.7101398138755348 0.9831707317073172 0.018166982754818595 0.010714285714285931
3 0.4596656816477749 0.9844076655052265 0.017889119216689363 0.010714285714285931
3 0.5850350637321925 0.9837282229965156 0.018087593172495853 0.01043554006968634
3 0.8357605963039739 0.9824041811846691 0.0171481497816788 0.010156794425087127
3 0.3332906981872712 0.9837282229965156 0.016883517840603383 0.010034843205575043
3 0.9613019891500905 0.9804006968641115 0.01694967582587202 0.010261324041811879
2 0.1022537820314912 0.6602787456445993 0.020456049045119752 0.014059233449477423
3 0.32998279892383015 0.1964808362369338 0.017187844572839953 0.01050522648083619
3 0.8325320866228555 0.19229965156794426 0.017254002558108737 0.008954703832752577