3 0.6900700098797397 0.9628187919463088 0.016608183149933523 0.009546979865771922
3 0.5687791707832249 0.9634563758389263 0.016557081047933814 0.009664429530201156
3 0.20589036895717647 0.9640939597315439 0.016608183149933595 0.009815436241610768
3 0.3259547576056962 0.9640939597315439 0.01695312233843217 0.01
3 0.44724559670221103 0.9640939597315439 0.016748713930433083 0.00996644295302038
2 0.4665621912581338 0.6490436241610739 0.02136067863591463 0.014899328859060385
3 0.8108626034817566 0.9621644295302015 0.016186590808435278 0.009848993288590388
2 0.7101148093891596 0.6477684563758389 0.020683575784417412 0.0143959731543625
2 0.3452841276871189 0.6496812080536913 0.020479167376418 0.014731543624160964
2 0.10337955234558649 0.27362416107382553 0.020530269478417854 0.01520134228187923
2 0.5883385003236467 0.6484060402684565 0.020530269478418 0.015134228187919424
3 0.2023515483936906 0.2069798657718121 0.01695312233843213 0.010771812080536876
2 0.22472149354410115 0.6503355704697987 0.02005757503491976 0.014848993288590578
3 0.32278642728170887 0.20521812080536916 0.016608183149933557 0.010469798657718125
0 0.08387132490716454 0.9075671140939598 0.009351684665962588 0.010318791946308845
2 0.8314056484856744 0.6464765100671142 0.020632473682417704 0.014848993288590578
1 0.9292150717132832 0.9608892617449666 0.010386502231458703 0.009882550335570764
3 0.44406449085272376 0.20392617449664432 0.016876469185432497 0.010604026845637595
3 0.5658407999182368 0.20265100671140943 0.016876469185432497 0.01093959731543625
3 0.20382073382618474 0.5861073825503356 0.016429325792934327 0.009882550335570386
2 0.3435722072701258 0.27073825503355714 0.020875208666916535 0.01520134228187923
2 0.4650930058256397 0.2692785234899329 0.021399005212414342 0.01550335570469798
3 0.6871316390147516 0.20184563758389265 0.01687646918543264 0.010520134228187933
3 0.6890862944162437 0.5832046979865773 0.016046060027935863 0.009697986577181154
2 0.22289459339760845 0.2721812080536913 0.019789288999420857 0.014395973154362404
2 0.7081601539876674 0.26719798657718125 0.020402514223418294 0.014446308724832211
2 0.5863838449221546 0.26800335570469797 0.02040251422341844 0.014899328859060385
3 0.8098916635437606 0.5819295302013423 0.01570112083943704 0.009043624161073845
2 0.10502759513507991 0.6506543624161075 0.02079855551391683 0.015369127516778462
3 0.8084224781112663 0.20087248322147655 0.015739447415937035 0.009597315436241587
3 0.5678082308452288 0.5838590604026846 0.016429325792934255 0.009815436241610768
3 0.324498347698702 0.5851342281879195 0.01618659080843521 0.009966442953020191
2 0.8294509930841822 0.2665604026845638 0.02076022893741683 0.01479865771812077
3 0.44603192177971596 0.5844966442953021 0.016429325792934255 0.009664429530201347
1 0.9282441317752872 0.5809563758389262 0.009607195175961635 0.008439597315436155
1 0.9257912308792968 0.2012080536912752 0.009390011242462226 0.009731543624161105
0 0.09023353660613907 0.8838087248322148 0.005519027015977926 0.009328859060402692