2 0.09654382857389726 0.7067918088737202 0.020931438199334695 0.016569965870307138
2 0.09418499157558213 0.3213651877133106 0.019609452628850367 0.015392491467576784
3 0.3191817514148701 0.6395051194539249 0.01648593770251005 0.010136518771331187
3 0.8118676286343801 0.6362457337883959 0.01627856741694376 0.00955631399317402
2 0.3385319911867628 0.31843003412969284 0.021501706484641718 0.01527303754266209
3 0.6888192854365576 0.6368941979522185 0.016848835702250965 0.010051194539249195
3 0.44247634682680254 0.6391808873720136 0.01725061563053521 0.010836177474402764
2 0.46158033438458546 0.3171160409556314 0.02090551691363886 0.015102389078498295
2 0.7081695252084502 0.31532423208191124 0.020698146628072647 0.014982935153583602
0 0.07719358880200457 0.9145221843003413 0.008878040350801392 0.010494880546075365
3 0.565770942238735 0.638532423208191 0.016926599559338062 0.011604095563139936
3 0.19650926685963624 0.6404778156996587 0.01666738670238047 0.010460750853242379
2 0.831217868406273 0.3143515358361775 0.020775910485160032 0.015102389078498295
2 0.21623536527411757 0.32005119453924913 0.020490776342506574 0.015153583617747397
3 0.8103771547068733 0.24820819112627981 0.016848835702250965 0.009982935153583696
2 0.5851211820106277 0.31646757679180887 0.020387091199723536 0.014761092150170612
3 0.6868363070808312 0.2488566552901024 0.0166673867023804 0.010136518771331093
2 0.8326953816909318 0.7028668941979522 0.021579470341729103 0.014761092150170612
3 0.4407396206851859 0.25146757679180887 0.016732189916619886 0.010989761092150161
3 0.3177042381302112 0.25261092150170644 0.01616192163131297 0.010170648464163795
3 0.1947725407180196 0.2539078498293515 0.017198773059143694 0.01078498293515357
2 0.21784248498725536 0.7067918088737202 0.021022162699269868 0.014590443686006817
3 0.9329200328336283 0.6344880546075086 0.0166673867023804 0.0101023890784982
2 0.7101525035641767 0.7041808873720136 0.02102216269926994 0.014761092150170612
2 0.3402687173283795 0.7061433447098976 0.020931438199334657 0.015051194539249196
3 0.5637879638830086 0.2501535836177474 0.015669417203093297 0.011399317406143344
3 0.9325830561195835 0.2473890784982935 0.0166673867023804 0.01022184300341299
2 0.4635633127403119 0.7054778156996587 0.021579470341728958 0.015273037542662186
2 0.5871041603663542 0.7048293515358361 0.020620382770985404 0.014692832764505207
0 0.08909145893636322 0.607815699658703 0.00794487406575367 0.012201365187713312