3 0.16815388725621158 0.18064912280701753 0.016190221747261552 0.009350877192982427
3 0.5483168581351857 0.1760701754385965 0.017045150948437046 0.01157894736842105
3 0.42123964734170444 0.1772456140350877 0.016657761154154398 0.012175438596491214
3 0.6776916911568261 0.5751754385964912 0.017045150948437192 0.011000000000000038
3 0.2956986374565856 0.5775263157894737 0.01615014694095653 0.011403508771929865
2 0.18959390862944164 0.2484385964912281 0.021199572535399443 0.015228070175438594
2 0.4422121293080417 0.2452456140350877 0.020932407160032012 0.014596491228070173
2 0.3156425327277585 0.24626315789473685 0.0210927063852524 0.015052631578947361
2 0.8234304034197167 0.2423859649122807 0.021052631578947448 0.015175438596491233
2 0.5697969543147208 0.2442456140350877 0.021787336361207506 0.015
2 0.6966069997328346 0.24340350877192984 0.022642265562383145 0.015403508771929732
2 0.1915041410633182 0.6456842105263157 0.021199572535399443 0.015228070175438499
2 0.571840769436281 0.644017543859649 0.022001068661501453 0.015052631578947361
2 0.31743254074271976 0.6453508771929825 0.02204114346780655 0.015473684210526433
2 0.44425594442960187 0.6446842105263159 0.021333155223083124 0.014824561403508862
3 0.17245524979962595 0.9730877192982456 0.01744589901148809 0.010578947368420966
2 0.6991717873363612 0.6429999999999999 0.02224151749933218 0.01510526315789472
2 0.8254742185412771 0.6423333333333333 0.02190756078012294 0.015578947368420965
2 0.06449372161367886 0.25045614035087715 0.02029121025915041 0.015403508771929732
3 0.5524044883783061 0.9730877192982456 0.01862142666310457 0.010999999999999848
3 0.42558108469142397 0.9737719298245613 0.01812717071867495 0.011210526315789669
3 0.678199305370024 0.9724210526315787 0.017993588030991343 0.010789473684210786
3 0.2979962596847448 0.9730877192982456 0.0171787336361208 0.010631578947368325
3 0.8045150948437082 0.9710877192982456 0.01744589901148816 0.010035087719298114
3 0.9318461127437885 0.9697368421052632 0.017178733636120654 0.010578947368420966
2 0.06449372161367886 0.6467017543859649 0.02077210793481166 0.01340350877192975
3 0.29448303499866413 0.179 0.016991717873363635 0.009807017543859663
3 0.6753539941223617 0.1751052631578947 0.01744589901148816 0.009245614035087755
3 0.8019369489714133 0.1744035087719298 0.01760619823670855 0.00931578947368422
3 0.9288672188084424 0.17380701754385963 0.017339032861341332 0.009982456140350848
3 0.42289607266898205 0.5773333333333333 0.016777985573069688 0.01164912280701761
3 0.549639326743254 0.5768070175438595 0.017245524979962533 0.010122807017543778
3 0.8038605396740581 0.5746842105263158 0.01649746192893401 0.010070175438596417
3 0.9309511087363077 0.5737017543859648 0.016056639059577944 0.00878947368421052
3 0.17019770237777182 0.5782631578947368 0.016590969810312592 0.010561403508771909