3 0.20161625701589275 0.21565318267617453 0.01740758920111448 0.0103571334941275
2 0.2224014381515518 0.2813286493288591 0.020601782478579706 0.014963649263317981
3 0.3222925733741015 0.214047425545302 0.017331173093998096 0.010316989565855698
2 0.34283322296698804 0.2795623164848994 0.021365943549743704 0.01585685166736577
2 0.5863866395683577 0.27795655935402686 0.020800464357082292 0.014451814177852308
2 0.7081633478690423 0.2766719536493289 0.02107556234270148 0.014732821675755
2 0.46436539972490043 0.2782777107802014 0.021488209321129832 0.01555577220532721
3 0.6871336351906109 0.21067533557046983 0.01774382007242659 0.010858932597525144
3 0.4435802185892414 0.21276281984060405 0.017667403965310132 0.010858932597525192
3 0.8084212804057508 0.20971188129194634 0.017667403965310132 0.010357133494127525
3 0.5653569268899261 0.21179936556208057 0.017606271079617142 0.01110983214922399
2 0.8289619299986373 0.2760296507969799 0.021442359656860015 0.015194476850880866
3 0.20320571204391374 0.5938089869966443 0.017667403965310205 0.010527745189282693
2 0.22411315895095904 0.6590027265100672 0.020922730128468566 0.014281202482697116
3 0.9301979887064356 0.2092301541526846 0.01774382007242659 0.010858932597525144
3 0.32424882571628116 0.5928455327181209 0.017606271079617104 0.010397277422399421
2 0.7091414740401323 0.6564335151006713 0.020250268385844202 0.014180842662017691
2 0.34454494376639533 0.6583604236577182 0.020403100600077117 0.015023865155725579
2 0.5873647657394475 0.6564335151006713 0.0206323489214262 0.014562209980599808
3 0.8098884696623856 0.5896340184563759 0.017468722086807692 0.010241719700346152
3 0.6886008244472457 0.5905974727348994 0.01856911402928358 0.010477565278942886
2 0.4663216520670801 0.6583604236577182 0.021778590528172197 0.015555772205327117
3 0.5673131792321058 0.5915609270134229 0.017545138193924004 0.010899076525796924
2 0.8309181823408169 0.6551489093959733 0.021365943549743558 0.014512030070260001
3 0.44553647093142107 0.5925243812919464 0.01794250195092918 0.009965730193477308
3 0.9321542410486152 0.588991715604027 0.017407589201114407 0.010241719700345963
3 0.4465145971025109 0.973088821308725 0.017606271079617142 0.010316989565855769
3 0.32571601497291597 0.973088821308725 0.018217599936548222 0.010397277422399232
3 0.5687803684887406 0.973088821308725 0.01774382007242659 0.010316989565855769
3 0.8108665958334753 0.971804215604027 0.017804952958119583 0.00985031639969596
3 0.6900680137038804 0.972446518456376 0.017942501950929324 0.010161431843802499
3 0.20565102747163833 0.973088821308725 0.017881369065236113 0.009965730193477308
3 0.9321542410486152 0.9705196098993291 0.017468722086807692 0.009699776668676729