3 0.20313085544918752 0.20362416107382553 0.02044084079991822 0.013523489932885914
2 0.10306016420808777 0.27104026845637585 0.024695090791401236 0.024194630872483268
3 0.3230291622662079 0.2015268456375839 0.016365448165434546 0.010352348993288558
3 0.5673099853507308 0.5800000000000001 0.016812591557932646 0.010469798657718077
1 0.9277586618062891 0.5771140939597316 0.010629237215957535 0.01023489932885904
1 0.9293556024937828 0.9589597315436242 0.010923074302456363 0.010352348993288843
3 0.8098916635437606 0.577751677852349 0.016250468435934987 0.009932885906040193
3 0.32400010220420405 0.5816107382550335 0.01642932579293429 0.01020134228187923
3 0.44406449085272376 0.2000838926174497 0.016748713930433083 0.01031879194630875
3 0.6890862944162437 0.5790436241610739 0.01687646918543264 0.010117449664429425
3 0.44577641126971695 0.5809563758389262 0.016365448165434403 0.01023489932885904
3 0.8079370081422683 0.19703020134228189 0.016250468435934987 0.009697986577181203
3 0.5658407999182368 0.1991107382550336 0.017208632848431177 0.010402684563758365
3 0.6871316390147516 0.19798657718120807 0.016365448165434403 0.01020134228187923
3 0.20357799884168573 0.5825671140939597 0.01668483630293323 0.010285234899328847
2 0.10447824753858209 0.6480872483221477 0.020836882090416647 0.015738255033557115
2 0.22252410315810994 0.2681543624161074 0.01998092188192005 0.014848993288590672
2 0.8289655231151841 0.2628691275167785 0.020606922631417706 0.014848993288590672
2 0.3433166967601268 0.2665604026845638 0.020721902360917123 0.014899328859060385
2 0.4650930058256397 0.26526845637583896 0.021271249957414924 0.015134228187919424
2 0.7081601539876674 0.2633389261744966 0.02027475896841888 0.01468120805369125
2 0.5868820904166525 0.2643120805369128 0.020249207917419024 0.015083892617449711
1 0.9257912308792968 0.19654362416107385 0.009875481211460466 0.010285234899328847
2 0.3452841276871189 0.6474496644295303 0.02040251422341844 0.014899328859060385
2 0.7101148093891596 0.6448657718120806 0.02083688209041654 0.014731543624160964
2 0.8309201785166764 0.6435906040268456 0.020606922631417706 0.014731543624160964
2 0.2246065138146016 0.6480872483221477 0.020134228187919465 0.014731543624160964
2 0.4665621912581338 0.6464765100671142 0.021399005212414342 0.01520134228187904
2 0.5878530303546486 0.6458389261744967 0.020632473682417416 0.01520134228187904
3 0.4474883316867101 0.9628187919463088 0.017068102067931766 0.010083892617449616
3 0.8113608489762547 0.9602348993288591 0.016493203420434106 0.010520134228188075
3 0.5687791707832249 0.9621644295302015 0.017272510475930886 0.010318791946308845
3 0.3259547576056962 0.9628187919463088 0.01695312233843217 0.010436241610738459
3 0.20589036895717647 0.9621644295302015 0.017004224440431984 0.010234899328858849
3 0.6900700098797397 0.9615268456375841 0.016608183149933523 0.010285234899329225
0 0.08387132490716454 0.9075671140939598 0.009530542022961884 0.010721476510067305
0 0.0899269239941403 0.8940939597315437 0.00563400674547745 0.009446308724832306