2 0.8274424465575176 0.2719718309859155 0.02195788946879252 0.01540492957746475
2 0.3176118896117823 0.27635563380281686 0.021904268249088484 0.01570422535211274
2 0.4451231500679202 0.27501760563380284 0.022038321298348502 0.016267605633802872
2 0.7001724815900479 0.2728169014084507 0.021783620504754363 0.015281690140845114
2 0.1909853792807607 0.2778697183098591 0.021461893186530356 0.015105633802816858
2 0.06480124401229714 0.27955985915492954 0.021274218917566316 0.015827464788732374
2 0.5723931150353899 0.2736619718309859 0.021569135625938356 0.01570422535211274
1 0.9305962679631086 0.6029049295774648 0.011247050832916446 0.010669014084506899
2 0.06673160792164153 0.6766901408450704 0.022239400872238517 0.016003521126760536
3 0.8069189247158075 0.6035739436619717 0.018271430614141722 0.010862676056337933
3 0.6801583613355259 0.6049119718309858 0.018325051833845904 0.01176056338028161
3 0.17058250518338458 0.6079577464788731 0.017708407807249547 0.010985915492957854
3 0.5523789947808679 0.6062676056338028 0.01805694573532572 0.011443661971831033
3 0.16917494816615428 0.20947183098591549 0.017842460856509642 0.011091549295774664
3 0.2970749624651462 0.6069366197183098 0.01805694573532572 0.011443661971831033
3 0.29553335239865586 0.20778169014084505 0.017239222134839548 0.010827464788732423
2 0.4466647601344105 0.6753521126760563 0.022319832701794447 0.015757042253521262
2 0.31914009437334667 0.6760211267605634 0.02154232501608641 0.015580985915492913
3 0.5503279831271894 0.20508802816901406 0.01737327518409957 0.011302816901408429
3 0.42280331736612564 0.2062676056338028 0.017507328233359445 0.010950704225352107
2 0.5744441266890683 0.6739964788732393 0.021703188675198524 0.015757042253521262
3 0.4248543290198041 0.6066021126760563 0.01784246085650957 0.010862676056337933
2 0.19278169014084506 0.677024647887324 0.021274218917566295 0.01540492957746475
2 0.828984056624008 0.6723239436619718 0.021904268249088338 0.01528169014084502
2 0.7022234932437263 0.6736619718309859 0.02198470007864461 0.01482394366197184
3 0.6781073496818474 0.20424295774647888 0.01737327518409971 0.01133802816901408
3 0.804867913062129 0.20357394366197182 0.01705154786587549 0.010369718309859147
0 0.045242904125259165 0.9452640845070421 0.01016122113391007 0.010792253521126819
1 0.9295640594838063 0.20357394366197182 0.010482948452134024 0.010422535211267576