3 0.19985305904354797 0.2173859649122807 0.020144269302698324 0.0176315789473684
2 0.09629975955116216 0.2876140350877193 0.02671653753673524 0.02252631578947368
3 0.32574138391664437 0.21571929824561398 0.01938284798290141 0.013087719298245587
2 0.09702110606465401 0.6822982456140351 0.021827411167512713 0.016070175438596457
3 0.4517900080149612 0.2137017543859649 0.01991717873363613 0.012701754385964914
2 0.22103927331017897 0.2853859649122807 0.021827411167512675 0.016649122807017514
3 0.8337830617152016 0.21084210526315786 0.018701576275714622 0.011614035087719306
3 0.7064520438151216 0.2118421052631579 0.01887523376970347 0.011982456140350829
2 0.8552631578947368 0.27950877192982454 0.022121293080416597 0.016701754385964874
2 0.22282928132514027 0.6822982456140351 0.02166711194229229 0.01577192982456135
2 0.7284397542078546 0.2805263157894737 0.02178733636120765 0.01626315789473684
2 0.3469543147208122 0.2838771929824561 0.0222148009617954 0.016912280701754316
3 0.9595778787069196 0.21017543859649124 0.018127170718674805 0.011140350877192968
2 0.47403152551429334 0.2825263157894736 0.022294950574405593 0.01703508771929819
3 0.32753139193160563 0.6127894736842104 0.018835158963398373 0.01126315789473684
3 0.20109537803900615 0.6134736842105263 0.01772642265562384 0.010912280701754373
1 0.4538338231365215 0.6117894736842105 0.018407694362810482 0.011000000000000038
2 0.34901148811114074 0.6816315789473684 0.021466737910766878 0.016017543859649094
2 0.857306973016297 0.6775964912280702 0.021880844242586305 0.01594736842105268
2 0.6016297087897408 0.28136842105263155 0.022415174993320883 0.016578947368421002
3 0.5791210259150413 0.21252631578947367 0.018207320331285 0.011719298245614027
2 0.7304835693294149 0.6789473684210526 0.0220812182741115 0.015701754385964932
2 0.47582153352925455 0.6809649122807017 0.022081218274111646 0.016578947368421193
1 0.581685813518568 0.6111228070175438 0.01777985573069725 0.011052631578947208
1 0.8358268768367619 0.6091052631578947 0.018474485706652215 0.010701754385964933
2 0.6031525514293347 0.6796140350877192 0.021627037135987265 0.016140350877193062
1 0.7084958589366817 0.610438596491228 0.01784664707453913 0.010701754385964933
1 0.9611140796152818 0.6079122807017544 0.017245524979962675 0.009947368421052639