0 0.08325809968316697 0.9062919463087248 0.009466664395462121 0.010436241610738459
2 0.22239634790311044 0.7039597315436242 0.02037696317241851 0.014278523489932885
2 0.7076746840186693 0.7013926174496644 0.020249207917418882 0.013842281879194616
3 0.9282441317752872 0.25209731543624164 0.016608183149933523 0.010167785234899328
2 0.34307396177562777 0.7033221476510069 0.021002963921916095 0.014681208053691346
2 0.8289655231151841 0.700755033557047 0.021041290498415948 0.0143959731543625
2 0.46436480087214266 0.7026845637583893 0.021156270227915365 0.014899328859060385
2 0.10228085715259089 0.7039597315436242 0.020760228937416976 0.01520134228187904
2 0.5858983749531566 0.702030201342282 0.020479167376418 0.014278523489932885
2 0.34136204135863457 0.32211409395973156 0.021322352059414778 0.014731543624161058
2 0.4628956154396484 0.3211577181208054 0.02060692263141756 0.014899328859060385
2 0.10050505910809798 0.325 0.020019248458419906 0.014278523489932885
2 0.5844291895206623 0.32018456375838933 0.020721902360917123 0.014127516778523556
2 0.22056944775661774 0.3234060402684564 0.02040251422341844 0.014278523489932885
2 0.7062054985861753 0.3190604026845638 0.020198105815419174 0.01417785234899327
3 0.9297133172077814 0.6333053691275168 0.01668483630293323 0.009479865771812115
2 0.8274963376826902 0.31810402684563766 0.020606922631417706 0.014563758389261732
3 0.4435790208837257 0.6371644295302015 0.016429325792934255 0.010721476510067116
3 0.8064678227097742 0.252751677852349 0.01586720267093674 0.009815436241610768
3 0.3218027118182128 0.6371644295302015 0.016608183149933595 0.01020134228187923
3 0.20149558818519403 0.6381208053691276 0.016608183149933595 0.011157718120805384
3 0.5653553299492385 0.636526845637584 0.016250468435934987 0.010654362416107498
3 0.6866461690457535 0.6352348993288591 0.016365448165434403 0.010570469798657693
3 0.19978366776820086 0.25884228187919467 0.017068102067931766 0.010721476510067116
3 0.6851769836132595 0.2532214765100671 0.01642932579293411 0.010352348993288654
3 0.8084224781112663 0.6342785234899329 0.015803325043436744 0.009781879194630961
3 0.3205762613702177 0.2570805369127517 0.016812591557932754 0.010402684563758365
3 0.4423525704357306 0.2561241610738255 0.01668483630293323 0.010906040268456346
3 0.5634006745477464 0.25531879194630874 0.01668483630293323 0.010805369127516732