1 0.21242318995458187 0.2947017543859649 0.01887523376970347 0.014035087719298265
1 0.3388592038471814 0.29319298245614034 0.019048891263692174 0.013666666666666742
3 0.3186615014694096 0.6231228070175437 0.0171787336361208 0.01087719298245626
2 0.08720277851990382 0.29722807017543856 0.018755009350788145 0.0144736842105263
3 0.44548490515629174 0.6221052631578947 0.01777985573069725 0.010947368421052678
3 0.1923590702644937 0.6231228070175437 0.017365749398877896 0.011052631578947208
1 0.4654288004274646 0.29201754385964906 0.018340903018968752 0.012842105263157842
1 0.5925060112209458 0.2910175438596491 0.01862142666310457 0.01329824561403503
3 0.5725621159497728 0.6207719298245613 0.017646273043013645 0.01121052631578948
3 0.6998931338498531 0.6200877192982456 0.01685813518567988 0.010456140350877188
3 0.8267165375367352 0.6190877192982456 0.01744589901148816 0.01033333333333322
2 0.08905957787870691 0.6919473684210526 0.020104194496393297 0.01633333333333326
1 0.8471680470211062 0.289 0.018701576275714622 0.013087719298245587
1 0.7198370291210259 0.29 0.018901950307240394 0.013000000000000018
3 0.9535265829548489 0.6184210526315789 0.017045150948437192 0.011052631578947208
2 0.8481832754475019 0.6879298245614035 0.021333155223083124 0.01589473684210513
2 0.5947101255677264 0.6899473684210525 0.021627037135987265 0.01582456140350871
2 0.21409297355062784 0.6919473684210526 0.021306438685546346 0.01582456140350871
2 0.4674726155490248 0.6906140350877191 0.021253005610472785 0.016385964912280806
2 0.3402083889927865 0.6912807017543859 0.02138658829815654 0.01621052631578948
2 0.7213732300293881 0.6885964912280701 0.02130643868554649 0.016017543859649094
0 0.07134651349185145 0.9068596491228068 0.008923323537269582 0.010754385964912292