3 0.30195147679324896 0.9947916666666666 0.018459915611814322 0.010416666666666666
3 0.42589662447257387 0.9947916666666666 0.018459915611814395 0.010416666666666666
3 0.6746835443037975 0.9933333333333333 0.017721518987341773 0.013333333333333334
3 0.17734704641350213 0.9947916666666666 0.017141350210970487 0.010416666666666666
2 0.1969426794897152 0.6730550130208335 0.021878335043347862 0.01603359646267355
3 0.17372356688423 0.21165296766493058 0.017887550064280063 0.0104727215237088
3 0.8030372329905063 0.9933946397569445 0.018029514747329906 0.010275416904025482
1 0.07453757499340719 0.2804395887586806 0.014937839427577808 0.015659756130642393
3 0.9277137724156118 0.9927300347222223 0.017288143624736383 0.01059733496771931
3 0.5511603375527426 0.9947916666666666 0.018459915611814395 0.010416666666666666
2 0.32149302808544306 0.6723904079861112 0.022304229092497387 0.016220516628689174
2 0.5728651602056962 0.6710611979166667 0.022477741482891615 0.015192455715603235
2 0.44692671248681437 0.671725802951389 0.02175214421397025 0.015784369574652714
3 0.2985262971387131 0.21032375759548613 0.017887550064280063 0.010514259338378906
3 0.800008653085443 0.20533921983506945 0.017824454649591148 0.010394838121202241
2 0.6980464629483123 0.6703965928819445 0.02195720431170886 0.015192455715603235
3 0.5491412842827005 0.20716688368055558 0.018108384015690978 0.011277516682942709
3 0.6743225870253164 0.20616997612847224 0.017966419332640992 0.010155995686848959
3 0.4237075998813291 0.20866224500868058 0.01837653952811836 0.011059443155924479
2 0.8232277656909284 0.6690673828125001 0.02217803826311963 0.015722062852647507
3 0.1754902384955169 0.6049329969618056 0.017414334454113924 0.010716756184895834
1 0.0756101970431171 0.6737196180555556 0.015229655720513588 0.0156597561306423
2 0.19542838953718356 0.2789442274305556 0.022004525872725476 0.01653205023871531
2 0.3202311197916667 0.2774488661024306 0.021799465774986863 0.01615820990668406
2 0.69602740967827 0.2737935384114583 0.022383098360858385 0.015659756130642393
2 0.5708461069356541 0.2751227484809028 0.022209585970464088 0.0157220628526476
2 0.8212087124208861 0.2729627821180556 0.021625953384592563 0.015908983018663225
3 0.30029296875000006 0.6042683919270834 0.017887550064280063 0.010436375935872396
2 0.44516004087552746 0.2767842610677083 0.021468214847870565 0.01530668470594615
3 0.42572665315137137 0.6036037868923612 0.01845540879647943 0.011059443155924479
3 0.6763416402953587 0.6019422743055556 0.01823457484506866 0.010311762491861979
3 0.5506555742352321 0.6026068793402778 0.0190232675286788 0.011235978868272507
3 0.8025324696729959 0.6009453667534723 0.01859737347952927 0.010036574469672245
3 0.9251899558280592 0.20417616102430558 0.018108384015690832 0.010893291897243907
3 0.9277137724156118 0.599948459201389 0.01823457484506866 0.010633680555555618
0 0.05611371390427215 0.9269341362847223 0.009921753959816714 0.010514259338378906