3 0.2058955590144108 0.960885067114094 0.017132491215495437 0.010608033045826156
3 0.20234985164421015 0.20393115562080538 0.016949092558416097 0.01052774518928274
2 0.10282551373581916 0.27089122797818793 0.02080046435708233 0.015495556312919424
1 0.9292198625353457 0.957673552852349 0.010797595935546465 0.010316989565855769
1 0.9262854840220762 0.19815042994966445 0.010308532850001368 0.010276845637583893
1 0.9282417363642559 0.576787961409396 0.010667688553448459 0.00969977666867654
3 0.32596054651568834 0.960885067114094 0.017071358329802337 0.010808752687185385
3 0.32302616800241885 0.2026465499161074 0.01649059591571775 0.0103571334941275
3 0.6900680137038804 0.960242764261745 0.01694909255841595 0.010728464830641922
3 0.5687803684887406 0.960242764261745 0.01713249121549551 0.010437421350671154
3 0.44406928167478626 0.20152251992449666 0.016612861687103915 0.010567889117554519
3 0.44700366018805576 0.960885067114094 0.016811543565606647 0.010648176974098079
3 0.8113556589190203 0.9589581585570471 0.016490595915717787 0.010316989565855769
3 0.8079322173202059 0.1983110056627517 0.01630719725863852 0.009815190462458077
3 0.6871336351906109 0.19927445994127518 0.016490595915717787 0.010477565278942932
3 0.5658459899754711 0.20007733850671142 0.01707135832980237 0.010688320902369952
3 0.2038170409008449 0.582568687080537 0.016612861687103988 0.010397277422399421
2 0.22276823546571053 0.2694460465604027 0.0199751704002253 0.015254692743288558
2 0.8294509930841822 0.26382589660234906 0.02052536637146339 0.014963649263317981
3 0.6890898875327907 0.5790360213926175 0.01713249121549551 0.010316989565855769
3 0.32424882571628116 0.581926384228188 0.016750410679913473 0.01020157577207423
2 0.34356681759530544 0.267679713716443 0.020754614692812475 0.015084081048133366
3 0.5678022423176508 0.579999475671141 0.017010225444109236 0.010608033045826346
3 0.44553647093142107 0.58064177852349 0.0161849314872521 0.010046018050020962
2 0.7081633478690423 0.2646287751677852 0.02060178247857985 0.014963649263317981
2 0.4650989943532178 0.26623453229865773 0.021365943549743704 0.01555577220532721
3 0.8098884696623856 0.5777514156879195 0.016368330144331512 0.00985031639969596
2 0.5868757026539025 0.2652710780201343 0.020678198585696164 0.015134260958473172
2 0.10484289896369198 0.6467989723154364 0.02136594354974363 0.01567620399014269
0 0.08387431917095357 0.9075739303691277 0.009139366411120672 0.010477565278943075
3 0.22460222203650396 0.6471201237416108 0.02067819858569609 0.014512030070260001
3 0.34552306993748516 0.6467989723154364 0.020922730128468566 0.014562209980599808
3 0.46705524669539744 0.6458355180369127 0.02206897173521442 0.014341418375104808
3 0.5878538288249924 0.6451932151845639 0.021686891199632564 0.014682641765415193
3 0.710119600211222 0.6445509123322148 0.021442359656860015 0.014010230966862498
3 0.8314072454263619 0.6432663066275168 0.021656324756785923 0.014231022572357309
0 0.08992647485457195 0.8838087248322148 0.0070226402439965835 0.00958938086592904