2 0.6992784264513313 0.6988146551724138 0.021523804083915223 0.015139244342672479
2 0.8240976920558709 0.6974946120689656 0.021774445179506628 0.015314562567349223
2 0.45014117743343524 0.7001346982758622 0.02124183285137489 0.01579926589439651
2 0.20200649279790484 0.7014547413793104 0.020834541071038857 0.015314562567349223
2 0.3258231940200786 0.7007947198275862 0.021649124631711068 0.015500193628771513
2 0.5749604430379748 0.699474676724138 0.021523804083915365 0.014798920730064728
3 0.4288366843081624 0.6328125 0.017435221212079924 0.010818165746228488
3 0.5534053088171105 0.6321524784482758 0.017638867102247865 0.011065673828125
3 0.3040174187036229 0.6334725215517242 0.01644832189818855 0.010524249898976261
2 0.07762584911065039 0.31253704202586213 0.020881536276462245 0.014798920730064632
2 0.6977745798777826 0.3059368265086207 0.02139848353611952 0.015139244342672385
3 0.67822457442165 0.6308324353448276 0.016777288336152198 0.010008608061691765
3 0.18057667912483633 0.6338025323275862 0.01677728833615234 0.010725350215517248
0 0.0620861011839808 0.929162176724138 0.009297218139595158 0.011106925175107942
2 0.20025200512876476 0.31088698814655175 0.020834541071038857 0.015139244342672385
2 0.5729553142732432 0.3070918642241379 0.021273162988323817 0.015025803138469863
2 0.8225938454823222 0.3049467941810345 0.020677890386294084 0.015438316608297385
2 0.3240687063509385 0.3092369342672414 0.0220564164120471 0.015923019935344864
2 0.07875373404081187 0.7014547413793104 0.02070922052324312 0.015861142914870736
3 0.5514001800523789 0.23927464978448276 0.01683994861005019 0.010441747205010756
3 0.4270821966390223 0.24075969827586208 0.01716891504801398 0.011065673828125
2 0.44838668976429513 0.3082469019396552 0.021147842440528114 0.014675166689116377
3 0.8030438400261894 0.6298424030172414 0.016589307514458643 0.009590938173491471
3 0.927863105630729 0.6285223599137931 0.016526647240560792 0.00989001043911647
3 0.6762194456569185 0.23828461745689655 0.01613502052869915 0.009663128030711239
3 0.8010387112614579 0.23729458512931037 0.01626034107649485 0.00985391551050649
3 0.30276421322566566 0.24174973060344832 0.01644832189818855 0.01060159617456899
3 0.17932347364687912 0.2435647898706897 0.016589307514458786 0.01036440092941812
3 0.9258579768659975 0.23613954741379312 0.016589307514458643 0.010281898235452615