3 0.5658459899754711 0.20361000419463088 0.016612861687103915 0.01052774518928274
3 0.44406928167478626 0.20473403418624164 0.016612861687103915 0.010437421350671154
3 0.6871336351906109 0.20232539848993292 0.016429463030024506 0.010608033045826346
2 0.10300891239289853 0.2744238936661074 0.020021020064495118 0.015736419882550385
3 0.8084212804057508 0.2016830956375839 0.01592511672305652 0.009815190462458077
2 0.34356681759530544 0.2713729551174497 0.020280834828690843 0.014903433370910192
3 0.20234985164421015 0.20778497273489935 0.016872676451299713 0.010768608758913606
2 0.4650989943532178 0.2702489251258389 0.020999146235585023 0.015134260958473172
3 0.32302616800241885 0.20617921560402688 0.016246064372945238 0.010161431843802452
3 0.2061400905571833 0.966023489932886 0.016612861687103988 0.009739920596948271
2 0.5863866395683577 0.2688037437080537 0.01994460395737866 0.014853253460570481
2 0.22301276700848296 0.2728181365352349 0.019409691207563966 0.014401634267512595
2 0.7081633478690423 0.2680008651426175 0.019409691207564035 0.014451814177852308
3 0.32620507805846083 0.966665792785235 0.01649059591571775 0.01035713349412769
3 0.8113556589190203 0.9640965813758391 0.01630719725863852 0.009549236937657118
2 0.8289619299986373 0.26735856229026844 0.02052536637146339 0.014512030070260095
3 0.6900680137038804 0.9653811870805369 0.01655172880141078 0.009815190462458077
3 0.5687803684887406 0.966023489932886 0.01655172880141078 0.010161431843802499
3 0.44724819173082825 0.966023489932886 0.016429463030024648 0.009930604256239425
1 0.9262854840220762 0.20152251992449666 0.009429747618162829 0.010437421350671154
1 0.9292198625353457 0.962811975671141 0.010751746271276648 0.009815190462458077
0 0.08375205339956734 0.9075739303691277 0.008963609364752965 0.010086161978292693