3 0.9301979887064356 0.623997221057047 0.01630719725863852 0.010276845637583847
3 0.5658459899754711 0.6272087353187921 0.01675041067991351 0.010316989565855769
3 0.3227816364596464 0.6281721895973155 0.016872676451299713 0.010161431843802499
3 0.2025943831869826 0.6288144924496645 0.016368330144331512 0.010437421350671154
3 0.9282417363642559 0.243111629614094 0.016184931487252245 0.010005874121749135
3 0.3210699156602392 0.2476077495805369 0.016429463030024648 0.010046018050020962
3 0.20076039661618916 0.24937408242449668 0.015925116723056448 0.010046018050020962
3 0.806954091149116 0.24343278104026847 0.015802850951670246 0.009890460327967693
3 0.6871336351906109 0.625924129614094 0.017010225444109236 0.010567889117554614
3 0.8084212804057508 0.6249606753355705 0.016689277794220227 0.010241719700345963
3 0.44260209241815146 0.24680487101510068 0.016612861687103915 0.010437421350671154
3 0.6856664459339761 0.2442356596057047 0.0168115435656065 0.010397277422399327
2 0.7066961586124076 0.30942939911912754 0.02005158650734176 0.013588719720008366
3 0.4448028763031036 0.627851038171141 0.016612861687103915 0.00985031639969596
3 0.5638897376332913 0.24535968959731547 0.01675041067991351 0.010648176974098172
2 0.4633872735538106 0.3119986105285235 0.020250268385844348 0.014401634267512595
2 0.5849194503117229 0.3113563076761745 0.02020441872157453 0.013428144006921154
2 0.3418550967958982 0.3132832162332215 0.02052536637146325 0.014281202482697116
2 0.1033757097070572 0.6949716862416108 0.020250268385844275 0.014963649263317886
2 0.8274947407420026 0.3086265205536913 0.020800464357082292 0.014070446859270096
2 0.22142331198046197 0.314888973364094 0.020204418721574458 0.013960051056522692
2 0.7081633478690423 0.6911178691275168 0.01994460395737866 0.013689079540687885
2 0.4650989943532178 0.6930447776845639 0.020953296571315064 0.014451814177852308
2 0.5863866395683577 0.6924024748322148 0.0199751704002253 0.01358871972000846
2 0.3438113491380779 0.6936870805369127 0.020097436171611575 0.01347832391726096
2 0.1012360587077982 0.3158524276426175 0.019944603957378734 0.015084081048133366
2 0.8294509930841822 0.6904755662751679 0.02104499589985484 0.01358871972000846
2 0.22301276700848296 0.6949716862416108 0.020204418721574458 0.013538539809668654