3 0.20432870599287975 0.6598307291666666 0.016199747721354192 0.010555797153049109
2 0.22515019284018986 0.7276204427083335 0.020222080407766373 0.014382468329535526
3 0.3283742912710971 0.6598307291666666 0.01722504821004747 0.010934829711914062
3 0.45355559401371315 0.6591661241319445 0.01689379728293117 0.010472721523708704
3 0.5792416600738397 0.6578369140625 0.017019988112308856 0.011402130126953125
2 0.3498267322652954 0.7269558376736112 0.02149976255521488 0.01490169101291239
3 0.9527665150316456 0.2610677083333333 0.016010461477287807 0.010675218370225725
2 0.7256230221518988 0.7249620225694445 0.020931903823015654 0.014164394802517298
2 0.4750080350079114 0.726291232638889 0.021594405677248105 0.014673233032226562
3 0.7044229628164557 0.6565077039930556 0.017414334454113924 0.011402130126953125
2 0.6004417194092827 0.7256266276041667 0.020821486847310125 0.014112472534179688
2 0.8502995615770043 0.7236328125000001 0.022130716702103016 0.014610926310221354
3 0.8290995022415613 0.6558430989583334 0.016956892697620084 0.010436375935872396
3 0.8275852122890296 0.26189846462673616 0.015702871330679817 0.01011445787217885
2 0.10198794336761605 0.7276204427083335 0.021625953384592563 0.015722062852647507
3 0.20205727106408228 0.2673814561631945 0.017083083526997625 0.011184056599934896
3 0.5772226068037976 0.2635599772135417 0.017288143624736237 0.011059443155924479
2 0.34806006065400846 0.33384195963541674 0.02149976255521488 0.01495361328125
3 0.4517889224024262 0.26488918728298616 0.017824454649591294 0.010555797153049013
2 0.47324136339662454 0.33218044704861116 0.021625953384592563 0.014725155300564268
2 0.09959031760944094 0.3365003797743056 0.021263154750131845 0.01519245571560333
2 0.2235097120582806 0.33517116970486116 0.020663748310588058 0.01444477505154083
2 0.5984226661392406 0.3315158420138889 0.02019053270042199 0.014278623792860212
3 0.3263552380010549 0.2657199435763889 0.017146178941686397 0.010675218370225725
2 0.7241087321993671 0.3298543294270833 0.020900356115671054 0.014330546061197916
3 0.7024039095464136 0.2623969184027778 0.016704511038864715 0.01075829399956594
2 0.8487852716244726 0.32918972439236116 0.021420893286853808 0.01444477505154083
3 0.9542808049841772 0.6551784939236112 0.01643635552643733 0.010155995686848959
0 0.08116645652030591 0.9137098524305556 0.00910940049569818 0.011059443155924479
0 0.09416411194620253 0.6026746961805556 0.0070272518109671675 0.011235978868272507