2 0.46546314419685103 0.7075873940677966 0.021907435855899934 0.015774794756355844
2 0.22116204131893658 0.7082362288135593 0.02057971247069385 0.014487263307732973
2 0.7114933752043362 0.7056408898305084 0.021135503655198725 0.01454809156514822
2 0.34294206530155724 0.7082362288135593 0.021583224331605467 0.01500430349576277
2 0.5884782597005936 0.7069385593220339 0.021336206027381063 0.014882646980932274
2 0.8335204174911813 0.704343220338983 0.02216989280413841 0.014771128509004257
0 0.08085564451948722 0.9100238347457625 0.008954413528133877 0.010421908103813469
2 0.09783815293491353 0.32574814618644066 0.02025550094639938 0.015115821967690693
2 0.46398103437150473 0.3213685116525424 0.02136708331540906 0.015237478482521188
3 0.5672346855372967 0.640432997881356 0.016658296891131876 0.010837567862817726
3 0.4444665883377785 0.6410818326271186 0.017121456211552543 0.010675359176377129
2 0.3414599554762109 0.3228283898305085 0.021737610771745738 0.015054993710275445
3 0.3216984911382603 0.64140625 0.016658296891131876 0.010837567862817726
2 0.5869961498752473 0.32039525953389825 0.021212696875268933 0.015054993710275445
3 0.6897557644325906 0.6394597457627119 0.017044262991482338 0.010715911347987231
2 0.10018482682504516 0.7082362288135593 0.021135503655198725 0.015592309984110103
2 0.7095172287705411 0.31909759004237287 0.02104287179111459 0.015115821967690693
3 0.9333158123978318 0.25178098516949154 0.01692075383937035 0.010634807004766931
2 0.2195564223414781 0.32396385063559324 0.02045620331858172 0.014710300251589009
3 0.5652585391035017 0.2542141154661017 0.017306719939720813 0.011222813493114358
3 0.8107947335025381 0.2525920286016949 0.016658296891131876 0.009991041280455496
3 0.19843635733029336 0.2582693326271186 0.017306719939720813 0.011222813493114358
3 0.8122768433278843 0.6381620762711865 0.017306719939720813 0.00987445378707624
2 0.8325323442742837 0.31844875529661015 0.021706733483717742 0.015237478482521188
3 0.19979495800352748 0.642379502118644 0.017306719939720813 0.010797015691207624
3 0.9347979222231781 0.6375132415254237 0.017507422311903005 0.010188733117055145
3 0.3202163813129141 0.2572960805084746 0.016720051467187868 0.010462460275423762
3 0.6882736546072442 0.2530786546610169 0.017244965363664818 0.010224216267214009
3 0.4429844785124322 0.2555117849576271 0.017306719939720813 0.011050466763771189