0 0.07894755414910093 0.9110699152542372 0.009023887426196977 0.010715911347987231
3 0.19838090424158994 0.21341035487288135 0.017723563328099486 0.01054356461864406
2 0.2192539509485503 0.27926708156779656 0.020687782978792053 0.014882646980932179
2 0.34115748408328317 0.2776449947033898 0.021135503655198725 0.015592309984110196
3 0.32040794652843496 0.21162605932203388 0.01764637010802935 0.010188733117055098
2 0.4639255812828013 0.27650953389830507 0.02166041755167553 0.015409825211864358
2 0.7102028305945108 0.2745630296610169 0.0215369083995634 0.014882646980932179
2 0.5871877150907683 0.27586069915254235 0.021166380943226867 0.01442643505031782
3 0.4429290254237288 0.2106528072033898 0.01798602027633789 0.010584116790254257
3 0.6889592564312139 0.20821967690677964 0.017584615531973213 0.01083756786281782
3 0.8114803353265078 0.20740863347457628 0.017244965363664818 0.010305320610434307
2 0.8322298728813559 0.2737519862288136 0.02203094500801221 0.015470653469279701
3 0.5659441409274714 0.20967955508474576 0.017445667735847013 0.010969362420550889
2 0.22135360653445751 0.6612685381355932 0.021135503655198725 0.01505499371027535
3 0.20011003237116062 0.5947629766949153 0.01798602027633789 0.01091867220603812
2 0.34288661221285377 0.6606197033898304 0.021011994503086596 0.01534899695444911
3 0.9340014142218016 0.20659759004237288 0.017584615531973213 0.010797015691207624
3 0.3223840929622301 0.5941141419491525 0.01784707248021169 0.010462460275423762
3 0.44515219016174823 0.5934653072033899 0.01792426570028175 0.00991500595868653
3 0.6904413662565603 0.5915188029661017 0.018202161292534297 0.010543564618644155
2 0.7116849404198572 0.6580243644067796 0.020533396538651855 0.014598781779660992
2 0.8342060193151509 0.6570511122881355 0.021706733483717742 0.014831956766419505
2 0.465654709412372 0.6599708686440677 0.021876558567871938 0.015531481726694855
2 0.5881757883076658 0.6586731991525424 0.020842169418932254 0.015176650225105845
3 0.5679202873612664 0.5924920550847458 0.01784707248021169 0.011009914592160991
3 0.812962445151854 0.5905455508474576 0.01738391315979102 0.010462460275423762
3 0.9359775606555966 0.5898967161016948 0.017785317904155697 0.010188733117055145
3 0.32386620278757633 0.9778998940677966 0.01750742231190315 0.010305320610434213
3 0.6919234760819065 0.9766022245762711 0.018063213496408097 0.010381355932203557
3 0.44614026337864576 0.9778998940677966 0.017244965363664676 0.010107628773834752
3 0.20258021541340446 0.9778998940677966 0.01798602027633789 0.010543564618643964
3 0.8139505183687517 0.9759533898305085 0.017584615531973213 0.00991500595868653
3 0.5694023971866128 0.9772510593220338 0.018233038580562293 0.010421908103813469
3 0.9364715972640454 0.974655720338983 0.017723563328099413 0.009722383143538309