3 0.1642149853435333 0.20445422535211263 0.016850468291985384 0.0117253521126761
2 0.18510045041824552 0.272887323943662 0.021622756845642393 0.015950704225352108
2 0.31172696074926715 0.2709683098591549 0.02164956745549434 0.01639084507042251
2 0.43925162651033106 0.2697887323943662 0.022319832701794447 0.016126760563380364
2 0.6948103596196468 0.26776408450704225 0.021783620504754363 0.01545774647887318
3 0.29043933652677484 0.2017077464788732 0.017708407807249547 0.010950704225352154
2 0.5670309930649889 0.26894366197183095 0.02154232501608641 0.015633802816901438
3 0.4179640022878387 0.20036971830985914 0.01882104811610771 0.010915492957746456
3 0.6727452277114463 0.19816901408450704 0.01847251018803168 0.011179577464788792
2 0.8220803245871166 0.266919014084507 0.02223940087223846 0.01570422535211274
3 0.8000151926789161 0.19716549295774646 0.01819099878458574 0.010739436619718296
3 0.1654750840065775 0.6011971830985916 0.01805694573532572 0.011302816901408429
3 0.5454752627439765 0.1993485915492958 0.018123972259955656 0.01133802816901408
2 0.18754021591477799 0.6692781690140844 0.021864052334310418 0.014876760563380269
2 0.3135232716093515 0.6686091549295774 0.02112676056338023 0.01528169014084502
2 0.5685726031314792 0.6672535211267605 0.021569135625938356 0.015105633802817047
2 0.44104793737041537 0.6686091549295774 0.0222930220919425 0.015757042253521262
3 0.927794559233574 0.19683098591549295 0.01840548366340189 0.011179577464788745
3 0.2922356473868592 0.6005281690140845 0.01819099878458574 0.010915492957746551
3 0.6747962393651247 0.598169014084507 0.01868699506684783 0.011091549295774522
2 0.6968613712733251 0.6672535211267605 0.02195788946879252 0.0142605633802818
3 0.8020662043325946 0.5971654929577465 0.018539536712661765 0.010792253521126819
3 0.5475396797025809 0.5991901408450703 0.01847251018803168 0.011126760563380458
2 0.8241313362407949 0.6655633802816902 0.022413669836276618 0.015052816901408429
3 0.9298455708872523 0.5964788732394366 0.01840548366340189 0.010827464788732376
3 0.419760313147923 0.6005281690140845 0.01742689640380346 0.010492957746478926
3 0.6756273682705369 0.9964788732394366 0.018767426896403816 0.00704225352112682
3 0.16756631157503396 0.9964788732394366 0.018767426896403816 0.00704225352112682
3 0.419586044183885 0.9973591549295774 0.018767426896403816 0.005281690140845209
3 0.5482769714735111 0.9964788732394366 0.018767426896403816 0.00704225352112682
3 0.8023074998212625 0.9964788732394366 0.017426896403803606 0.00704225352112682
3 0.2935761778794595 0.9964788732394366 0.018767426896403816 0.00704225352112682
3 0.9296578966182885 0.9955985915492958 0.017426896403803606 0.008802816901408429