2 0.46485027084114067 0.7046140939597316 0.021271249957414924 0.015318791946308655
2 0.5863838449221546 0.7046140939597316 0.021858924130412582 0.0143959731543625
2 0.22276683814260895 0.7058892617449665 0.020798555513916756 0.014513422818791923
2 0.34307396177562777 0.705251677852349 0.021437331788914195 0.014966442953020001
2 0.7081601539876674 0.7033221476510069 0.020683575784417412 0.014345637583892502
0 0.08375634517766499 0.9069295302013423 0.009134500732463467 0.010167785234899232
2 0.8294509930841822 0.702030201342282 0.02161618914591361 0.014563758389261732
2 0.10245971450959017 0.7058892617449665 0.021245698906415 0.015738255033557115
2 0.10050505910809798 0.3269295302013423 0.020274758968418915 0.014899328859060385
3 0.20186607842469254 0.6400503355704699 0.01674871393043301 0.010771812080536923
3 0.6871316390147516 0.6378020134228188 0.017208632848431177 0.010520134228187886
2 0.34160477634313363 0.3248489932885907 0.021437331788914195 0.014966442953020192
2 0.4628956154396484 0.3230704697986578 0.02165451572241346 0.015553691275167788
2 0.5849146594896604 0.32260067114093965 0.020632473682417416 0.01479865771812077
3 0.19989864749770042 0.2606208053691276 0.016876469185432497 0.011208053691275192
3 0.4438217558682247 0.6390939597315437 0.01630157053793484 0.010285234899328847
3 0.32228818178721086 0.6397315436241611 0.016429325792934255 0.009966442953020191
2 0.22081218274111677 0.32580536912751684 0.020019248458419975 0.014513422818791923
3 0.9277586618062891 0.25402684563758393 0.017272510475930886 0.010167785234899328
3 0.5634006745477464 0.25644295302013426 0.017208632848431177 0.011543624161073846
2 0.7062054985861753 0.32098993288590605 0.021117943651415366 0.01468120805369125
3 0.8084224781112663 0.6362080536912753 0.01695312233843206 0.010117449664429425
3 0.4421098354512316 0.25771812080536916 0.016608183149933523 0.010771812080536923
3 0.5653553299492385 0.6387751677852349 0.016429325792934255 0.010469798657718077
2 0.8274963376826902 0.3200335570469799 0.020926310768916535 0.014563758389261732
3 0.6851769836132595 0.25531879194630874 0.01713197969543147 0.010469798657718172
3 0.8069532926787722 0.2546812080536913 0.017068102067931475 0.01043624161073827
3 0.3210745068647157 0.2591610738255034 0.01674871393043301 0.010570469798657693
3 0.9297133172077814 0.6358724832214766 0.017004224440432057 0.009932885906040193