1 0.1008078800708515 0.28005119453924915 0.016213764202704452 0.014317406143344726
3 0.44482222318226977 0.20901023890784984 0.01819674255843087 0.010955631399317364
3 0.20344321078325484 0.9818088737201365 0.018002332915712623 0.010136518771331187
2 0.34286084589795657 0.27694539249146755 0.02138506069901064 0.016058020477815755
3 0.5683630708083119 0.20834470989761092 0.017717198773059092 0.011399317406143344
3 0.32177387998444723 0.21047781569965868 0.01758759234458026 0.010529010238907878
2 0.4659091890957791 0.27580204778156997 0.02179980127014307 0.015938566552900966
3 0.6919039184343544 0.20687713310580205 0.01766535620166779 0.010904436860068216
2 0.22018836134272257 0.2787372013651877 0.020905516913638934 0.015102389078498295
3 0.32524733226768043 0.9824744027303753 0.01819674255843087 0.010255972696245787
2 0.7132371365619734 0.2736860068259386 0.021177690413444424 0.0150511945392491
3 0.19934764764332308 0.21226962457337878 0.01785976584438582 0.010648464163822525
2 0.5896962889359312 0.27515358361774744 0.020983280770726247 0.014692832764505113
3 0.8149522616321768 0.20605802047781568 0.01766535620166779 0.010290102389078442
3 0.5718365230915453 0.9818088737201365 0.018417073486844984 0.010051194539249384
0 0.07947466194323236 0.9138737201365187 0.009487190564652 0.010375426621160387
2 0.8362854797597961 0.2728668941979522 0.021670194841664242 0.015392491467576784
3 0.44804942325139324 0.9824744027303753 0.017794962630146478 0.010017064846416209
3 0.8174277444161231 0.9805119453924914 0.01745798591610143 0.010051194539249384
3 0.6948848662893679 0.981160409556314 0.018002332915712838 0.010136518771331187
3 0.5703460491640385 0.5954095563139932 0.017665356201667645 0.011092150170648551
3 0.4468052015379963 0.5960580204778156 0.017794962630146478 0.010375426621160387
3 0.3235106061260638 0.5970477815699659 0.017717198773059092 0.010836177474402764
3 0.20121398021341858 0.5973720136518771 0.017924569058625307 0.011348122866894149
2 0.34435131982546335 0.6643344709897611 0.020983280770726247 0.015392491467576784
3 0.6933943923618612 0.5944368600682594 0.01831338834406209 0.011092150170648551
2 0.46764591523739574 0.6636689419795222 0.021877565127230315 0.015392491467576784
2 0.5906942584352184 0.6630204778156996 0.020931438199334657 0.014863481228669002
2 0.7147276104894803 0.662372013651877 0.02146282455609788 0.014470989761092217
3 0.8164427355596837 0.5934470989761091 0.017587592344580117 0.010648464163822572
2 0.22217133969844902 0.6649829351535836 0.020853674342247344 0.014982935153583602
3 0.9409685920421652 0.9791979522184299 0.017587592344580117 0.00955631399317402
2 0.8377759536873028 0.6610580204778157 0.02102216269926994 0.014368600682593827
1 0.1008078800708515 0.6649829351535836 0.018533719272475917 0.015051194539249196
3 0.939983583185726 0.5931228668941979 0.017924569058625165 0.010494880546074985
3 0.9383635028297402 0.20571672354948803 0.015306519203352452 0.010204778156996592