2 0.7174984995635094 0.2604963631465517 0.021852770521879013 0.01508768015894399
3 0.19854611114142298 0.1986193426724138 0.018046158882584044 0.010601596174568944
0 0.07748646197075514 0.9078125 0.009258055468409 0.010684098868534496
2 0.5931805161501528 0.261651400862069 0.021476808878491904 0.015139244342672385
2 0.8418164829768661 0.2596713362068966 0.02210341161747042 0.015201121363146513
3 0.3224881329113924 0.19680428340517242 0.017983498608686192 0.010684098868534496
2 0.4678599683544304 0.2624764278017242 0.02210341161747056 0.015861142914870736
2 0.3432913438454823 0.26346646012931035 0.02172744997408331 0.015923019935344864
3 0.44680611632474904 0.19548424030172415 0.01857877121071578 0.011024422481142248
3 0.6959433653426451 0.19317416487068967 0.018187144498854283 0.011024422481142248
3 0.20030059881056306 0.5873720366379311 0.017905173266313808 0.011158489358836239
3 0.8202613487560018 0.1923491379310345 0.01776418765004357 0.010323149582435368
3 0.5716253819292886 0.19465921336206896 0.018046158882584044 0.011199740705818945
2 0.2195999631711043 0.2654465247844828 0.0213514883306962 0.015201121363146513
3 0.32424262058053255 0.5863820043103448 0.017905173266313808 0.010900668440193991
2 0.8438216117415975 0.6510641163793104 0.021931095864251397 0.014798920730064728
2 0.34529647261021396 0.654364224137931 0.02124183285137489 0.015500193628771513
2 0.7190023461370582 0.6517241379310345 0.021038186961206948 0.014737043709590504
2 0.5946843627237015 0.653704202586207 0.020787545865615396 0.01508768015894399
3 0.44856060399388914 0.5860519935344828 0.018390790389022225 0.010482998551993509
2 0.4696144560235705 0.653704202586207 0.021931095864251397 0.015613634832974222
3 0.6979484941073768 0.5840719288793104 0.01853177600529232 0.011024422481142248
3 0.9450806143605414 0.19201912715517244 0.017905173266313808 0.0107666015625
3 0.8222664775207333 0.5830818965517243 0.018046158882584044 0.010524249898976261
2 0.22185573303142733 0.6550242456896552 0.021194837645951575 0.01508768015894399
3 0.5731292285028372 0.5850619612068966 0.017560541759875627 0.011024422481142248
3 0.9475870253164557 0.582421875 0.01839079038902237 0.01056034482758624
3 0.32599710824967265 0.9764547413793104 0.018328130115124373 0.010642847521551554
3 0.20268168921868182 0.9764547413793104 0.017983498608686192 0.01052424989897645
3 0.6994523406809253 0.9757947198275863 0.01832813011512452 0.01060159617456899
3 0.574633075076386 0.9764547413793104 0.018328130115124373 0.010818165746228488
3 0.44956316837625493 0.9764547413793104 0.018328130115124373 0.010323149582435463
3 0.8232690419030992 0.9751346982758622 0.017842512992415956 0.010085954337284497
3 0.9475870253164557 0.973814655172414 0.01756054175987548 0.00989001043911647