2 0.2218088155897195 0.2770303262246622 0.020887992824955102 0.015418387748099652
3 0.20105895056448855 0.21171940983952703 0.017741748497904535 0.011013134105785506
3 0.32555814071587413 0.9739495354729731 0.018094741763866294 0.010310920509132302
3 0.6916888951847416 0.9733028927364866 0.017818486164417988 0.010230090167071543
3 0.20498791908997607 0.9739495354729731 0.017741748497904535 0.010346283783783671
3 0.5693997498289429 0.9739495354729731 0.018018004097352845 0.010230090167071543
2 0.22389608011888473 0.6596811655405407 0.021041468157981934 0.01495361328125
3 0.4468650439403011 0.9739495354729731 0.018094741763866294 0.010073481379328465
3 0.8129957984091688 0.9720096072635136 0.01768035836469383 0.009841094145903829
2 0.46675544710058164 0.6577412373310811 0.022039057822656513 0.015963992557010063
2 0.34299293854772495 0.27541371938344594 0.021409808957246444 0.015600256017736456
3 0.32236585378891547 0.21026446368243246 0.017818486164417988 0.010720124115815017
2 0.34471186227762574 0.6590345228040541 0.020765212558533624 0.015297142235008512
2 0.4647909628378379 0.27444375527871623 0.021409808957246444 0.015357764991554083
3 0.4441638780790284 0.2091328388935811 0.018018004097352845 0.010972718934755078
2 0.5885534713906946 0.6567712732263514 0.020642432292112073 0.01478184880437084
3 0.6887421687906262 0.2068695893158784 0.017818486164417988 0.010932303763724652
3 0.20265509402796786 0.5927536423141893 0.017542230564969605 0.01088178479993663
3 0.5664530234348273 0.20800121410472977 0.017542230564969678 0.011093964447846267
2 0.7098603746151214 0.27234216638513514 0.02113355335779799 0.014721226047825175
2 0.5875712292593227 0.2736354518581081 0.02068847489202017 0.014610084327491583
3 0.8100490720150532 0.20573796452702703 0.01768035836469383 0.010346283783783767
2 0.7108426167464934 0.6561246304898649 0.02041221929257172 0.01449894260715799
2 0.8331317621022922 0.6551546663851352 0.021287028690824893 0.01466060329127951
2 0.8311672778395486 0.27153386296452703 0.02182419235641905 0.014781848804370744
3 0.3240847775188163 0.5921069995777027 0.017618968231483127 0.010467529296875
3 0.932338217370852 0.20557630384290543 0.017281322498824116 0.01084136962890625
3 0.568417507697571 0.5904903927364865 0.017818486164417988 0.01109396444784636
3 0.6902155319876839 0.5898437500000001 0.018202174496985243 0.01076053928684549
3 0.8120135562777968 0.5888737858952703 0.017480840431758973 0.01034628378378386
3 0.9347938226992817 0.9713629645270271 0.017342712632034817 0.009841094145903829
3 0.4461283623417722 0.5917836782094594 0.017818486164417988 0.01038669895481424
3 0.9343027016335957 0.5882271431587839 0.01768035836469383 0.01034628378378386