3 0.16212375777507684 0.18672535211267605 0.017038142560949442 0.010105633802816906
3 0.670814863802102 0.1807218309859155 0.016716415242725362 0.01139084507042251
3 0.4160202330735682 0.18278169014084505 0.016917494816615468 0.012218309859154933
3 0.5435448988346321 0.18139084507042252 0.016984521341245406 0.01183098591549296
3 0.16366536784156716 0.583080985915493 0.016716415242725435 0.01170774647887318
3 0.29003717737899476 0.5827464788732394 0.016032744691499286 0.011443661971831033
3 0.6728658754557804 0.580387323943662 0.01710516908557938 0.011179577464788698
3 0.9258507900193035 0.1785211267605634 0.017909487381139507 0.01139084507042251
3 0.41815167655680274 0.5817253521126761 0.017172195610209464 0.011795774647887357
3 0.7991036319439478 0.579700704225352 0.016716415242725362 0.010211267605633718
3 0.5450865089011224 0.5810563380281689 0.018123972259955656 0.011338028169014176
3 0.927915206977908 0.5786971830985915 0.016716415242725362 0.011179577464788698
2 0.31005129763351685 0.2535035211267606 0.021126760563380302 0.01570422535211274
2 0.819627153785658 0.24811619718309857 0.02132784013727055 0.015281690140845114
2 0.1835588403517552 0.25434859154929573 0.020965896904268262 0.015827464788732374
2 0.5651006291556445 0.25014084507042256 0.021274218917566368 0.014700704225352107
2 0.6928799957103023 0.2492957746478873 0.02257453349538859 0.01522887323943659
2 0.4378306641881747 0.2526584507042253 0.021569135625938356 0.014876760563380269
2 0.18560985200543362 0.6525 0.020885465074712208 0.01545774647887318
2 0.31184760849360116 0.6518133802816901 0.021984700078644392 0.015827464788732374
2 0.6949310073639807 0.649806338028169 0.022319832701794735 0.015580985915492913
2 0.05788410667047974 0.2561971830985916 0.02033584757274611 0.015580985915493006
2 0.43911757346107094 0.6511443661971831 0.021461893186530284 0.01540492957746475
2 0.5671516408093229 0.6508098591549296 0.021984700078644465 0.015528169014084672
3 0.16597108028883964 0.9800352112676055 0.017788839636805606 0.010580985915493103
2 0.8216781654393366 0.6491197183098592 0.021823836419532353 0.015528169014084672
3 0.6738846786301566 0.9794718309859155 0.01840548366340189 0.010827464788732566
3 0.4201222563809251 0.9807218309859154 0.018123972259955656 0.010827464788732566
3 0.5471375205548008 0.9800352112676055 0.018325051833845616 0.010545774647887356
3 0.8011546435976263 0.9786971830985913 0.01737327518409971 0.010264084507042148
3 0.29208818903267314 0.9800352112676055 0.017105169085579453 0.010140845070422604
3 0.92834417673554 0.9766725352112676 0.017172195610209464 0.010369718309859385
2 0.058018159719739754 0.653169014084507 0.020724601415600202 0.01420774647887337
3 0.2887368628011725 0.1844718309859155 0.01741349109887756 0.010616197183098563
3 0.7978837491956817 0.1802464788732394 0.017480517623507497 0.009049295774647845