2 0.08480674342105263 0.7489446271929824 0.020774456067993566 0.015950520833333332
2 0.4628379224552498 0.7476014254385964 0.02224464834357472 0.015352376302083333
2 0.3360178583355597 0.7482730263157894 0.021669355713999444 0.014995588336074471
2 0.5899136721880844 0.7476014254385964 0.02182915922221487 0.01437645627741233
3 0.18810373113144535 0.6804413377192982 0.016987112923290176 0.011007958127741139
2 0.20996485105530321 0.7489446271929824 0.021205925540175023 0.014932625753837669
2 0.7172451075340636 0.7462582236842105 0.021205925540175023 0.014596825315241138
3 0.31402889560512953 0.6794339364035088 0.01717887713314853 0.01046228241502187
3 0.4411046453379642 0.6790981359649122 0.01757838590368695 0.010787589089912331
2 0.08218596588632114 0.3520285087719298 0.020726515015528996 0.014880156935307032
2 0.5878681872829281 0.34732730263157896 0.020774456067993604 0.014596825315241233
3 0.6952561448036334 0.6774191337719297 0.017242798536434813 0.010787589089912331
2 0.461048123163238 0.3483347039473684 0.021205925540175023 0.015173982319078903
2 0.33422805904354796 0.34934210526315784 0.021909060976322437 0.014932625753837764
3 0.9494076442693027 0.6754043311403509 0.01698711292329025 0.010624935752467195
3 0.18656961745257813 0.2828536184210526 0.017450543097114597 0.011396227384868401
2 0.7151996226289073 0.34631990131578944 0.020966220277851885 0.014932625753837764
2 0.20791936615014692 0.3510211074561403 0.020806416769636675 0.014712256716008766
3 0.8225875801496125 0.6764117324561403 0.01677936836261025 0.010026791221217196
2 0.8440651716537536 0.7455866228070175 0.022004943081251577 0.014827688116776396
3 0.5684360806839434 0.6787623355263157 0.01757838590368695 0.010829564144736802
3 0.31249478192626234 0.2810067160087719 0.016987112923290176 0.010105494449013198
3 0.43982621727224147 0.2801672149122807 0.017370641343006955 0.011049933182565799
3 0.566390595778787 0.27848821271929824 0.017514464500400808 0.011133883292214932
3 0.6937220311247662 0.2773129111842105 0.017114955729862533 0.0101841976768092
2 0.8420196867485973 0.3453125 0.02146161115331959 0.014932625753837764
3 0.9478735305904354 0.2758018092105263 0.016715446959323966 0.0100267912212171
3 0.8210534664707453 0.27680921052631574 0.016275987311731976 0.010299629077576734
0 0.06435189436948971 0.9430372807017543 0.009596200668330888 0.010955489309210406