1 0.09888798072786716 0.2822596663135593 0.014674431135329747 0.01517665022510594
2 0.21869185827669274 0.6649099576271186 0.021289890095338996 0.015288168697033862
3 0.19584266513593737 0.2154296875 0.01764637010802935 0.009915005958686435
3 0.20016548545986404 0.9802436440677966 0.017584615531973213 0.010543564618643964
3 0.3216984911382603 0.9802436440677966 0.017383913159790876 0.010462460275423762
2 0.34071890056353776 0.664261122881356 0.021614101619633463 0.015531481726694855
3 0.6892617278241417 0.9795948093220339 0.017723563328099413 0.010634807004767027
3 0.44397255172932976 0.9808924788135592 0.01792426570028175 0.0102647684388243
3 0.5667406489288479 0.9802436440677966 0.01792426570028175 0.010634807004767027
2 0.4632399794588316 0.664261122881356 0.02104287179111459 0.015237478482521093
2 0.5865021132667986 0.6636122881355931 0.02183024263582987 0.01454809156514822
3 0.31824023487911896 0.2139698093220339 0.01764637010802935 0.010107628773834752
2 0.7090231921620924 0.6623146186440677 0.02161410161963361 0.01500430349576277
3 0.8117828067194356 0.9782971398305085 0.017924265700281897 0.01006707660222446
3 0.808818587068743 0.2095901747881356 0.01738391315979102 0.009950489108845299
3 0.4407613137744128 0.2123477224576271 0.01798602027633789 0.010756463519597475
3 0.6862975081734493 0.2100768008474576 0.01692075383937035 0.00964634782176906
3 0.5632823926697066 0.21137447033898304 0.01750742231190315 0.011009914592161038
1 0.10037009055321344 0.666207627118644 0.014118639950824872 0.015176650225105845
2 0.8315442710573862 0.6616657838983051 0.021737610771745592 0.015115821967690598
2 0.21708623929923426 0.2807997881355932 0.021459715179493265 0.015957279528601685
2 0.33898977243396716 0.27933990995762714 0.021614101619633463 0.015957279528601685
3 0.1978188115697324 0.5993776483050848 0.01738391315979095 0.010634807004767027
2 0.7070470457282974 0.2757713188559322 0.022000067719984067 0.015409825211864358
2 0.5845259668330035 0.27739340572033894 0.021876558567871938 0.015288168697033862
2 0.8295681246235911 0.2749602754237288 0.0215369083995634 0.015409825211864358
3 0.31996936300868967 0.598728813559322 0.01812496807246409 0.009950489108845394
2 0.4617578696334853 0.2786910752118644 0.021289890095338996 0.015004303495762676
3 0.4424904419039835 0.5984043961864407 0.018202161292534155 0.010584116790254257
3 0.6877796179987955 0.5964578919491524 0.017924265700281897 0.010305320610434402
3 0.9313396659640367 0.20845471398305085 0.017584615531973213 0.010345872782044505
3 0.8112887701109868 0.5958090572033898 0.01812496807246409 0.009646347821769154
3 0.564764502495053 0.5974311440677965 0.01831023180063236 0.011050466763771093
3 0.9338098490062806 0.9776483050847458 0.016720051467187868 0.010188733117054956
3 0.9338098490062806 0.5948358050847458 0.01798602027633789 0.010188733117055145
0 0.08085564451948722 0.9127648305084745 0.009340379628484483 0.010345872782044505