3 0.5658407999182368 0.19109060402684566 0.01713197969543147 0.010721476510067067
3 0.2023515483936906 0.19541946308724834 0.017208632848431177 0.010654362416107356
3 0.6871316390147516 0.19011744966442953 0.017004224440432057 0.010285234899328847
3 0.4443200013627228 0.1923657718120806 0.01760467413892957 0.01057046979865774
3 0.9297133172077814 0.18852348993288592 0.01642932579293411 0.009848993288590624
3 0.8084224781112663 0.18916107382550337 0.016301570537934695 0.009513422818791924
2 0.8299364630531804 0.25434563758389267 0.020376963172418584 0.013540268456375865
2 0.46485027084114067 0.25644295302013426 0.02079855551391683 0.014278523489932885
2 0.7081601539876674 0.25483221476510065 0.0194826763874221 0.013221476510067115
2 0.3435722072701258 0.25837248322147655 0.02040251422341844 0.014446308724832211
3 0.32278642728170887 0.19380872483221478 0.01700422444043202 0.01031879194630875
2 0.223009573127108 0.25964765100671144 0.02055582052941778 0.014228187919463077
2 0.5863838449221546 0.2556375838926175 0.01998092188192005 0.013959731543624135
2 0.10263857186658945 0.2609395973154363 0.020274758968418915 0.01597315436241606