3 0.4438247501320138 0.6291356438758391 0.016612861687103915 0.010241719700345963
3 0.9282417363642559 0.24343278104026847 0.016047382494442507 0.010121287915530578
3 0.8079322173202059 0.6262452810402686 0.016123798601558964 0.009930604256239425
3 0.20100492815896162 0.6300990981543625 0.01720890732261182 0.010477565278942886
3 0.3218035102885566 0.6294567953020135 0.01655172880141085 0.01020157577207423
3 0.686644572105066 0.6275298867449666 0.016689277794220227 0.010046018050020962
3 0.5629116114622015 0.24632314387583895 0.01687267645129964 0.010728464830641826
3 0.19978227044509933 0.2498558095637584 0.016368330144331512 0.010608033045826346
2 0.10282551373581916 0.6956139890939598 0.01986818785026231 0.014793037568162692
3 0.9301979887064356 0.6256029781879195 0.016368330144331512 0.009624506803166923
3 0.806465028063571 0.24455681103187923 0.015741718065976965 0.010046018050020962
2 0.2224014381515518 0.6956139890939598 0.020601782478579706 0.013960051056522692
3 0.5653569268899261 0.6281721895973155 0.01655172880141078 0.010161431843802499
3 0.4421130293326066 0.2477683252936242 0.01675041067991351 0.010437421350671154
2 0.4628982104682656 0.3134437919463087 0.019593089864643302 0.014070446859270096
2 0.5844303872261779 0.3128014890939598 0.020280834828690843 0.013849655253775192
3 0.6846883197628864 0.24519911388422821 0.0168115435656065 0.010316989565855673
2 0.34136603371035334 0.31408609479865773 0.020678198585696164 0.014963649263317981
2 0.7062070955268627 0.3113563076761745 0.020173852278728033 0.014070446859270096
2 0.8270056776564576 0.3099111262583893 0.020831030799928933 0.014401634267512595
2 0.3425886914242156 0.6949716862416108 0.02052536637146325 0.014120626769609809
2 0.2203229200379859 0.3158524276426175 0.020250268385844275 0.014682641765415288
3 0.32058085257469426 0.2487317795721477 0.015925116723056448 0.010046018050020962
2 0.5858975764828127 0.6936870805369127 0.019822338185992532 0.01332778418624154
2 0.46436539972490043 0.6943293833892619 0.020999146235585023 0.014622425873007501
2 0.7076742847834976 0.6924024748322148 0.020097436171611575 0.01347832391726096
2 0.8289619299986373 0.6917601719798658 0.021274244221203924 0.013960051056522692
2 0.10050246407948081 0.31713703334731547 0.019455540871833817 0.014963649263317981