3 0.20296118050114131 0.673133389261745 0.015925116723056448 0.01020157577207423
3 0.32302616800241885 0.672491086409396 0.016429463030024648 0.009890460327967693
2 0.10105266005071885 0.3596895973154363 0.019409691207563966 0.014682641765415288
3 0.4448028763031036 0.671848783557047 0.016689277794220372 0.0103571334941275
2 0.10355910836413657 0.7380059773489933 0.019944603957378734 0.01519447685088096
3 0.5668241161465609 0.6712064807046981 0.016368330144331512 0.010276845637583847
3 0.8089103434912956 0.6692795721476511 0.016429463030024506 0.00973992059694846
2 0.22301276700848296 0.7380059773489933 0.020097436171611506 0.014231022572357309
3 0.6881117613617007 0.670564177852349 0.016490595915717787 0.01020157577207423
2 0.3418550967958982 0.35679923447986583 0.021274244221203924 0.014732821675755
2 0.4631427420110381 0.3558357802013423 0.020953296571315064 0.014903433370910192
3 0.9292198625353457 0.28614592072147654 0.015986249608749514 0.00977504653418625
2 0.34356681759530544 0.7373636744966443 0.02087688046419875 0.014682641765415193
2 0.22142331198046197 0.35840499161073824 0.020280834828690843 0.014512030070260095
2 0.7086524109545873 0.7354367659395974 0.020372534157230476 0.014010230966862498
2 0.5849194503117229 0.3551934773489933 0.020601782478579706 0.013899835164114905
3 0.5643788007188363 0.2887151321308725 0.01687267645129964 0.010808752687185385
2 0.46534352589599026 0.7367213716442954 0.021151978449817796 0.014732821675755
2 0.8299400561697272 0.7341521602348994 0.020831030799928933 0.014010230966862498
2 0.7066961586124076 0.35390887164429535 0.020280834828690843 0.014622425873007595
3 0.2005158650734167 0.29321125209731547 0.01675041067991344 0.011200155987835577
3 0.3210699156602392 0.290963192114094 0.016689277794220372 0.010121287915530578
3 0.44309115550369643 0.290320889261745 0.01707135832980237 0.010397277422399327
3 0.6856664459339761 0.28791225356543626 0.0168115435656065 0.010046018050020962
3 0.9311761148775254 0.6686372692953021 0.01655172880141078 0.009965730193477308
3 0.807443154234661 0.28678822357382555 0.01586398383736324 0.009965730193477308
2 0.5868757026539025 0.7360790687919464 0.020403100600077117 0.014512030070260001
0 0.08375205339956734 0.9082162332214765 0.008657944936287387 0.01035713349412769
2 0.8279838038275475 0.35262426593959734 0.021274244221203924 0.014512030070260095