2 0.10300891239289853 0.7373636744966443 0.020479516707193467 0.015254692743288653
2 0.46460993126767286 0.7367213716442954 0.021197828114087613 0.014732821675755
2 0.343322286052533 0.7367213716442954 0.02104499589985484 0.014562209980599808
2 0.22276823546571053 0.7373636744966443 0.02037253415723055 0.014120626769609809
2 0.7076742847834976 0.7347944630872484 0.0206323489214262 0.014070446859270192
2 0.5863866395683577 0.7360790687919464 0.021121412006971155 0.013899835164114999
3 0.2024721174155964 0.671848783557047 0.016123798601559033 0.010527745189282693
2 0.4631427420110381 0.35390887164429535 0.020601782478579706 0.014853253460570481
3 0.3227816364596464 0.6712064807046981 0.016123798601559033 0.010241719700345963
2 0.3418550967958982 0.35487232592281887 0.02124367777835743 0.015084081048133366
2 0.5844303872261779 0.35294541736577184 0.020678198585696164 0.014451814177852308
2 0.7062070955268627 0.3516608116610738 0.02032668449296066 0.014682641765415288
2 0.2210565146663033 0.3561569316275168 0.0204795167071935 0.014341418375104904
3 0.44406928167478626 0.670564177852349 0.016490595915717787 0.010086161978292693
2 0.1008692613936395 0.3574415373322148 0.01956252342179677 0.014512030070260095
2 0.8289619299986373 0.7335098573825504 0.021365943549743558 0.014010230966862498
3 0.6871336351906109 0.6692795721476511 0.01694909255841595 0.010477565278942886
3 0.5658459899754711 0.6699218750000001 0.016612861687103915 0.010046018050020962
3 0.20027133353064425 0.29112376782718125 0.016612861687103988 0.010648176974098172
3 0.3208253841174667 0.2898391621224833 0.016689277794220338 0.010161431843802405
3 0.9297089256208906 0.6673526635906041 0.016689277794220227 0.01020157577207423
3 0.44260209241815146 0.2891968592701343 0.01707135832980237 0.010527745189282693
3 0.5638897376332913 0.28759110213926176 0.01707135832980237 0.010397277422399327
2 0.8270056776564576 0.35101850880872487 0.02052536637146339 0.014231022572357404
3 0.8084212804057508 0.6679949664429531 0.016490595915717787 0.01000587412174923
3 0.6856664459339761 0.2863064964345638 0.016246064372945238 0.00977504653418625
3 0.806954091149116 0.28582476929530204 0.015390203973241605 0.00929331939492452
3 0.9282417363642559 0.28550361786912754 0.01569586840170715 0.009815190462458077
0 0.08344638897110178 0.9069316275167787 0.009177574464678873 0.010161431843802499