2 0.34283322296698804 0.27924116505872487 0.020754614692812475 0.015796635774958077
3 0.32571601497291597 0.9743734270134229 0.018080050943738737 0.010316989565855769
3 0.20149399124450654 0.21533203125 0.017667403965310205 0.010648176974098172
3 0.20577329324302457 0.9743734270134229 0.017881369065236113 0.01035713349412769
2 0.46436539972490043 0.2782777107802014 0.02132009388547374 0.015495556312919424
3 0.6900680137038804 0.973088821308725 0.01801891805804549 0.010121287915530578
2 0.22215690660877938 0.28116807361577184 0.0204795167071935 0.015084081048133366
3 0.32253710491687393 0.21388684983221481 0.017270040208304922 0.010527745189282716
3 0.4438247501320138 0.2126022441275168 0.01788136906523604 0.010688320902369952
3 0.8108665958334753 0.972446518456376 0.01774382007242659 0.009965730193477308
3 0.4467591286452833 0.9743734270134229 0.017667403965310132 0.010276845637583847
3 0.5653569268899261 0.21163878984899331 0.017331173093998096 0.011200155987835577
3 0.5687803684887406 0.9743734270134229 0.01804948450089213 0.010161431843802499
3 0.6871336351906109 0.21035418414429533 0.01774382007242659 0.010858932597525144
2 0.7081633478690423 0.2763508022231544 0.020953296571315207 0.014963649263317981
0 0.08344638897110178 0.9069316275167787 0.009070591914715919 0.010437421350671154
3 0.8084212804057508 0.2093907298657718 0.016872676451299785 0.0101212879155306
2 0.5863866395683577 0.27795655935402686 0.020448950264346934 0.014512030070260095
2 0.8294509930841822 0.27554792365771813 0.02115197844981765 0.015194476850880866
3 0.20345024358668623 0.5950935927013423 0.017331173093998096 0.010939220454068845
3 0.32424882571628116 0.5944512898489933 0.017407589201114446 0.010397277422399421
2 0.22423542472234528 0.6602873322147652 0.02083103079992886 0.014682641765415193
3 0.5673131792321058 0.5931666841442954 0.017606271079617142 0.010808752687185385
2 0.34454494376639533 0.6596450293624162 0.02052536637146325 0.014853253460570386
3 0.44578100247419344 0.5941301384228188 0.017606271079617142 0.009930604256239425
3 0.6890898875327907 0.5922032298657718 0.017804952958119583 0.010608033045826346
2 0.4663216520670801 0.6590027265100672 0.021365943549743704 0.01519447685088096
2 0.5873647657394475 0.6590027265100672 0.020678198585696164 0.014010230966862498
3 0.9326433041341602 0.9711619127516778 0.017667403965310132 0.00985031639969596
3 0.8103775327479305 0.5909186241610739 0.017208907322611967 0.010316989565855769
2 0.7096305371256773 0.6573969693791947 0.02087688046419875 0.01358871972000846
3 0.9301979887064356 0.20874842701342283 0.017545138193923858 0.010728464830641802
2 0.8309181823408169 0.6561123636744968 0.021686891199632564 0.014562209980599808
3 0.9321542410486152 0.5905974727348994 0.017667403965310132 0.01020157577207423