2 0.22191619380183328 0.7008275862068967 0.02044085552160633 0.01484482758620686
2 0.34560890440855524 0.6995 0.02135748581405496 0.014965517241379303
2 0.7198166739415103 0.6975172413793104 0.02088607594936709 0.014120689655172592
2 0.4701658664338717 0.6988448275862069 0.0212396333478831 0.015379310344827483
2 0.8441248363160193 0.6962068965517242 0.021606285464862526 0.014568965517241472
3 0.9453862941946749 0.2371551724137931 0.016263640331732825 0.01098275862068969
2 0.5949978175469227 0.6981896551724138 0.02104321257092976 0.014793103448276005
2 0.09903535573985159 0.7008275862068967 0.02123963334788303 0.015620689655172366
2 0.22016150152771716 0.31108620689655175 0.02020515058926232 0.014465517241379284
2 0.3443518114360542 0.30958620689655175 0.021802706241815722 0.014913793103448257
2 0.4684111741597556 0.30810344827586206 0.021069402007856872 0.01501724137931035
2 0.7178000872981231 0.3059655172413793 0.021069402007856584 0.014965517241379303
2 0.5929812309035356 0.3071206896551724 0.020480139676996995 0.014741379310344863
2 0.8426189436927106 0.3046379310344828 0.02131820165866429 0.014913793103448257
3 0.9473897861195986 0.628551724137931 0.017167175905717758 0.010327586206896626
3 0.8210650371017023 0.2374827586206897 0.016656481885639503 0.010896551724137945
3 0.4488738542121345 0.6321724137931035 0.016525534701003944 0.011155172413793176
3 0.3243037974683544 0.6331724137931035 0.017232649498035824 0.011327586206896664
3 0.573430816237451 0.6315172413793103 0.016132693147097407 0.01124137931034473
3 0.6982496726320384 0.6305344827586207 0.01697075512876485 0.011155172413793176
2 0.09703186381492797 0.31239655172413794 0.020480139676996925 0.014965517241379303
3 0.19872544740288084 0.24391379310344832 0.017494543867306873 0.01132758620689657
3 0.696246180707115 0.23896551724137932 0.01723264949803597 0.011275862068965524
3 0.2005194238323876 0.6330517241379311 0.016970755128764704 0.011775862068965541
0 0.07955041466608469 0.9087241379310343 0.00887821911828896 0.010896551724137756
3 0.32279790484504584 0.24210344827586208 0.016446966390222608 0.010862068965517249
3 0.5719380183326058 0.2397931034482759 0.017023134002618928 0.011275862068965524
3 0.8225709297250109 0.6292068965517241 0.017167175905717758 0.010568965517241319
3 0.4473679615888258 0.240948275862069 0.016774334351811363 0.011206896551724127
0 0.09327367961588827 0.5975344827586206 0.010318638149279798 0.010448275862068878