3 0.19754207854662034 0.1841578947368421 0.016190221747261552 0.009350877192982427
3 0.5777050494255944 0.17957894736842103 0.017045150948437046 0.01157894736842105
3 0.4506278386321132 0.18075438596491228 0.016657761154154398 0.012175438596491214
3 0.7070798824472349 0.5786842105263158 0.017045150948437192 0.011000000000000038
3 0.3250868287469944 0.5810350877192982 0.016150146940956456 0.011403508771929865
2 0.2189820999198504 0.25194736842105264 0.021199572535399443 0.015228070175438594
2 0.4716003205984504 0.24875438596491226 0.020932407160032012 0.014596491228070173
2 0.3450307240181672 0.2497719298245614 0.0210927063852524 0.015052631578947361
2 0.8528185947101254 0.24589473684210522 0.021052631578947448 0.015175438596491233
2 0.5991851456051296 0.24775438596491228 0.021787336361207506 0.015
2 0.7259951910232434 0.24691228070175442 0.022642265562383145 0.015403508771929732
2 0.220892332353727 0.6491929824561403 0.021199572535399443 0.015228070175438499
2 0.6012289607266897 0.6475263157894736 0.022001068661501453 0.015052631578947361
2 0.34682073203312846 0.648859649122807 0.02204114346780655 0.015473684210526433
2 0.4736441357200107 0.6481929824561404 0.021333155223083124 0.014824561403508862
3 0.2018434410900347 0.97659649122807 0.01744589901148809 0.010578947368420966
2 0.7285599786267699 0.6465087719298245 0.02224151749933218 0.01510526315789472
2 0.8548624098316858 0.6458421052631579 0.02190756078012294 0.015578947368420965
2 0.09388191290408762 0.2539649122807017 0.020291210259150393 0.015403508771929732
3 0.5817926796687148 0.97659649122807 0.01862142666310457 0.010999999999999848
3 0.4549692759818327 0.9772807017543857 0.01812717071867495 0.011210526315789669
3 0.7075874966604327 0.9759298245614034 0.017993588030991343 0.010789473684210786
3 0.32738445097515356 0.97659649122807 0.0171787336361208 0.010631578947368325
3 0.8339032861341169 0.9745964912280701 0.01744589901148816 0.010035087719298114
3 0.9612343040341972 0.9732456140350877 0.017178733636120654 0.010578947368420966
2 0.09388191290408762 0.6502105263157895 0.02077210793481166 0.01340350877192975
3 0.32387122628907294 0.18250877192982456 0.016991717873363635 0.009807017543859663
3 0.7047421854127704 0.17861403508771928 0.01744589901148816 0.009245614035087755
3 0.8313251402618221 0.17791228070175438 0.01760619823670855 0.00931578947368422
3 0.9582554100988511 0.1773157894736842 0.017339032861341332 0.009982456140350848
3 0.4522842639593908 0.5808421052631578 0.016777985573069688 0.01164912280701761
3 0.5790275180336628 0.5803157894736841 0.017245524979962533 0.010122807017543778
3 0.8332487309644669 0.5781929824561403 0.01649746192893401 0.010070175438596417
3 0.9603393000267164 0.5772105263157894 0.016056639059577944 0.00878947368421052
3 0.1995858936681806 0.5817719298245614 0.016590969810312592 0.010561403508771909