3 0.9382986996155009 0.2543856655290102 0.015669417203093297 0.010836177474402764
2 0.22272864734090808 0.7134641638225254 0.020387091199723536 0.014812286689419618
2 0.7145332008467619 0.7102047781569965 0.02056854019959367 0.014197952218430033
2 0.3451548796820322 0.7121672354948804 0.0213072968419234 0.01534129692832759
2 0.8380740484728042 0.709556313993174 0.021177690413444424 0.014812286689419618
2 0.46820322287985483 0.7115187713310579 0.0213072968419234 0.01534129692832759
2 0.5914978182917872 0.710853242320819 0.02109992655635718 0.014863481228669002
2 0.3434181535404156 0.3257508532423208 0.021877565127230315 0.014522184300341318
3 0.8157558214887457 0.25552901023890784 0.016097118417073484 0.010375426621160387
2 0.1013522270704627 0.7134641638225254 0.020775910485160066 0.015819112627986368
2 0.4664664967382382 0.32445392491467573 0.021229532984836014 0.014812286689419807
2 0.5895018792932128 0.32346416382252563 0.020348209271179845 0.014812286689419807
2 0.22086231477081258 0.3270648464163822 0.020425973128267157 0.014368600682593921
3 0.9397891735430077 0.6412798634812287 0.01673218991662003 0.009709897610921605
2 0.7130427269192551 0.32249146757679176 0.02067222534237714 0.014692832764505113
2 0.09918779971486585 0.3288566552901024 0.020037153842830627 0.014863481228668908
2 0.8360910701170777 0.321518771331058 0.02150170648464143 0.014812286689419807
0 0.09335551043331748 0.6141808873720136 0.007724543137339627 0.010870307167235561
3 0.6917095087916361 0.2560238907849829 0.016796993130859375 0.010699658703071673
3 0.3235754093403032 0.6458532423208191 0.01725061563053521 0.010580204778156977
3 0.19990495528578217 0.2609215017064846 0.01699140277357755 0.011348122866894149
3 0.6936924871473625 0.6432423208191126 0.0166673867023804 0.010784982935153758
3 0.5706571045923877 0.6442320819112627 0.016485937702510122 0.010784982935153758
3 0.8172333347734047 0.6422696245733788 0.0166673867023804 0.010051194539249195
3 0.5691666306648809 0.2571672354948805 0.016097118417073484 0.010580204778156977
3 0.4473625091804553 0.6452047781569965 0.016796993130859375 0.010836177474402764
3 0.32257743984101606 0.2592832764505119 0.01578606298872423 0.010904436860068263
3 0.44537953082472886 0.25813993174061434 0.016732189916619886 0.01116040955631405
3 0.20213418585561843 0.6454266211604096 0.016356331274031216 0.011092150170648551