2 0.4516367899042915 0.3021252994337979 0.02133724239734483 0.014828565644054853
3 0.43036286276628594 0.23526649608013941 0.017554155651821533 0.010837461890243863
3 0.17963443578264898 0.237600718641115 0.016952660688098208 0.010837461890243863
3 0.9335925439950602 0.23093151132404183 0.016430309798548894 0.010227854658917674
3 0.30626495446125346 0.6307504899825784 0.01714260646611608 0.010550894388338368
3 0.5562335983328188 0.23359919425087108 0.017348381058968843 0.010879144435975641
2 0.5775075254708244 0.30095818815331016 0.020529972840768816 0.014161644912347527
2 0.7036315220747145 0.2997910768728223 0.020814891507795516 0.01421374809451218
3 0.6838771611608522 0.6277493466898956 0.017554155651821675 0.010972930163871979
3 0.808481591540599 0.231765162238676 0.016002931798008622 0.009956918111661632
3 0.5582596866316765 0.6290831881533102 0.01682603016941953 0.011223025438262273
3 0.4321356900277864 0.6300835692508711 0.017015975947437475 0.010795779344512273
3 0.18153389356282804 0.6310839503484321 0.017079291206776814 0.01047273961509139
3 0.6818510728619944 0.23243208297038326 0.01728506579962943 0.010550894388338368
2 0.07889985817381909 0.6991098649825784 0.02065660335944735 0.015182867282774359
3 0.8094946356900278 0.6267489655923345 0.017411696318308252 0.01003507288490861
2 0.2029344512195122 0.6991098649825784 0.019991793136384686 0.014609732278963368
3 0.3047453882371102 0.23626687717770034 0.016366994539209624 0.009956918111661632
3 0.935618632293918 0.6257485844947736 0.016889345428758938 0.009503620426829305
2 0.3260193153751158 0.3039593314459931 0.021543016990197665 0.015120343464176832
2 0.8297555186786045 0.299124156141115 0.021258098323170674 0.014380478277439011
2 0.3280454036739735 0.6984429442508711 0.021178954248996663 0.014724359279725641
2 0.20116162395801176 0.30562663327526135 0.02076740506329114 0.014547208460365842
2 0.5790270916949676 0.6971091027874565 0.020498315211099037 0.01373439881859762
2 0.7056576103735721 0.6957752613240419 0.02076740506329114 0.01416164491234762
2 0.4536628782031491 0.6977760235191639 0.021416386471518986 0.014724359279725641
2 0.8312750849027478 0.6944414198606272 0.02195456617590319 0.014661835461128021
2 0.0766838240969435 0.3064602841898955 0.02065660335944735 0.015182867282774359
0 0.059208812519296085 0.923195230836237 0.008832478677832661 0.010670731707317221