2 0.45691381526898733 0.3257175021701389 0.021136963920754266 0.014777077568901878
2 0.5815903546940929 0.3250528971354167 0.020584879042227056 0.01444477505154083
3 0.18673924957146626 0.655029296875 0.01776135923490245 0.010976367526584265
2 0.3312277492088608 0.32671440972222227 0.021799465774986863 0.014839384290907087
3 0.5603902953586498 0.2577616373697917 0.01768248996654145 0.01075829399956594
3 0.5629141119462026 0.6537000868055556 0.016247069282370734 0.011184056599934896
3 0.4354613742747891 0.25909084743923616 0.017414334454113924 0.01075829399956594
3 0.4369756642273207 0.6543646918402778 0.017083083526997625 0.010934829711914062
3 0.6860763614187764 0.2567647298177083 0.016956892697620084 0.010799831814236143
2 0.7077811840717301 0.32372368706597227 0.020931903823015654 0.014777077568901878
3 0.3112895981671941 0.6543646918402778 0.016562546355814875 0.01089329189724386
3 0.8122671907964136 0.25643242730034727 0.01612876537982934 0.010353300306532087
2 0.20806549973628694 0.7228190104166667 0.020348271237143986 0.014382468329535526
2 0.08427229611682491 0.7228190104166667 0.021058094652393198 0.015306684705946243
3 0.18509876878955697 0.2614169650607639 0.01722504821004747 0.011017905341254372
3 0.6880954146888186 0.6523708767361112 0.01735123903942501 0.011319054497612911
2 0.20667740061313292 0.3283759223090278 0.020427140505504985 0.014164394802517393
2 0.3329944208201477 0.7221544053819445 0.02142089328685395 0.014496697319878536
3 0.9374484935390296 0.25493706597222227 0.016310164697059502 0.010311762491861979
3 0.9394675468090719 0.6503770616319445 0.017083083526997625 0.009730233086480099
3 0.3097753082146625 0.26025390625 0.01649945094112603 0.010311762491861979
2 0.5831046446466245 0.7214898003472223 0.021058094652393198 0.014496697319878536
2 0.832962486814346 0.3227267795138889 0.021878335043347935 0.01524437798394094
2 0.7092954740242617 0.7201605902777778 0.021058094652393198 0.014496697319878536
2 0.45817572356276376 0.7214898003472223 0.02195720431170886 0.015192455715603235
0 0.06483890839266877 0.908908420138889 0.00929079981292854 0.01067521837022582
2 0.8344767767668777 0.7188313802083335 0.02230422909249746 0.014839384290907181
3 0.812771954113924 0.6507093641493056 0.01735123903942501 0.009922345479329428
2 0.08225324284678272 0.32937282986111116 0.019953924895338884 0.014060550265841982