3 0.18592536783896643 0.24175839568320517 0.016906969263832727 0.011322323471925352
2 0.08438988483622602 0.31072351351584315 0.02037266379436906 0.01496237828575924
3 0.3094414720083518 0.24043848912181498 0.016266908562247166 0.010765487891338871
3 0.5572230197050763 0.23779867599903456 0.017640697385162427 0.01098203506156691
3 0.8060036865457392 0.23647876943764437 0.016391798455239512 0.010280834700828405
3 0.6811137935534386 0.2369737343981657 0.017047470393448966 0.010280834700828405
3 0.4330824660707294 0.23944855920077232 0.016782079370840378 0.011105776301697219
3 0.9293949008221322 0.2354888395166017 0.015900044501582278 0.010765487891338871
2 0.08638812312410282 0.6984460659242147 0.020716111000097858 0.015086119525889547
3 0.18742404655487405 0.631460807933662 0.017312861416057698 0.010858293821436603
3 0.3106903709382748 0.6308008546529669 0.017109915339945176 0.010363328860915181
3 0.8070028056896776 0.6271711116091438 0.017109915339945107 0.009548699030057322
3 0.4348309245726217 0.6304708780126194 0.01671963442434424 0.010682993731252
3 0.6831120318413153 0.628491018170534 0.017312861416057555 0.010682993731252
2 0.20728153954064985 0.3097335835948005 0.020638054816977648 0.014457101555227054
3 0.5597208175649223 0.6294809480915767 0.016391798455239512 0.010858293821436603
2 0.8269851885684457 0.303464027428197 0.02127811551856321 0.01450866040528135
2 0.3306727538170429 0.30758873543254145 0.021449839121427592 0.014673648725455093
2 0.7025948551481143 0.30428896902906594 0.020716111000097966 0.014281801465042451
3 0.9313931391100091 0.6265111583284487 0.016844524317336518 0.00947651663998112
2 0.5782045217277828 0.30560887559045613 0.020247773901376782 0.013962136594705727
2 0.4543137478794205 0.30626882887115126 0.020887834602962344 0.014395230935161901
2 0.20865532836356515 0.6984460659242147 0.02037266379436906 0.014230242614988061
2 0.8284838672843533 0.6944863462400441 0.021824508800404423 0.014395230935161806
2 0.3321714325329505 0.6977861126435195 0.021168836862194968 0.01445710155522696
2 0.704593093435991 0.6958062528014343 0.02107516944245076 0.014178683764933767
2 0.5802027600156596 0.6971261593628245 0.020638054816977648 0.014065254294814318
2 0.4563119861672974 0.6971261593628245 0.02160595148766808 0.014910819435704945