0 0.06509616072066919 0.9199471830985914 0.009705440766425969 0.010950704225352107
3 0.43880925144777283 0.18903169014084506 0.016649388718095282 0.012218309859154933
2 0.08080717809394437 0.2619894366197183 0.02022860513333811 0.01545774647887318
3 0.31282619575319937 0.5883626760563381 0.016207013655537297 0.011338028169014176
3 0.1867090870093658 0.589031690140845 0.01658236219346534 0.011619718309859195
3 0.695654893829985 0.586338028169014 0.016984521341245406 0.011126760563380458
3 0.31487720740687775 0.9860035211267604 0.01717219561020939 0.010369718309859385
3 0.5663339172088367 0.187693661971831 0.016649388718095282 0.012218309859154933
3 0.4408602631014513 0.5873415492957746 0.01683706298705934 0.011936619718309772
3 0.6966736970043612 0.9853169014084506 0.01819099878458574 0.010827464788732566
3 0.4431659755487237 0.9866725352112674 0.018539536712661765 0.011214788732394254
3 0.1851674769428755 0.19172535211267605 0.016032744691499214 0.012059859154929598
3 0.5699265389290055 0.9860035211267604 0.01861996854221775 0.010545774647887356
3 0.9512136269393007 0.9833098591549295 0.017306248659469628 0.010211267605633718
3 0.8239436619718309 0.9839788732394366 0.017574354757989383 0.010140845070422604
3 0.6936038821763065 0.18651408450704224 0.01664938871809557 0.0116549295774648
3 0.5678755272753271 0.5866725352112676 0.017788839636805533 0.011443661971831033
3 0.1886394509187102 0.9853169014084506 0.016716415242725435 0.01010563380281686
3 0.8218926503181525 0.5853169014084507 0.017172195610209464 0.01017605633802816
3 0.9512136269393007 0.5839788732394365 0.016917494816615322 0.011038732394366093
2 0.8424161721598626 0.2540669014084507 0.021247408307714277 0.01522887323943659
2 0.08067312504468435 0.6581161971830986 0.02056373775648818 0.014471830985915517
2 0.715669014084507 0.25491197183098585 0.022628154715092767 0.015052816901408429
2 0.4606196825623794 0.25862676056338024 0.021274218917566368 0.014700704225352107
2 0.3330950168013155 0.25929577464788733 0.021046328733824317 0.015633802816901438
2 0.2063478587259598 0.2601408450704225 0.021126760563380302 0.01533450704225345
2 0.5878896475298491 0.25693661971830983 0.021006112819046182 0.014577464788732376
2 0.46190659183527555 0.6557570422535212 0.021488703796382375 0.01477112676056341
2 0.33438192607421174 0.6564260563380282 0.022199184957460472 0.015880281690140805
2 0.5899406591835274 0.6554225352112675 0.021904268249088484 0.015158450704225288
2 0.8444671838135412 0.6537323943661971 0.022078537213126494 0.01545774647887318
2 0.20814416958604418 0.6570950704225351 0.021381461356974298 0.015827464788732374
2 0.7177200257381854 0.6544014084507042 0.022293022091942644 0.01522887323943659
3 0.3114722599556731 0.19038732394366195 0.017467112318581526 0.008503521126760585
3 0.8211687638521484 0.18582746478873238 0.01709176378065348 0.008679577464788745
3 0.9489615357117321 0.1850176056338028 0.015054157431901218 0.00705985915492955