2 0.09179534573600417 0.7205208297417508 0.021200059335443038 0.015797631656639007
3 0.19289371411327155 0.652875618470503 0.016906969263832727 0.01119858223179495
3 0.4405503719170037 0.6525456418301554 0.016594744531351964 0.010682993731252
3 0.564441145765366 0.6518856885494604 0.016204463615750953 0.01098203506156691
2 0.08979710744812737 0.33098340581146773 0.0204819424507373 0.014797389965585496
3 0.31591025871068773 0.6525456418301554 0.016782079370840378 0.010239587620784875
3 0.8122226934620904 0.6495758520670274 0.016844524317336518 0.01008491107062199
2 0.21387521613597807 0.7205208297417508 0.02104394696920269 0.014508660405281254
3 0.6883319196137283 0.6505657819880701 0.016969414210328795 0.010600499571165128
3 0.19139503539736394 0.26317320622004614 0.016782079370840378 0.011239829311838385
2 0.46153187393971024 0.7198608764610557 0.02160595148766808 0.015312978466128445
2 0.3373913203053634 0.7198608764610557 0.021496672831299697 0.014797389965585496
2 0.8337037550567662 0.7172210633382753 0.021824508800404423 0.01445710155522696
3 0.5629424670494584 0.2592134865358756 0.01710991533994525 0.011590429492207685
3 0.936613026882422 0.6485859221459848 0.016844524317336518 0.010682993731252
3 0.3144115799947801 0.26135833469813463 0.016391798455239442 0.010724240811295341
3 0.4390516932010961 0.26053339309726575 0.016532299584855824 0.011507935332120814
2 0.5859222073600416 0.7192009231803607 0.02099711325933059 0.014735519345520342
2 0.709812981208404 0.7185409698996654 0.020809778419842172 0.014281801465042357
2 0.7083143024924963 0.3248788379650381 0.02137178293830742 0.014797389965585496
2 0.45953363565183347 0.3273536627676447 0.020841000893090243 0.015374849086193694
2 0.5839239690721649 0.3260337562062545 0.020684888526849753 0.014797389965585496
3 0.8107240147461828 0.2575636033341378 0.016391798455239512 0.009888987440415668
2 0.33564286180347114 0.32834359268868735 0.021699618907412288 0.01531297846612854
2 0.8322050763408586 0.32438387300451677 0.021730841380660216 0.015024248905824393
2 0.21237653742007045 0.32949851092990373 0.020684888526849823 0.014797389965585496
3 0.9351143481665144 0.256738661733269 0.016142018669254958 0.010817046741393168
3 0.6868332408978206 0.25789357997448537 0.01671963442434424 0.01008491107062199
0 0.0844892869959546 0.6225177675585283 0.007992953151507234 0.011683235422305512
0 0.07200029769672452 0.9277461598800124 0.009085739715189873 0.011239829311838576