3 0.19111286919831227 0.2067013888888889 0.016758966244725716 0.009965277777777809
3 0.69146888185654 0.20078125000000002 0.01644251054852311 0.011232638888888905
3 0.44084915611814346 0.2028125 0.01664029535864984 0.012048611111111095
3 0.566284282700422 0.20144097222222224 0.016706223628691935 0.011666666666666667
3 0.1926292194092827 0.5975520833333333 0.016442510548523255 0.011545138888888763
3 0.3169303797468355 0.5972222222222223 0.015770042194092875 0.011284722222222286
3 0.6934862869198313 0.5948958333333334 0.016824894514768027 0.011024305555555619
3 0.9423259493670886 0.19861111111111115 0.01761603375527407 0.011232638888888905
3 0.44294567510548527 0.5962152777777778 0.016890822784810126 0.011631944444444571
3 0.8176555907172997 0.59421875 0.01644251054852311 0.010069444444444381
3 0.5678006329113925 0.5955555555555556 0.01782700421940933 0.011180555555555619
3 0.9443565400843883 0.5932291666666667 0.01644251054852311 0.011024305555555619
2 0.3366165611814346 0.27255208333333336 0.02078059071729953 0.015486111111111143
2 0.8378428270042194 0.26723958333333336 0.020978375527426256 0.015069444444444476
2 0.21219672995780592 0.27338541666666666 0.020622362869198264 0.015607638888888952
2 0.5874868143459916 0.2692361111111111 0.020925632911392406 0.01449652777777781
2 0.7131724683544304 0.2684027777777778 0.022204641350210778 0.015017361111111047
2 0.46230221518987347 0.27171875 0.021215717299578156 0.014670138888888858
2 0.21421413502109707 0.6660069444444445 0.02054324894514763 0.01524305555555543
2 0.3383834388185654 0.6653298611111111 0.021624472573839565 0.015607638888888952
2 0.7151898734177216 0.6633506944444445 0.021954113924050632 0.015364583333333333
2 0.088581223628692 0.2752083333333334 0.020002637130801665 0.015364583333333333
2 0.46356803797468354 0.6646701388888889 0.021110232067510597 0.015190972222222286
2 0.5895042194092828 0.6643402777777779 0.021624472573839565 0.0153125
3 0.1948971518987342 0.9889930555555556 0.017497362869198264 0.010434027777777905
2 0.8398602320675106 0.6626736111111111 0.0214662447257383 0.0153125
3 0.6944883966244726 0.9884375000000002 0.018103902953586402 0.010677083333333334
3 0.4448839662447257 0.989670138888889 0.01782700421940933 0.010677083333333334
3 0.5698180379746836 0.9889930555555556 0.01802478902953577 0.010399305555555429
3 0.8196729957805908 0.9876736111111111 0.01708860759493671 0.010121527777777525
3 0.3189477848101266 0.9889930555555556 0.016824894514767885 0.01
3 0.9447784810126583 0.9856770833333334 0.016890822784810126 0.01022569444444457
2 0.08871308016877638 0.6666666666666666 0.020385021097046437 0.014010416666666666
3 0.3156513713080169 0.20447916666666668 0.017128164556962026 0.010468749999999952
3 0.8164556962025318 0.2003125 0.017194092827004123 0.008923611111111096