2 0.4663194518687992 0.6899677998310811 0.021578631823575948 0.015186000514674825
2 0.710652182047554 0.6886745143581081 0.02076521255853348 0.014549461570946012
2 0.34427586704584334 0.6906144425675677 0.021010773091376583 0.01483236776815886
2 0.10074120859882828 0.3092568887246622 0.01998248836009665 0.014276659166490712
3 0.20111407639839207 0.24249102618243246 0.01625303776754404 0.010189674996040973
2 0.2233373046206808 0.6912610853040541 0.020565694625598693 0.01437769709406666
2 0.8324502063376668 0.6873812288851352 0.021010773091376583 0.014610084327491488
2 0.588363036691755 0.6893211570945946 0.020719169958625525 0.01483236776815886
2 0.7086876977848101 0.30311378272804057 0.020719169958625525 0.014721226047825175
2 0.3428025038487855 0.3065086570945946 0.021578631823575948 0.015297142235008417
2 0.46484608867174143 0.30505371093750006 0.020765212558533624 0.015418387748099652
2 0.5863985524290114 0.30424540751689194 0.02068847489202017 0.014327178130278733
3 0.443973443380089 0.2399044552364865 0.015692852801996046 0.010310920509132208
3 0.32217541908997605 0.24119774070945946 0.016437208167176295 0.009997702933646527
2 0.22161838089078004 0.3079636032516892 0.02010526862651813 0.014781848804370744
2 0.8304857220749231 0.30230547930743246 0.02084195022504693 0.014832367768158767
3 0.5677359519329457 0.623363597972973 0.01688228663295411 0.01034628378378386
3 0.4454468065771468 0.6240102407094595 0.016759506366532704 0.010310920509132113
2 0.10270569286157202 0.6912610853040541 0.02068847489202017 0.01566087877428212
3 0.32364878228703386 0.6243335620777027 0.015761916701858125 0.009431890539220831
3 0.6900250972887445 0.6220703125000001 0.016498598300387142 0.009805730871252081
3 0.8098586373161136 0.23667124155405408 0.016114909967819883 0.009356112093538892
3 0.5657714676702019 0.23877283044763517 0.016820896499743408 0.010932303763724652
3 0.6875694919603147 0.23715622360641891 0.01625303776754404 0.00932074881888724
3 0.8113320005131714 0.6211003483952703 0.015393575902593614 0.008795351595492017
3 0.2024646593290284 0.6249802048141893 0.016314427900754814 0.009881509316934208
3 0.9326389037375984 0.6201303842905407 0.016053519834609183 0.009285385544235586
3 0.6886075949367089 0.9983333333333333 0.015189873417721518 0.0033333333333333335
3 0.810126582278481 0.9966666666666667 0.015189873417721518 0.006666666666666667
3 0.9316566616062265 0.23586293813344597 0.015992129701398478 0.009613758808857729
3 0.5670886075949367 0.9983333333333333 0.020253164556962026 0.0033333333333333335
3 0.9316455696202531 0.9966666666666667 0.015189873417721518 0.006666666666666667
3 0.3227848101265823 0.9983333333333333 0.017721518987341773 0.0033333333333333335
3 0.20379746835443038 0.9983333333333333 0.017721518987341773 0.0033333333333333335
3 0.4443037974683544 0.9983333333333333 0.017721518987341773 0.0033333333333333335
0 0.08422726276513856 0.913059543918919 0.008794136582438852 0.010720124115814921