2 0.09704895465886604 0.6974915254237287 0.020222834035963165 0.014762711864406886
3 0.8097005936505204 0.6274237288135592 0.016725458143336598 0.009423728813559174
3 0.9327153058590726 0.6267796610169492 0.016854512604318868 0.009355932203389821
3 0.5651423900886174 0.6296949152542373 0.016144713068915083 0.01062711864406784
2 0.46263443173019014 0.6962033898305084 0.021371418738707716 0.014542372881355922
3 0.4416372709283317 0.6306610169491526 0.016660930912845175 0.01045762711864408
3 0.3188677621956466 0.631 0.016777079927729508 0.01010169491525422
3 0.19709197281252688 0.6316440677966102 0.01698356706530157 0.01010169491525422
3 0.6876666953454358 0.628728813559322 0.016854512604318868 0.01088135593220329
2 0.3398649229975049 0.6968474576271185 0.02097134990966181 0.01410169491525437
2 0.5854039404628754 0.6955593220338983 0.020842295448679254 0.01410169491525437
2 0.7084186526714273 0.6948983050847458 0.02073905187989329 0.014220338983050737
2 0.21784393013851847 0.6974915254237287 0.020067968682784112 0.01393220338983061
2 0.8309429579282457 0.6936101694915254 0.02161662221457446 0.014372881355932161
3 0.9312311795577735 0.24266101694915249 0.015718833347672868 0.01045762711864408
3 0.8082164673492213 0.24330508474576273 0.016028564054030896 0.0101864406779661
3 0.31738363589434737 0.24769491525423726 0.016144713068915083 0.009983050847457568
3 0.19547879205024518 0.24898305084745762 0.016531876451862687 0.010677966101694948
2 0.21647595285210358 0.31549152542372877 0.020106685021078867 0.014152542372881384
2 0.09507442140583326 0.3166271186440678 0.020377699389142214 0.014881355932203348
2 0.7064441194183946 0.3103050847457627 0.020480942957928173 0.013983050847457624
2 0.3386260001720726 0.3140338983050847 0.02076486277208989 0.014372881355932255
2 0.5834294072098425 0.3114406779661017 0.019874386991310347 0.013932203389830514
2 0.4611503054288909 0.3124067796610169 0.020338983050847387 0.014322033898305052
3 0.6852017551406694 0.24428813559322032 0.016660930912845463 0.010423728813559307
3 0.4403983481028994 0.2465593220338983 0.017177148756775267 0.010711864406779625
3 0.5626774498838509 0.24525423728813556 0.017383635894347476 0.010677966101694948
2 0.8294588316269466 0.30966101694915255 0.021164931601135938 0.014033898305084733
0 0.07765206917319109 0.915508474576271 0.009446786543921518 0.010220338983050775