2 0.10264211507873983 0.6924024748322148 0.020204418721574458 0.014401634267512502
3 0.8084212804057508 0.6223914639261745 0.016246064372945238 0.009775046534186154
3 0.9297089256208906 0.6220703125000001 0.01586398383736324 0.009664650731438846
3 0.6871336351906109 0.6236760696308725 0.0168115435656065 0.010527745189282693
3 0.32253710491687393 0.6262452810402686 0.016612861687103988 0.010276845637583847
3 0.5658459899754711 0.624639523909396 0.01655172880141078 0.010437421350671154
2 0.46460993126767286 0.6904755662751679 0.021121412006971155 0.014281202482697116
3 0.20186078855866524 0.626566432466443 0.016872676451299713 0.010161431843802499
2 0.34356681759530544 0.6911178691275168 0.02072404824996598 0.014180842662017691
3 0.4438247501320138 0.625281826761745 0.016689277794220372 0.010608033045826346
2 0.22215690660877938 0.6924024748322148 0.01963893952891312 0.013689079540687885
2 0.7076742847834976 0.6891909605704699 0.020173852278728033 0.013538539809668654
2 0.5858975764828127 0.6904755662751679 0.02017385227872789 0.013428144006921154
2 0.8289619299986373 0.6879063548657719 0.0213965099925902 0.014070446859270192
3 0.6851773828484312 0.24279047818791946 0.016490595915717787 0.010437421350671154
2 0.10050246407948081 0.31440724622483224 0.019975170400225267 0.014622425873007595
3 0.806465028063571 0.242469326761745 0.015802850951670246 0.009699776668676633
3 0.5634006745477464 0.2442356596057047 0.01713249121549551 0.010608033045826346
3 0.9277526732787109 0.24166644819630875 0.01586398383736324 0.009739920596948367
3 0.3210699156602392 0.24632314387583895 0.01604738249444265 0.010086161978292789
2 0.34136603371035334 0.31183803481543626 0.020280834828690843 0.014401634267512595
2 0.4628982104682656 0.3102322776845638 0.02032668449296066 0.014010230966862405
2 0.22081198312353081 0.3134437919463087 0.02017385227872789 0.013799475343435385
2 0.5844303872261779 0.3092688234060403 0.019745922078876075 0.013638899630348172
2 0.7062070955268627 0.30782364198825507 0.02005158650734176 0.013377964096581346
3 0.4421130293326066 0.2455202653104027 0.01713249121549551 0.010397277422399327
3 0.19990453621648555 0.24792890100671144 0.01655172880141085 0.010728464830641826
2 0.8279838038275475 0.30718133913590606 0.020555932814309744 0.013689079540687885
0 0.083568654742488 0.9062893246644296 0.008933042921906406 0.010477565278943075