3 0.19419419604448077 0.2486659163135593 0.016720051467187868 0.01083756786281782
2 0.09415178283360578 0.31679356461864405 0.019915850778090844 0.014598781779660992
3 0.3160977291792136 0.2470438294491525 0.01659654231507574 0.010634807004766931
3 0.5613869052740256 0.2449351165254237 0.016982508415426343 0.010715911347987325
3 0.6844020207777682 0.24379965572033896 0.01647303316296361 0.010381355932203367
3 0.806923099673062 0.24315082097457624 0.015901803334444593 0.010264768438824111
3 0.4391128446829562 0.2465572033898305 0.016982508415426343 0.011354608050847427
3 0.19592332417405142 0.6329382944915254 0.017044262991482408 0.010188733117055145
2 0.09594266553923256 0.6981461864406779 0.020456203318581685 0.014882646980932274
3 0.9299382151768046 0.24233977754237288 0.016025312486556868 0.010421908103813564
3 0.3175798390045599 0.6322894597457627 0.016781806043244005 0.009991041280455496
3 0.44059495450830244 0.631640625 0.016473033162963464 0.010188733117055145
3 0.6863781672115632 0.6300185381355932 0.016982508415426343 0.010503012447033862
3 0.8088992461068572 0.6287208686440677 0.016411278586907326 0.009798418465307273
2 0.21531426105566548 0.3154958951271186 0.02025550094639938 0.014264226363877128
3 0.5638570883162695 0.6309917902542372 0.0165347877390196 0.010634807004767027
2 0.828166673836359 0.3096563824152542 0.020842169418932396 0.014102017677436436
2 0.33734130334251056 0.3140360169491525 0.020811292130904255 0.014598781779660992
2 0.5826304794373225 0.3114406779661017 0.01983865755802071 0.014264226363877128
2 0.45986238223780435 0.31225172139830504 0.02040988738653958 0.014264226363877128
2 0.705645594941065 0.31030521716101694 0.020178307726329246 0.014102017677436436
2 0.21667286172889957 0.6981461864406779 0.01949900738971224 0.013726910090042376
3 0.9319143616105997 0.628072033898305 0.0165347877390196 0.008962029925847522
2 0.3388234131678568 0.6974973516949152 0.020687782978791983 0.014213536149364358
2 0.5841125892626688 0.6961996822033898 0.020487080606609788 0.013726910090042376
2 0.8296487836617052 0.6942531779661016 0.021706733483717742 0.014325054621292375
2 0.7071277047664113 0.6955508474576271 0.02040988738653958 0.013990499205508513
2 0.461591510367375 0.6968485169491525 0.021289890095338996 0.014264226363877128