3 0.20308344627252753 0.6628565436241611 0.015695868401707218 0.01020157577207423
2 0.22325729855125545 0.7283714345637584 0.019593089864643302 0.013899835164114999
3 0.32327069954519133 0.6628565436241611 0.016689277794220372 0.010567889117554614
3 0.44455834476033124 0.6622142407718121 0.016368330144331512 0.010121287915530578
3 0.566335053061016 0.6609296350671141 0.016490595915717787 0.011019508310612498
2 0.34405588068085036 0.7277291317114094 0.020831030799928933 0.014401634267512502
3 0.9282417363642559 0.27747483221476515 0.01551246974462788 0.010316989565855673
2 0.7081633478690423 0.7258022231543625 0.020280834828690843 0.013689079540687885
2 0.46534352589599026 0.7270868288590605 0.020922730128468566 0.014180842662017691
3 0.6876226982761559 0.6596450293624162 0.016872676451299785 0.011019508310612498
2 0.5868757026539025 0.7264445260067114 0.02017385227872789 0.013638899630348079
2 0.8289619299986373 0.7245176174496645 0.021442359656860015 0.014120626769609809
3 0.8084212804057508 0.6590027265100672 0.016429463030024506 0.010086161978292693
3 0.806954091149116 0.2782777107802014 0.01521444692687407 0.00977504653418625
2 0.10392590567829524 0.7283714345637584 0.0209532965713151 0.01519447685088096
3 0.2008826623875754 0.28357670931208057 0.01655172880141085 0.010808752687185385
3 0.5643788007188363 0.2798834679110738 0.01675041067991351 0.01068832090237
2 0.3423441598814432 0.3478069945469799 0.020831030799928933 0.014451814177852308
3 0.44284662396092395 0.28116807361577184 0.01727004020830496 0.01020157577207423
2 0.46363180509658297 0.3462012374161074 0.020953296571315064 0.014231022572357404
2 0.10160285602195687 0.35037620595637586 0.020601782478579706 0.014682641765415288
2 0.22166784352323446 0.3490916002516779 0.020021020064495118 0.013960051056522692
2 0.5849194503117229 0.3455589345637584 0.019562523421796808 0.013799475343435385
3 0.32131444720301167 0.2819709521812081 0.01661286168710395 0.010316989565855673
2 0.7066961586124076 0.34395317743288595 0.020250268385844202 0.013849655253775192
3 0.6856664459339761 0.2787594379194631 0.016184931487252245 0.010397277422399327
2 0.8274947407420026 0.343310874580537 0.020754614692812475 0.013960051056522692
3 0.9297089256208906 0.6583604236577182 0.01592511672305652 0.009815190462458077
0 0.08375205339956734 0.9082162332214765 0.008826060371943452 0.01068832090237
0 0.096345427852349 0.6076184983221476 0.006808675144070676 0.010858932597525192