2 0.07831952978893936 0.6913157894736842 0.021172855997862665 0.015473684210526433
3 0.8164173123163236 0.6187894736842104 0.017312316323804408 0.010298245614035105
3 0.943240716003206 0.6181228070175439 0.01685813518567988 0.010456140350877188
3 0.6890862944162437 0.6198070175438596 0.017779855730697108 0.01121052631578948
3 0.18244723483836497 0.6228245614035087 0.01665776115415447 0.010508771929824547
3 0.30812182741116745 0.622157894736842 0.017365749398877896 0.010754385964912292
3 0.5627838632113278 0.621140350877193 0.017045150948437046 0.01087719298245626
2 0.45691958322201437 0.6893157894736842 0.022121293080416743 0.015052631578947361
2 0.3298557306973016 0.6906491228070176 0.021333155223083124 0.014596491228070173
3 0.43493187282928125 0.622157894736842 0.017579481699171767 0.010701754385964933
2 0.2037937483302164 0.6913157894736842 0.02007747795885652 0.013771929824561463
2 0.7110740048089766 0.6879649122807017 0.020852257547421676 0.013982456140350905
2 0.5837429869088966 0.6886315789473684 0.021052631578947302 0.014087719298245626
2 0.8378974084958588 0.687298245614035 0.022214800961795542 0.014473684210526395
3 0.8143734971947636 0.22121052631578947 0.016457387122628914 0.01038596491228077
3 0.5607400480897675 0.22305263157894734 0.017045150948437046 0.011052631578947399
3 0.6870424792946834 0.22203508771929822 0.017579481699171912 0.01063157894736842
2 0.5816991717873363 0.29222807017543856 0.021172855997862738 0.013982456140350905
2 0.327798557306973 0.2942456140350877 0.021306438685546346 0.015
2 0.7095378039006144 0.2902105263157894 0.020732033128506383 0.014035087719298265
2 0.4553967405824205 0.2927368421052632 0.021253005610472785 0.014719298245614047
2 0.07666310446166176 0.29659649122807014 0.02085225754742182 0.015701754385964932
3 0.18014961261020573 0.22691228070175437 0.016991717873363635 0.010999999999999944
3 0.9411969008816458 0.22085964912280698 0.016337162703713624 0.010543859649122756
2 0.20188351589633982 0.295578947368421 0.021012556772642278 0.014596491228070173
3 0.30581084691423993 0.22573684210526315 0.017245524979962533 0.010508771929824547
3 0.43340903018968735 0.22473684210526315 0.017512690355330037 0.010824561403508804
2 0.8363612075874967 0.2890350877192982 0.021707186748597458 0.014596491228070173
0 0.05818861875500935 0.9169824561403508 0.008883248730964468 0.010754385964912292