3 0.3222925733741015 0.9743734270134229 0.01720890732261182 0.010316989565855769
3 0.44309115550369643 0.9743734270134229 0.01794250195092918 0.010276845637583847
3 0.6856664459339761 0.973088821308725 0.017468722086807692 0.010316989565855769
3 0.20161625701589275 0.9737311241610739 0.01740758920111448 0.010397277422399232
2 0.2202006542665997 0.6622142407718121 0.02119782811408754 0.015495556312919424
3 0.19770375233153342 0.2162954855285235 0.017331173093998096 0.0101212879155306
3 0.807443154234661 0.971804215604027 0.017468722086807692 0.009930604256239425
1 0.10160285602195687 0.2827738307466443 0.014473210687844946 0.015134260958473172
3 0.9282417363642559 0.9711619127516778 0.01675041067991351 0.010241719700345963
3 0.5643788007188363 0.9737311241610739 0.017407589201114407 0.010201575772074421
2 0.3408769706248084 0.6615719379194632 0.021610475092516106 0.01567620399014269
2 0.5844303872261779 0.6602873322147652 0.021778590528172197 0.014682641765415193
2 0.4624091473827207 0.6609296350671141 0.02107556234270134 0.015254692743288653
3 0.3186246002325146 0.21501087982382552 0.017331173093998023 0.010161431843802428
3 0.8045087757213913 0.21019360843120807 0.01727004020830496 0.010046018050020962
2 0.7057180324413179 0.6596450293624162 0.021274244221203924 0.014682641765415193
3 0.5614444222055668 0.21195994127516782 0.017545138193924004 0.01089907652579697
3 0.6827320674207067 0.21099648699664433 0.017407589201114407 0.009815190462458077
3 0.43991224544765445 0.21340512269295303 0.01780495295811973 0.010688320902369975
2 0.8270056776564576 0.6583604236577182 0.021488209321129832 0.01519447685088096
3 0.19941547313094063 0.5963781984060403 0.016872676451299713 0.0103571334941275
1 0.10264211507873983 0.6628565436241611 0.01475595028417558 0.015134260958473079
2 0.2187334650099649 0.2813286493288591 0.021320093885473814 0.01597728345218125
2 0.3396543129109461 0.2798834679110738 0.021121412006971155 0.015615988097734904
2 0.703761780099138 0.2763508022231544 0.021686891199632564 0.015134260958473172
2 0.5824741348839982 0.27763540792785235 0.021518775763976473 0.015194476850880866
2 0.8250494253142779 0.27554792365771813 0.020953296571315207 0.015375124528104038
3 0.3203363210319218 0.5957358955536913 0.017331173093998023 0.010086161978292693
2 0.4606974265833135 0.27924116505872487 0.020800464357082292 0.014793037568162788
3 0.4418684977898341 0.5950935927013423 0.01788136906523604 0.01068832090237
3 0.6846883197628864 0.5934878355704699 0.017667403965310132 0.009965730193477308
3 0.5629116114622015 0.5941301384228188 0.01843156503647413 0.010858932597525192
3 0.806954091149116 0.5925243812919464 0.01801891805804549 0.00969977666867654
3 0.9257964209365313 0.20906957843959734 0.017545138193923858 0.01052774518928274
3 0.9282417363642559 0.5915609270134229 0.017667403965310132 0.010276845637583847
0 0.08375205339956734 0.9075739303691277 0.009613146275242313 0.010161431843802499