3 0.2025943831869826 0.6634988464765101 0.016612861687103988 0.010241719700346152
3 0.3210699156602392 0.2813286493288591 0.01661286168710395 0.010316989565855673
3 0.32302616800241885 0.6634988464765101 0.016551728801410814 0.010527745189282693
2 0.4633872735538106 0.3449166317114094 0.0206323489214262 0.014562209980599808
3 0.566335053061016 0.6622142407718121 0.016612861687103915 0.010241719700345963
2 0.5849194503117229 0.34427432885906045 0.01986818785026235 0.013899835164114905
3 0.2005158650734167 0.2830949821728188 0.016429463030024648 0.010808752687185385
3 0.6856664459339761 0.2782777107802014 0.01655172880141078 0.010316989565855673
3 0.44309115550369643 0.2806863464765101 0.016612861687103915 0.010527745189282693
2 0.7066961586124076 0.343310874580537 0.020403100600077117 0.014231022572357404
2 0.10319231104997786 0.7290137374161075 0.020479516707193467 0.014793037568162692
3 0.807443154234661 0.27763540792785235 0.01551246974462788 0.009624506803166923
2 0.22289050123709672 0.7283714345637584 0.019272142214754442 0.013899835164114999
3 0.5643788007188363 0.2795623164848994 0.016490595915717787 0.010397277422399327
3 0.44455834476033124 0.6634988464765101 0.016429463030024648 0.009965730193477308
2 0.3438113491380779 0.7283714345637584 0.020372534157230476 0.013899835164114999
3 0.9292198625353457 0.2766719536493289 0.01586398383736324 0.010086161978292789
2 0.3418550967958982 0.3468435402684564 0.0206323489214262 0.014512030070260095
3 0.8089103434912956 0.6602873322147652 0.01630719725863852 0.010046018050020962
2 0.46534352589599026 0.7277291317114094 0.02087688046419875 0.014281202482697116
3 0.6876226982761559 0.6609296350671141 0.016872676451299785 0.010768608758913653
2 0.8279838038275475 0.3423474203020135 0.020800464357082292 0.014120626769609904
2 0.22154557775184822 0.3481281459731544 0.019944603957378734 0.013960051056522692
2 0.7081633478690423 0.7258022231543625 0.020097436171611575 0.013638899630348079
2 0.5868757026539025 0.7264445260067114 0.020372534157230476 0.01358871972000846
3 0.9306870517919805 0.6596450293624162 0.016123798601558964 0.010161431843802499
2 0.8294509930841822 0.7251599203020135 0.021274244221203924 0.013849655253775192
2 0.1012360587077982 0.3490916002516779 0.019898754293108882 0.014903433370910192