3 0.18367619556505477 0.9956140350877193 0.017365749398877896 0.008771929824561464
3 0.1808558267098584 0.20412554824561402 0.017850051867652945 0.011007958127741233
2 0.07698354636989045 0.27380413925438596 0.021621414661534853 0.016517184073464933
3 0.3092439219877104 0.9956140350877193 0.017365749398877896 0.008771929824561464
1 0.9373017131979695 0.1977453399122807 0.010690854699605795 0.010504257469846484
1 0.9408813117819931 0.9939281798245613 0.011026442066858074 0.010546232524671193
1 0.9398585693294149 0.5939898574561403 0.011154284873430358 0.010582960697642535
3 0.6899545818861874 0.994736842105263 0.017365749398877965 0.010526315789473604
3 0.43614747528720277 0.9956140350877193 0.017365749398877965 0.008771929824561464
3 0.5630510285866952 0.994736842105263 0.017365749398877965 0.010526315789473604
3 0.8168581351856798 0.9938596491228069 0.017365749398877965 0.012280701754386125
3 0.3070366767966871 0.20244654605263157 0.017370641343006955 0.010708885862116234
3 0.4333453696900882 0.20127124451754386 0.017642307306972946 0.011049933182565799
3 0.814572618888592 0.19791324013157893 0.016459761346179397 0.009911359820449566
3 0.5609324906492118 0.19992804276315787 0.017913973270939087 0.011091908237390365
3 0.6877525547689018 0.1989206414473684 0.017242798536434813 0.010504257469846484
2 0.07851766004875768 0.6688733552631579 0.021909060976322458 0.016905453330592193
2 0.2022055754074272 0.2724609375 0.020854357822101245 0.015950520833333332
3 0.18226209758215334 0.6000342653508771 0.017850051867652945 0.01074561403508767
2 0.8365615816190222 0.26641652960526313 0.021781218169750156 0.015824595668859635
2 0.3285142683008282 0.27078193530701755 0.022164746589467006 0.016076445997807033
3 0.3083151048624098 0.5993626644736842 0.01764230730697302 0.010871539199561464
3 0.562466604328079 0.5973478618421052 0.017642307306972946 0.010913514254385935
3 0.8161067325674591 0.5953330592105263 0.016859270116717964 0.010299629077576734
3 0.6897980396740583 0.5966762609649122 0.017514464500400808 0.010582960697642535
2 0.709741517499332 0.2672560307017544 0.02146161115331959 0.015467807702850868
2 0.45559001803366284 0.26943873355263154 0.02272405886822071 0.01620237116228073
2 0.5824100821533529 0.26809553179824563 0.021909060976322437 0.015887558251096532
3 0.4353908545952444 0.5986910635964913 0.01724279853643467 0.01074561403508767
2 0.20425106031258347 0.6685375548245613 0.020934259576208886 0.015772126850328996
2 0.8386070665241784 0.6638363486842105 0.021669355713999586 0.015404845120614064
3 0.3303040675928399 0.6678659539473684 0.02187710027467944 0.016013483415570136
3 0.7117870024044883 0.6651795504385964 0.021781218169750156 0.015646201685855204
3 0.45737981732567456 0.6671943530701754 0.02242043220261157 0.016013483415570136
3 0.5844555670585092 0.6661869517543859 0.02149357185496259 0.015950520833333332
0 0.05697614714133048 0.9402001096491227 0.00955624979127705 0.011091908237390272