2 0.10539808537457841 0.325 0.02148843389091405 0.015369127516778557
2 0.3440576772391238 0.32211409395973156 0.020721902360917123 0.015016778523489904
2 0.8294509930841822 0.31761744966442956 0.021194596804415076 0.015083892617449711
2 0.4653485163356386 0.320503355704698 0.021692842298913315 0.015251677852348943
2 0.10759547576056963 0.702030201342282 0.020325861070418696 0.015251677852349039
2 0.7081601539876674 0.3189093959731544 0.02055582052941771 0.014614093959731539
3 0.32400010220420405 0.25756711409395977 0.01668483630293323 0.010352348993288654
2 0.5868820904166525 0.31954697986577185 0.02083688209041654 0.015016778523489904
2 0.22594794399209625 0.702030201342282 0.019712635846421148 0.014731543624160964
3 0.2043062037951828 0.2593288590604027 0.016608183149933595 0.010167785234899328
2 0.3457695976561169 0.7026845637583893 0.020479167376418 0.01501677852349
2 0.8309201785166764 0.6994630872483222 0.020376963172418584 0.014513422818791923
3 0.32522655265219913 0.6362080536912753 0.01636544816543451 0.010352348993288463
3 0.5658407999182368 0.25483221476510065 0.01713197969543147 0.010318791946308655
3 0.8084224781112663 0.25209731543624164 0.01612271318093528 0.009295302013422884
3 0.6871316390147516 0.2537080536912752 0.01668483630293323 0.010050335570469807
2 0.7096293394201616 0.700755033557047 0.020479167376418 0.014127516778523462
3 0.44603192177971596 0.636526845637584 0.015982182400436012 0.01
3 0.44456273634722177 0.25627516778523496 0.016748713930433083 0.01
2 0.4668049262426328 0.702030201342282 0.02148843389091405 0.01520134228187904
2 0.5883385003236467 0.7013926174496644 0.02060692263141756 0.01479865771812096
3 0.9287296017442853 0.25226510067114094 0.0153945082274385 0.009731543624161058
3 0.5678082308452288 0.6355536912751679 0.01713197969543147 0.010285234899328847
3 0.8103771335127586 0.6337919463087249 0.01612271318093528 0.009261744966442886
3 0.9306842571457774 0.6328523489932887 0.016301570537934695 0.009630872483221538
3 0.6890862944162437 0.6345973154362418 0.017004224440432057 0.009664429530201347
3 0.20589036895717647 0.6368456375838927 0.0166848363029333 0.00936241610738269