3 0.19295595910488308 0.22369718309859152 0.017038142560949442 0.010105633802816953
3 0.7016470651319081 0.217693661971831 0.016716415242725362 0.01139084507042251
3 0.44685243440337447 0.21975352112676053 0.016917494816615468 0.012218309859154886
3 0.5743771001644384 0.21836267605633802 0.016984521341245406 0.011830985915492913
3 0.1944975691713734 0.6200528169014085 0.016716415242725435 0.01170774647887318
3 0.320869378708801 0.6197183098591549 0.016032744691499286 0.011443661971831033
3 0.7036980767855867 0.6173591549295775 0.01710516908557938 0.011179577464788698
3 0.9566829913491098 0.2154929577464789 0.017909487381139507 0.01139084507042251
3 0.448983877886609 0.6186971830985916 0.017172195610209464 0.011795774647887357
3 0.8299358332737542 0.6166725352112675 0.016716415242725362 0.010211267605633718
3 0.5759187102309287 0.6180281690140845 0.018123972259955656 0.011338028169014176
3 0.9587474083077143 0.615669014084507 0.016716415242725362 0.011179577464788698
2 0.3408834989633231 0.29047535211267606 0.021126760563380302 0.01570422535211274
2 0.8504593551154643 0.2850880281690141 0.02132784013727055 0.015281690140845114
2 0.21439104168156145 0.29132042253521123 0.020965896904268262 0.015827464788732374
2 0.5959328304854508 0.287112676056338 0.021274218917566368 0.014700704225352107
2 0.7237121970401087 0.28626760563380277 0.02257453349538859 0.01522887323943659
2 0.468662865517981 0.2896302816901408 0.021569135625938356 0.014876760563380269
2 0.2164420533352399 0.6894718309859155 0.020885465074712208 0.01545774647887318
2 0.34267980982340746 0.6887852112676056 0.021984700078644465 0.015827464788732374
2 0.725763208693787 0.6867781690140844 0.022319832701794735 0.015580985915492913
2 0.08871630800028599 0.293169014084507 0.02033584757274611 0.015580985915493006
2 0.4699497747908772 0.6881161971830986 0.021461893186530284 0.01540492957746475
2 0.5979838421391291 0.687781690140845 0.021984700078644465 0.015528169014084672
2 0.8525103667691427 0.6860915492957746 0.021823836419532353 0.015528169014084672
2 0.08885036104954601 0.6901408450704225 0.020724601415600202 0.01420774647887337
3 0.3195690641309787 0.221443661971831 0.01741349109887756 0.010616197183098563
3 0.828715950525488 0.21721830985915488 0.017480517623507497 0.009049295774647893