3 0.19361474752872027 0.18431578947368418 0.016978359604595244 0.010070175438596512
3 0.7005209724819663 0.17833333333333334 0.016657761154154398 0.011350877192982457
3 0.44662035800160294 0.18038596491228068 0.01685813518567988 0.012175438596491214
3 0.5736975687950842 0.179 0.016924926529521756 0.011789473684210539
3 0.19515094843708256 0.579280701754386 0.01665776115415447 0.011666666666666667
3 0.32107934811648403 0.5789473684210527 0.01597648944696775 0.011403508771929865
3 0.7025647876035267 0.5765964912280701 0.017045150948437192 0.011140350877193061
3 0.9546620358001602 0.17614035087719299 0.01784664707453913 0.011350877192982457
3 0.4487443227357734 0.5779298245614035 0.01711194229227878 0.01175438596491233
3 0.8283596045952444 0.5759122807017543 0.016657761154154398 0.010175438596491138
3 0.5752337697034464 0.5772631578947369 0.01806037937483293 0.011298245614035144
3 0.956719209190489 0.5749122807017544 0.016657761154154398 0.011140350877193061
2 0.34102324338765694 0.250859649122807 0.021052631578947302 0.015649122807017572
2 0.8488111140796152 0.24549122807017545 0.02125300561047293 0.015228070175438594
2 0.2149746192893401 0.25170175438596487 0.020892332353726915 0.015771929824561444
2 0.5951776649746193 0.24750877192982457 0.021199572535399374 0.014649122807017629
2 0.7225086828746994 0.24666666666666667 0.02249532460593093 0.015175438596491233
2 0.4683542612877371 0.2500175438596491 0.02149345444830351 0.014824561403508766
2 0.21701843441090032 0.6484561403508772 0.020812182741116722 0.015403508771929827
2 0.3428132514026182 0.6477719298245614 0.021907560780122796 0.01577192982456135
2 0.7245524979962596 0.6457719298245613 0.02224151749933218 0.015526315789473794
2 0.08974084958589366 0.25354385964912285 0.02026449372161365 0.015526315789473699
2 0.46963665508950037 0.6471052631578947 0.02138658829815654 0.015350877192982466
2 0.5972214800961795 0.6467719298245614 0.021907560780122796 0.015473684210526433
3 0.1974485706652418 0.9748421052631577 0.01772642265562384 0.01054385964912285
2 0.8508549292011756 0.6450877192982456 0.021747261554902555 0.015473684210526433
3 0.7035800160299225 0.974280701754386 0.018340903018968752 0.010789473684210786
3 0.45070798824472347 0.9755263157894736 0.01806037937483293 0.010789473684210786
3 0.5772775848250066 0.9748421052631577 0.018260753406358413 0.010508771929824736
3 0.8304034197168045 0.9735087719298244 0.017312316323804408 0.010228070175438309
3 0.32312316323804435 0.9748421052631577 0.017045150948437046 0.010105263157894721
3 0.9571466737910765 0.9714912280701753 0.017111942292278925 0.01033333333333341
2 0.08987443227357735 0.6491228070175439 0.020651883515896335 0.014157894736842232
3 0.3197835960459524 0.1820701754385965 0.017352391130109505 0.010578947368421012
3 0.827144002137323 0.177859649122807 0.017419182473951238 0.009017543859649113