1 0.10172512179334312 0.28261325503355705 0.014412077802151846 0.015194476850880866
2 0.2203229200379859 0.6615719379194632 0.02107556234270134 0.01519447685088096
3 0.19819281541707834 0.21613490981543626 0.01740758920111448 0.0101212879155306
3 0.322048041831329 0.9743734270134229 0.017132491215495472 0.010161431843802499
3 0.20186078855866524 0.9743734270134229 0.01720890732261182 0.010201575772074421
2 0.34112150216758086 0.6609296350671141 0.02132009388547374 0.015495556312919424
3 0.6856664459339761 0.9737311241610739 0.01733117309399795 0.010241719700345963
3 0.4433356870464689 0.9743734270134229 0.017667403965310132 0.01004601805002115
3 0.5643788007188363 0.9743734270134229 0.01788136906523604 0.009965730193477308
2 0.46265367892549314 0.6602873322147652 0.021151978449817796 0.015134260958473079
3 0.3191136633180595 0.21468972839765102 0.01780495295811973 0.0101212879155306
3 0.807443154234661 0.972446518456376 0.01733117309399795 0.009739920596948271
2 0.7057180324413179 0.6590027265100672 0.02107556234270148 0.014622425873007501
2 0.5844303872261779 0.6602873322147652 0.02132009388547374 0.014281202482697116
3 0.8045087757213913 0.21019360843120807 0.017468722086807692 0.009850316399695889
3 0.5614444222055668 0.21195994127516785 0.017331173093998096 0.010808752687185409
3 0.43991224544765445 0.21340512269295303 0.01780495295811973 0.010858932597525192
1 0.1033757097070572 0.6622142407718121 0.014473210687844946 0.014963649263317886
2 0.8270056776564576 0.6577181208053692 0.021518775763976473 0.015314908635696345
2 0.21848893346719248 0.28084692218959734 0.02099914623558495 0.01597728345218125
2 0.3394097813681736 0.2794017407718121 0.021274244221203924 0.01585685166736577
3 0.6832211305062516 0.21099648699664433 0.01733117309399795 0.009514111000419448
3 0.1996600046737131 0.5963781984060403 0.0170713583298023 0.010608033045826346
2 0.703761780099138 0.2760296507969799 0.021610475092516106 0.015254692743288558
2 0.5824741348839982 0.2773142565016779 0.021274244221203924 0.015084081048133366
2 0.8250494253142779 0.2750661965184564 0.020800464357082292 0.015194476850880866
2 0.46094195812608596 0.2787594379194631 0.02099914623558488 0.014682641765415288
3 0.3205808525746942 0.5957358955536913 0.017270040208304922 0.010161431843802499
3 0.4418684977898341 0.5950935927013423 0.018018918058045636 0.010858932597525192
3 0.6846883197628864 0.5934878355704699 0.017606271079617142 0.01020157577207423
3 0.5629116114622015 0.5941301384228188 0.018217599936548222 0.010899076525796924
3 0.9257964209365313 0.20906957843959736 0.01774382007242659 0.010241719700346081
3 0.806954091149116 0.5925243812919464 0.01808005094373877 0.009664650731438846
3 0.9282417363642559 0.971804215604027 0.01694909255841595 0.010121287915530578
3 0.9282417363642559 0.5915609270134229 0.017667403965310132 0.010121287915530578
0 0.08387431917095357 0.9069316275167787 0.009001817418311157 0.01035713349412769