2 0.4628982104682656 0.3235600618708054 0.02052536637146325 0.014903433370910192
2 0.3416105652531258 0.32484466757550334 0.02104499589985484 0.014622425873007595
2 0.10264211507873983 0.7065331375838927 0.02055593281430985 0.01519447685088096
2 0.5844303872261779 0.3225966075922819 0.020128002614458074 0.014562209980599808
2 0.7062070955268627 0.32147257760067116 0.020754614692812475 0.014401634267512595
2 0.2224014381515518 0.7065331375838927 0.020280834828690843 0.014341418375104808
3 0.5653569268899261 0.6397336409395974 0.016246064372945238 0.010899076525796924
3 0.5634006745477464 0.25724229236577184 0.01720890732261182 0.011109832149224038
2 0.22068971735214463 0.3262898489932886 0.01986818785026235 0.014341418375104904
3 0.3222925733741015 0.6410182466442954 0.016750410679913473 0.010397277422399421
3 0.4421130293326066 0.25868747378355705 0.016429463030024648 0.01106968822095221
3 0.686644572105066 0.6387701866610739 0.01661286168710406 0.010397277422399421
3 0.4435802185892414 0.6403759437919464 0.016307197258638374 0.010527745189282693
3 0.9297089256208906 0.636843278104027 0.016368330144331512 0.009890460327967693
3 0.9282417363642559 0.25531538380872487 0.015741718065976965 0.01114997607749577
3 0.6851773828484312 0.2567605652265101 0.01694909255841595 0.0103571334941275
3 0.20149399124450654 0.6410182466442954 0.017132491215495437 0.010858932597525192
3 0.19978227044509933 0.26109610947986583 0.017010225444109236 0.01089907652579702
3 0.3208253841174668 0.25965092806208057 0.01630719725863841 0.010567889117554519
3 0.806954091149116 0.2559576866610738 0.01661286168710406 0.0103571334941275
2 0.8274947407420026 0.32066969903523496 0.020724048249965835 0.014682641765415288
2 0.3430777545097605 0.7058908347315437 0.02107556234270134 0.014682641765415193
3 0.8084212804057508 0.6378067323825504 0.016429463030024506 0.00973992059694846
2 0.7076742847834976 0.7039639261744968 0.020372534157230476 0.013799475343435385
2 0.10068586273656016 0.32757445469798663 0.020021020064495118 0.014903433370910192
2 0.46460993126767286 0.7052485318791947 0.021121412006971155 0.01508408104813346
2 0.5858975764828127 0.7046062290268457 0.02055593281430989 0.014512030070260001
2 0.8289619299986373 0.7026793204697988 0.021243677778357284 0.014451814177852308
0 0.08326299031402243 0.9062893246644296 0.009070591914715919 0.010648176974098079