2 0.3067285884004752 0.31505319148936173 0.02239712711955936 0.01563829787234037
2 0.4349011772329625 0.3138652482269504 0.021978615401231246 0.015992907801418425
2 0.6922723836267416 0.31166666666666665 0.021897613133167796 0.015212765957446759
2 0.8199319580948267 0.31065602836879436 0.021695107463008737 0.015567375886524815
2 0.1793390214926018 0.31693262411347517 0.02153310292688191 0.015390070921985834
2 0.563586780429852 0.3130141843971631 0.02164110595096658 0.015212765957446759
2 0.0546630305648558 0.718404255319149 0.021803110487093644 0.01700354609929093
3 0.41500162004536123 0.6484929078014184 0.01769899557187606 0.01099290780141852
3 0.6695377470569177 0.24260638297872342 0.017631493681822895 0.010372340425531945
2 0.05239496705907766 0.31812056737588645 0.020750081002268068 0.015815602836879446
3 0.41344907657414404 0.24531914893617024 0.017172480829463196 0.01086879432624111
3 0.1572389026892753 0.247854609929078 0.01776649746192897 0.01086879432624111
3 0.1590479533426936 0.6495035460992907 0.017550491413759587 0.011170212765957406
3 0.2865725240306729 0.6484929078014184 0.016888972891240975 0.010496453900709071
3 0.6716033048925371 0.6464539007092199 0.017428988011664412 0.010656028368794257
2 0.4369667350685819 0.7170390070921986 0.02223512258343232 0.015815602836879446
3 0.9258694243438815 0.2410815602836879 0.017550491413759445 0.010407801418439722
2 0.30879414623609464 0.7177304964539007 0.02185711199913607 0.01574468085106389
3 0.2850334809374662 0.24650709219858158 0.017361486121611393 0.010815602836879445
2 0.5656523382654715 0.7163652482269502 0.02161410519494543 0.01574468085106389
3 0.7982233502538071 0.24193262411347513 0.017550491413759445 0.010567375886524814
2 0.6938249270979587 0.715691489361702 0.021776109731072475 0.015159574468084998
2 0.1814045793282212 0.718404255319149 0.02201911653526297 0.015212765957446852
3 0.9274219678150989 0.6440780141843971 0.017496489901717434 0.01037234042553204
2 0.821997515930446 0.7143262411347517 0.022356625985527637 0.015514184397163148
3 0.7997758937250242 0.6451063829787234 0.016888972891240833 0.010141843971631299
3 0.5439437304244519 0.6474822695035461 0.018104006912193455 0.011595744680850922
3 0.5418781725888325 0.24413120567375884 0.016699967599092782 0.011648936170212778
0 0.03430446052489469 0.9342375886524822 0.009396263095366671 0.01125886524822666