2 0.34427586704584334 0.27943874049831086 0.020841950225047076 0.015903369800464494
3 0.32708662974683544 0.979267842060811 0.018156131897077 0.01038669895481424
3 0.20234187906260695 0.21509778821790543 0.017741748497904535 0.010720124115815017
3 0.20663918838735887 0.979267842060811 0.01795661396414214 0.010427114125844432
2 0.4663194518687992 0.27846877639358114 0.021409808957246444 0.015600256017736456
3 0.6929718236828601 0.9779745565878378 0.018094741763866294 0.010189674996040973
2 0.22309174408783786 0.28137866870777034 0.020565694625598693 0.015186000514674825
3 0.3238943428198769 0.2136428420608108 0.017342712632034747 0.010598878602723781
3 0.4456923671099898 0.21234955658783786 0.01795661396414214 0.010760539286845396
3 0.8142787269072871 0.9773279138513514 0.017818486164417988 0.010033066208298275
3 0.4486390935041054 0.979267842060811 0.017741748497904535 0.010346283783783671
3 0.5677359519329457 0.21137959248310811 0.01740410276524552 0.011275832717483069
3 0.5711737993927473 0.979267842060811 0.018125436830471648 0.010230090167071543
3 0.6900250972887445 0.21008630701013517 0.017818486164417988 0.010932303763724652
2 0.7111433031132398 0.27652884818412166 0.02104146815798208 0.015064755001583592
0 0.08379753183266338 0.9113703547297298 0.009108761015143888 0.010507944467905568
3 0.8118231215788575 0.20911634290540543 0.016943676766164813 0.010189674996040973
2 0.5888541577574411 0.27814545502533783 0.02053499955899327 0.014610084327491583
2 0.8329413274033528 0.27572054476351354 0.021240986090916937 0.015297142235008417
3 0.20430636332535068 0.5974253061655407 0.017404102765245448 0.01101313410578541
3 0.3256132665497776 0.5967786634290541 0.017480840431758828 0.010467529296875
2 0.2251790086170031 0.663059543918919 0.020918687891560456 0.01478184880437084
3 0.5697004361956894 0.5954853779560811 0.01768035836469383 0.01088178479993663
2 0.34599479077574413 0.6624129011824325 0.020611737225506722 0.01495361328125
3 0.44765685137273353 0.5964553420608109 0.01768035836469383 0.009997702933646527
3 0.6919895815514883 0.5945154138513514 0.01787987629762869 0.010679708944784542
2 0.468283936131543 0.661766258445946 0.021455851557154397 0.015297142235008512
2 0.5898363998888129 0.661766258445946 0.020765212558533624 0.014104894689611456
3 0.936567872263086 0.9760346283783785 0.017741748497904535 0.009916872591585767
3 0.8137876058416011 0.5932221283783784 0.017281322498824116 0.01038669895481424
2 0.7126166663102977 0.6601496516047298 0.020964730491468627 0.013680535393792184
3 0.9341122669346562 0.20846970016891894 0.017618968231483127 0.010800954457875822
2 0.8344146906004106 0.6588563661317568 0.02177814975651081 0.01466060329127951
3 0.9360767511974001 0.5928988070101352 0.017741748497904535 0.010270505338101733