3 0.16847221694698647 0.6547920334507042 0.01723936613713847 0.011046718543684051
3 0.2944559010152284 0.653781084947183 0.017175219658488682 0.010783450704225287
3 0.803009183750983 0.24923319212147882 0.01633329712620992 0.010378018231459028
3 0.5495023001269035 0.6524331536091549 0.01751198867140017 0.010909819267165517
3 0.42197910057106597 0.653444102112676 0.01711107317983889 0.010378018231459124
3 0.16616294371559306 0.2551303917253521 0.01711107317983889 0.010994064975792242
2 0.18976884785872594 0.7228625660211268 0.020959861898827894 0.014427077602332665
3 0.29240321369843425 0.2532769861355634 0.017511988671400244 0.010662347498074402
3 0.5479627846393079 0.25091810629401406 0.017977050641611456 0.011046718543683956
3 0.9307889692214198 0.24805375220070422 0.01651771825232817 0.01054124429192342
3 0.4201829991688711 0.25226603763204225 0.017640281628699895 0.010783450704225383
3 0.6752293982805462 0.2497386663732394 0.01723936613713847 0.010994064975792242
3 0.9323284847090154 0.6497372909330985 0.017046926701189173 0.010299037879621551
3 0.8040355274093801 0.6504112566021126 0.017848757684311732 0.010620224643761085
3 0.6772820855973403 0.6514222051056338 0.017704428107349613 0.010704470352387717
2 0.44199280190980905 0.3211790272887324 0.021200411193764805 0.014816714004731467
2 0.5695160014656466 0.32033657020246475 0.02128059429207706 0.014532384738116189
2 0.3162657037561664 0.7221886003521126 0.02124852105275213 0.014648222587478017
2 0.06384931026913383 0.7228625660211268 0.021376814010051745 0.015459087533010537
2 0.3142130164393723 0.322021484375 0.02153718020667622 0.015406433965118822
2 0.6972957869360835 0.31848316461267606 0.020927788659503108 0.014427077602332758
2 0.8245624005773218 0.3173037246919014 0.02211449851452455 0.015227411834286973
2 0.443788903312004 0.7221886003521126 0.021569253446001153 0.014985205421985105
2 0.18784445349923143 0.32438036421654926 0.021280594292076987 0.015048389703455125
2 0.6993484742528776 0.7194927376760564 0.02084760556119085 0.014037441199934051
2 0.5715686887824408 0.7201667033450704 0.021200411193764805 0.013984787632042335
2 0.8266150878941159 0.7188187720070423 0.02190602245891286 0.014311239752970929
2 0.06218150182423858 0.3252228213028169 0.020526873167941665 0.0160698689205546