3 0.19750723635892337 0.19921501706484637 0.016356331274031216 0.009897610921501704
1 0.9354084762604223 0.9666382252559728 0.010990625135006747 0.009982935153583412
3 0.20135654728474534 0.969914675767918 0.017198773059143694 0.01010238907849839
2 0.09672527757376764 0.26716723549488053 0.01981682291441655 0.015102389078498295
3 0.3196872164859376 0.19742320819112624 0.016356331274031147 0.009829351535836158
1 0.9339180023329158 0.5786006825938567 0.010329632349764693 0.009419795221843023
3 0.5662634466669547 0.19498293515358361 0.016537780273901567 0.010017064846416398
3 0.4427225990409124 0.19612627986348122 0.016421134488270633 0.009795221843003408
3 0.8148356158465461 0.9679522184300341 0.0166673867023804 0.009982935153583412
3 0.3229014559122132 0.969914675767918 0.01699140277357755 0.010255972696245787
3 0.6922927377197908 0.9686006825938567 0.016926599559338062 0.009982935153583412
3 0.5692443945219682 0.969249146757679 0.017121009202056524 0.01022184300341299
3 0.6893117898647773 0.19399317406143343 0.01642113448827078 0.009641638225255964
3 0.445703546895926 0.969914675767918 0.01660258348814091 0.01034129692832759
2 0.09839720050114484 0.6507849829351535 0.02125545427053181 0.01600682593856656
3 0.19886810385795134 0.5838395904436859 0.01712100920205638 0.010255972696245787
3 0.44471853803948674 0.5825255972696245 0.01699140277357755 0.010170648464163795
3 0.8138506069901067 0.579914675767918 0.016485937702510122 0.009607508532423216
3 0.3211647297705966 0.5834982935153583 0.017056205987816892 0.010290102389078393
3 0.6912947682205037 0.581211604095563 0.016991402773577406 0.010136518771331187
1 0.2183479500583229 0.2663481228668942 0.018559640558171712 0.012935153583617687
0 0.07719358880200458 0.9111092150170648 0.009629757635978748 0.010648464163822383
3 0.5677539205944614 0.5822013651877133 0.01699140277357755 0.010375426621160387
2 0.2200846761999395 0.6504607508532423 0.020114917699917904 0.01522184300341299
2 0.8351838251177257 0.646877133105802 0.021177690413444424 0.014863481228669002
3 0.8118676286343801 0.19349829351535833 0.015436125631831428 0.008037542662116077
2 0.7121354819199033 0.6478498293515358 0.020931438199334802 0.014368600682593827
2 0.34251090854106364 0.650136518771331 0.02102216269926994 0.01510238907849839
2 0.5885946342938609 0.6484982935153583 0.021177690413444566 0.015153583617747397
2 0.46554629109603834 0.6494880546075085 0.022097896055644283 0.015392491467576784
1 0.5871041603663542 0.2614505119453925 0.018909577915064656 0.013344709897610869
1 0.34102043461355686 0.2648805460750853 0.019065105629239285 0.014317406143344726
1 0.7106450079923964 0.26063139931740614 0.019207672700565726 0.012883959044368586
1 0.46405581716853156 0.26341296928327645 0.01958353134315461 0.014419795221843022
1 0.8341858556184386 0.25981228668941975 0.01947984620037143 0.013447098976109165
0 0.08425713915410203 0.8875938566552901 0.007672700565948037 0.01078498293515357