0 0.08387132490716454 0.9075671140939598 0.008751234967464995 0.01040268456375846
2 0.10068391646509726 0.30750000000000005 0.01998092188192005 0.014278523489932885
3 0.20039689299219846 0.24134228187919465 0.016429325792934327 0.010083892617449616
3 0.3208317718802167 0.23989932885906043 0.016301570537934802 0.009848993288590577
3 0.4421098354512316 0.23860738255033562 0.016122713180935572 0.010050335570469807
3 0.8079370081422683 0.6166107382550337 0.01570112083943704 0.009043624161073845
3 0.8064678227097742 0.23525167785234904 0.01612271318093528 0.009228187919463077
2 0.22081218274111677 0.3060570469798658 0.02005757503491976 0.01417785234899327
3 0.6851769836132595 0.23572147651006717 0.016301570537934695 0.009446308724832212
2 0.34136204135863457 0.3046140939597316 0.02148843389091405 0.014848993288590672
2 0.10245971450959017 0.6866275167785235 0.020325861070418696 0.015318791946308655
3 0.3225309167717099 0.6201510067114095 0.01586720267093656 0.009697986577181154
3 0.20186607842469254 0.6211073825503357 0.016186590808435278 0.010083892617449616
3 0.4435790208837257 0.6194966442953022 0.016748713930433083 0.010117449664429425
2 0.46265288045514946 0.30332214765100673 0.021117943651415512 0.01520134228187923
3 0.5634006745477464 0.23716442953020134 0.016557081047933814 0.01043624161073827
3 0.9292150717132832 0.6153187919463089 0.017068102067931475 0.009513422818791924
2 0.827010867713692 0.3006040268456376 0.020721902360917123 0.01479865771812077
2 0.7057200286171772 0.30124161073825506 0.020530269478417712 0.014563758389261732
3 0.5653553299492385 0.6188590604026846 0.016953122338432203 0.010318791946308655
2 0.5844291895206623 0.3023657718120806 0.020632473682417416 0.014228187919463077
3 0.6866461690457535 0.6179026845637584 0.016493203420434106 0.009546979865771922
3 0.9267749463427929 0.23459731543624163 0.01612271318093528 0.009446308724832212
2 0.22252410315810994 0.6866275167785235 0.020249207917419024 0.0143959731543625
2 0.8289655231151841 0.682768456375839 0.021194596804415076 0.014563758389261732
2 0.4646075358566416 0.6853355704697986 0.021322352059414778 0.01501677852349
2 0.34307396177562777 0.6859731543624161 0.021041290498415806 0.01479865771812096
2 0.7076746840186693 0.6834060402684564 0.020530269478417712 0.0143959731543625
2 0.5863838449221546 0.6846979865771813 0.02079855551391683 0.014966442953020001