3 0.322537104916874 0.6262452810402686 0.017208907322611856 0.010276845637583847
3 0.9282417363642559 0.24118472105704702 0.01569586840170715 0.010005874121749135
3 0.5638897376332913 0.24359335675335572 0.016689277794220372 0.010648176974098172
3 0.44260209241815146 0.24455681103187923 0.016949092558416097 0.010768608758913558
3 0.20027133353064425 0.24728659815436246 0.016811543565606574 0.01106968822095221
3 0.32082538411746675 0.2455202653104027 0.016490595915717714 0.0103571334941275
2 0.5844303872261779 0.30910824769295303 0.019593089864643302 0.013749295433095672
3 0.44406928167478626 0.625924129614094 0.0161849314872521 0.010276845637583847
3 0.6851773828484312 0.242469326761745 0.01655172880141078 0.010567889117554519
3 0.2024721174155964 0.626566432466443 0.016429463030024648 0.010316989565855769
3 0.806954091149116 0.241827023909396 0.015329071087548612 0.009850316399695866
3 0.5658459899754711 0.624639523909396 0.016368330144331512 0.010768608758913653
2 0.4631427420110381 0.3099111262583893 0.02072404824996598 0.014732821675755
3 0.6871336351906109 0.6236760696308725 0.017208907322611967 0.010808752687185385
3 0.8089103434912956 0.622712615352349 0.01655172880141078 0.01020157577207423
2 0.7062070955268627 0.30782364198825507 0.020173852278728033 0.013899835164114905
3 0.9301979887064356 0.6217491610738256 0.016368330144331512 0.009664650731438846
2 0.22276823546571053 0.6917601719798658 0.019791771743145965 0.013799475343435385
2 0.10282551373581916 0.6917601719798658 0.020632348921426274 0.014853253460570386
2 0.34356681759530544 0.6904755662751679 0.02055593281430989 0.014120626769609809
2 0.3418550967958982 0.31183803481543626 0.020678198585696164 0.014903433370910192
2 0.8279838038275475 0.30702076342281887 0.020800464357082292 0.014120626769609904
2 0.7081633478690423 0.6885486577181209 0.02032668449296066 0.013749295433095578
2 0.4650989943532178 0.6898332634228188 0.020831030799928933 0.014180842662017691
2 0.22117878043768954 0.3132832162332215 0.02017385227872789 0.014281202482697116
2 0.8294509930841822 0.6872640520134229 0.021365943549743558 0.014231022572357309
2 0.5863866395683577 0.6891909605704699 0.020678198585696164 0.013899835164114999
2 0.1008692613936395 0.31408609479865773 0.01986818785026231 0.014963649263317981