3 0.2000731308612234 0.20764406779661015 0.015641400671083217 0.00903389830508478
3 0.5674524649402047 0.20313559322033897 0.016467349221371337 0.011186440677966137
3 0.4445797126387336 0.20454237288135593 0.01609309128452203 0.011762711864406772
3 0.6921448851415298 0.5861864406779661 0.01646734922137148 0.01062711864406784
3 0.3231007485158737 0.588457627118644 0.015602684332788537 0.011016949152542376
2 0.2213413060311451 0.27411864406779657 0.020480942957928246 0.014711864406779683
2 0.46560268433278834 0.2704406779661017 0.020222834035963054 0.014101694915254181
2 0.34301385184547883 0.27222033898305087 0.020377699389142214 0.014542372881355922
2 0.8336660070549773 0.26950847457627114 0.020338983050847387 0.014661016949152478
2 0.5885141529725544 0.2699830508474576 0.021048782586251317 0.014491525423728812
2 0.7107674438613094 0.2699491525423729 0.02187473113653958 0.014881355932203348
2 0.22243826894949667 0.6543050847457628 0.020480942957928246 0.014711864406779492
2 0.5898821302589692 0.6526949152542372 0.02125526972382353 0.014542372881355922
2 0.34409790931773204 0.6539830508474577 0.021293986062118207 0.014949152542372985
2 0.46662221457455044 0.6533389830508475 0.020609997418910876 0.014322033898305145
3 0.20403510281338724 0.9706101694915253 0.016854512604319014 0.010220338983050775
2 0.7128968424675212 0.6517118644067796 0.02148756775359219 0.014593220338983125
2 0.8349178353265079 0.6510677966101694 0.021164931601135938 0.015050847457627204
2 0.09955261120192721 0.2762372881355932 0.019603372623247003 0.014881355932203348
3 0.5704723393271961 0.9716271186440677 0.017990191860965447 0.01062711864406765
3 0.44794803407037775 0.9720677966101694 0.017512690355330037 0.010830508474576466
3 0.6926352920932635 0.9699661016949152 0.017383635894347334 0.010423728813559591
3 0.32532048524477325 0.9706101694915253 0.01659640368235404 0.01027118644067779
3 0.8146691903983481 0.9686779661016948 0.016854512604318868 0.009694915254237154
3 0.9376839026069 0.9673728813559321 0.016596403682353753 0.010220338983050775
2 0.09973328744730277 0.6552881355932203 0.02006796868278415 0.012949152542372909
3 0.3217069603372623 0.20627118644067796 0.016415727436978427 0.009474576271186426
3 0.6901961627806934 0.2030508474576271 0.016854512604318868 0.008932203389830515
3 0.812372020992859 0.2013050847457627 0.01700937795749817 0.00900000000000001
3 0.9354125440936075 0.20032203389830505 0.01675126903553305 0.009644067796610187
3 0.4459864062634431 0.5882711864406779 0.01620924029940622 0.01125423728813549
3 0.568433278843672 0.5877627118644068 0.016660930912845175 0.009779661016949034
3 0.8140368235395337 0.5857118644067796 0.015938225931343017 0.00972881355932202
3 0.936819237718317 0.5847627118644066 0.015512346210100659 0.00849152542372887
3 0.2018540824227824 0.5891694915254237 0.016028564054030824 0.010203389830508437