3 0.19776513473920895 0.21392617449664433 0.015483936905938061 0.008942953020134231
3 0.5614332436207543 0.20867449664429533 0.01630157053793484 0.011073825503355674
3 0.4399763226927401 0.21000000000000002 0.015931080298436304 0.011644295302013413
3 0.6851769836132595 0.5893120805369129 0.016301570537934695 0.010520134228187886
3 0.31982250536572077 0.5918791946308725 0.015445610329438208 0.010906040268456346
2 0.21892140496712437 0.27855704697986583 0.02027475896841888 0.014563758389261732
2 0.4602766327121589 0.275520134228188 0.020019248458419906 0.013959731543624135
2 0.3395734677886417 0.27756711409395973 0.02017255476441932 0.014395973154362404
2 0.8258738459441965 0.2732382550335571 0.020134228187919465 0.014513422818791923
2 0.5819762886246722 0.2751342281879195 0.02083688209041654 0.014345637583892597
2 0.7037781487411849 0.27409395973154366 0.021654515722413316 0.014731543624161058
2 0.220505570129118 0.6577852348993289 0.02027475896841888 0.014563758389261732
2 0.584263107689163 0.656006711409396 0.021041290498415806 0.0143959731543625
2 0.3412726126801349 0.6576510067114094 0.02107961707491566 0.01479865771812096
2 0.46226961469015093 0.6564932885906041 0.02040251422341844 0.014177852348993459
3 0.20250485469969 0.9723489932885906 0.0166848363029333 0.010117449664429614
2 0.7059499880761763 0.6555033557046981 0.02127124995741507 0.014446308724832307
2 0.8265126222191941 0.6546140939597316 0.02095186181991624 0.014899328859060385
2 0.09872926106360509 0.28038590604026853 0.019406023234422393 0.014731543624161058
3 0.5645887984192417 0.9710906040268458 0.017809082546928836 0.010520134228188075
3 0.4436301229857255 0.9728187919463086 0.017336388103430737 0.010721476510067305
3 0.6858413109392567 0.9716275167785237 0.017208632848431177 0.010318791946308845
3 0.3227353251797091 0.9720973154362418 0.01642932579293429 0.010167785234899232
3 0.8064678227097742 0.969781879194631 0.01668483630293323 0.00959731543624154
3 0.9284229891322865 0.9681040268456377 0.01642932579293411 0.010117449664429614
2 0.09954689469560182 0.6583389261744967 0.019865942152420563 0.012818791946308654
3 0.31894099410622423 0.21204697986577184 0.016250468435934987 0.009379194630872476
3 0.6830945729567678 0.20783557046979867 0.01668483630293323 0.008842281879194664
3 0.8042065546962833 0.20812080536912755 0.016838142608932644 0.008909395973154375
3 0.9256507000987975 0.20620805369127518 0.016582632098933812 0.009546979865771826
3 0.441496610227234 0.5912248322147652 0.01604606002793572 0.011140939597315385
3 0.5627107961707492 0.5902348993288591 0.016493203420433963 0.009681208053691156
3 0.8058418219602766 0.5882046979865773 0.015777773992436746 0.009630872483221538
3 0.9273881715667905 0.587265100671141 0.015356181650938501 0.008406040268456346
3 0.19988587197220048 0.5923993288590604 0.015867202670936525 0.010100671140939614