2 0.10371017023134005 0.6922758620689655 0.02051942383238759 0.01501724137931035
3 0.8268136185072021 0.621 0.01697075512876485 0.00958620689655163
3 0.9516324749017897 0.620344827586207 0.01710170231340012 0.009517241379310235
3 0.5786687036228721 0.6233103448275862 0.016381492797904827 0.010810344827586202
2 0.47465735486687044 0.6909655172413793 0.021684853775643716 0.014793103448276005
3 0.45335224792666956 0.6242931034482759 0.016905281536446926 0.010637931034482713
3 0.32878219118288965 0.6246379310344828 0.017023134002618928 0.01027586206896558
3 0.20522042776080315 0.6252931034482759 0.017232649498035824 0.01027586206896558
3 0.7029899607158447 0.6223275862068967 0.01710170231340012 0.011068965517241243
2 0.35008729812309036 0.6916206896551724 0.021278917503273626 0.014344827586206936
2 0.5992274116106504 0.6903103448275862 0.021147970318638066 0.014344827586206936
2 0.7240462680052379 0.6896379310344829 0.02104321257092976 0.014465517241379379
2 0.22627673505019646 0.6922758620689655 0.020362287210824993 0.01417241379310345
2 0.8483675250982105 0.6883275862068966 0.02193365342645128 0.014620689655172518
3 0.9501265822784812 0.22960344827586207 0.015949367088607766 0.010637931034482809
3 0.8253077258838935 0.2302586206896552 0.016263640331732825 0.010362068965517229
3 0.32727629855958096 0.23472413793103447 0.016381492797904827 0.010155172413793044
3 0.20358358795285902 0.23603448275862074 0.016774334351811436 0.010862068965517249
2 0.22488869489305982 0.30368965517241375 0.02040157136621559 0.014396551724137983
2 0.10170667830641643 0.3048448275862069 0.020676560453950228 0.015137931034482695
2 0.7220427760803142 0.2984137931034483 0.02078131820165864 0.014224137931034496
2 0.34883020515058927 0.30220689655172417 0.021069402007856872 0.014620689655172422
2 0.5972239196857267 0.2995689655172414 0.02016586643387165 0.01417241379310345
2 0.47315146224356175 0.3005517241379311 0.020637276298559524 0.014568965517241376
3 0.7004888694893061 0.23125862068965516 0.016905281536447214 0.010603448275862017
3 0.4520951549541685 0.23356896551724138 0.017429070274989023 0.010896551724137945
3 0.5761676123963335 0.2322413793103448 0.017638585770405918 0.010862068965517249
2 0.846861632474902 0.2977586206896552 0.021475338280226967 0.014275862068965446
0 0.08402880838061982 0.914051724137931 0.009585333915320805 0.010396551724137832