2 0.46356316017362303 0.3240570893158784 0.020611737225506722 0.015004132245038023
2 0.3417651358835101 0.32535037478885137 0.021133553357798134 0.014721226047825175
2 0.10179110516271811 0.709617820945946 0.02064243229211211 0.015297142235008512
2 0.5856067449965789 0.32308712521114863 0.020212701359637004 0.014660603291279604
2 0.7078958903523778 0.3219555004222973 0.02084195022504693 0.014498942607157896
2 0.22205437612256246 0.709617820945946 0.020366176692663763 0.014438319850612325
3 0.5664530234348273 0.6423669763513514 0.016314427900754744 0.010972718934755031
3 0.5644885391720835 0.25729122677364863 0.01728132249882397 0.011184898582664667
2 0.22033545239266167 0.32680532094594594 0.0199517932934913 0.014438319850612325
3 0.3223658537889155 0.6436602618243245 0.016820896499743408 0.010467529296875
3 0.4426905148819706 0.25874617293074326 0.016498598300386996 0.011144483411634288
3 0.6882510477249402 0.6413970122466217 0.01668276870001925 0.010467529296875
3 0.4441638780790284 0.6430136190878378 0.01637581803396559 0.010598878602723781
3 0.932338217370852 0.6394570840371623 0.01643720816717615 0.009957287762616148
3 0.9308648541737942 0.2553512985641892 0.01580795930176608 0.011225313753695142
3 0.6867776845278823 0.2568062447212838 0.017020414432678266 0.01042711412584462
3 0.20105895056448855 0.6436602618243245 0.01720458483231059 0.010932303763724652
3 0.1993400268345878 0.2611710831925676 0.01708180456588904 0.010972718934755031
3 0.3208924905918577 0.259716137035473 0.016375818033965518 0.010639293773754256
3 0.8090668298836812 0.2559979413006757 0.01668276870001925 0.01042711412584462
2 0.8296939146424906 0.3211471970016892 0.020811255158441722 0.014781848804370744
2 0.3432384990805679 0.7089711782094595 0.021164248424403485 0.01478184880437084
3 0.8105401930807391 0.6404270481418919 0.016498598300387142 0.009805730871252081
2 0.7093692535494355 0.7070312500000001 0.020458261892479963 0.013892715041701914
2 0.09982662089997435 0.3280986064189189 0.02010526862651813 0.015004132245038023
2 0.4652820839035238 0.708324535472973 0.02121029102431144 0.015186000514674825
2 0.5870801081936368 0.7076778927364865 0.020642432292112073 0.014610084327491488
2 0.8311672778395486 0.7057379645270271 0.021333071290732846 0.014549461570946012
0 0.08233043293491277 0.9107237119932432 0.009108761015143888 0.010720124115814921