3 0.19197103130646131 0.2151052701271186 0.017445667735847013 0.010421908103813564
3 0.5589167222317818 0.21121226165254237 0.017723563328099413 0.011009914592161038
3 0.31412158274541857 0.21380760063559323 0.017723563328099486 0.010381355932203367
3 0.436395643336488 0.21218551377118644 0.01806321349640795 0.01091867220603812
3 0.8049469532392669 0.20910354872881354 0.017646370108029205 0.010264768438824158
3 0.5608928686655769 0.5967823093220339 0.01812496807246409 0.011009914592160991
3 0.438371789770283 0.5977555614406779 0.018202161292534155 0.010584116790254257
3 0.6839079841693194 0.5961334745762712 0.01784707248021169 0.010264768438824111
3 0.1935766502839198 0.5993776483050848 0.01738391315979095 0.010878120034428018
2 0.3368472667340618 0.664261122881356 0.0215369083995634 0.015713966498940597
3 0.3158507108749892 0.598728813559322 0.01764637010802935 0.010188733117055145
2 0.4593683456293556 0.664261122881356 0.02116638094322672 0.015288168697033862
2 0.21457320614299233 0.6649099576271186 0.021413399247451198 0.015774794756355844
3 0.8074171362815108 0.5951602224576271 0.01798602027633789 0.00991500595868653
2 0.5826304794373225 0.6629634533898305 0.021876558567871938 0.01465961003707624
3 0.6824258743439732 0.20975238347457625 0.017584615531973213 0.009798418465307226
2 0.7051515583326163 0.6623146186440677 0.021490592467521333 0.014882646980932274
2 0.8276726372279102 0.6616657838983051 0.02203094500801221 0.015531481726694855
3 0.9274680321345606 0.2079680879237288 0.01812496807246409 0.010584116790254257
3 0.684896057386217 0.9808924788135592 0.017785317904155697 0.010031593452065788
3 0.5623749784909231 0.9808924788135592 0.01798602027633789 0.010381355932203557
0 0.0766752378097307 0.9134136652542373 0.009193712510351247 0.010503012447034053
3 0.4401009178998537 0.9821901483050848 0.01778531790415555 0.0102647684388243
2 0.09415178283360578 0.28274629237288135 0.015191625709799518 0.015288168697033862
3 0.31757983900455994 0.981541313559322 0.01724496536366475 0.0102647684388243
3 0.8079111728899595 0.9795948093220339 0.018202161292534297 0.00987445378707624
3 0.19579981502193927 0.981541313559322 0.017306719939720813 0.010188733117054956
3 0.9299382151768046 0.5945113877118644 0.017924265700281897 0.010305320610434402
2 0.3348711203002667 0.27950211864406777 0.021289890095338996 0.01607893604343218
2 0.21284407801342167 0.2809619968220339 0.021259012807310927 0.016139764300847428
2 0.7031754118988213 0.27609573622881356 0.021737610771745592 0.015592309984110196
3 0.9299382151768046 0.9782971398305085 0.016982508415426343 0.010031593452065788
2 0.5801602963950787 0.27706898834745763 0.021614101619633463 0.015713966498940694
2 0.45763921749978487 0.27885328389830505 0.02104287179111459 0.015004303495762676
2 0.09631319299556912 0.6655587923728813 0.014504606051175479 0.015592309984110103
2 0.825696490794115 0.27544690148305084 0.021166380943226867 0.015470653469279701