3 0.20236404534027258 0.19348432055749132 0.01681735985533453 0.01
3 0.7044634587394699 0.18754355400696865 0.01649980152604436 0.011271777003484307
3 0.4529704935385701 0.18958188153310104 0.016698275481850707 0.012090592334494754
3 0.5788426763110308 0.188205574912892 0.016764433467119488 0.011707317073170742
3 0.2038856790014555 0.5856968641114983 0.016499801526044217 0.01158536585365842
3 0.32861994442729237 0.5853658536585367 0.01582499007630229 0.01132404181184673
3 0.706487893088696 0.5830313588850176 0.016883517840603383 0.011062717770034852
3 0.9561945926873373 0.1853658536585366 0.017677413663829057 0.011271777003484307
3 0.45507431747011867 0.5843554006968642 0.016949675825872167 0.01167247386759584
3 0.8310898425439951 0.5823519163763067 0.01649980152604436 0.010104529616724752
3 0.5803643099722137 0.5836933797909409 0.017889119216689363 0.011219512195121979
3 0.9582322586336173 0.5813588850174216 0.01649980152604436 0.011062717770034852
2 0.34837471882856264 0.25956445993031363 0.020852996956732626 0.015540069686411187
2 0.8513474176333082 0.25423344947735194 0.021051470912539116 0.015121951219512179
2 0.22352136902924186 0.26040069686411155 0.020694217792087504 0.015662020905923366
2 0.6001190843734839 0.25623693379790946 0.020998544524324148 0.014547038327526138
2 0.726242667489966 0.2554006968641115 0.02228200943853907 0.015069686411149802
2 0.4744983019450448 0.2587282229965157 0.021289639659506907 0.014721254355400693
2 0.2255458033784678 0.654390243902439 0.02061482820976491 0.015296167247386734
2 0.3501477528337671 0.6537108013937283 0.021699819168173557 0.015662020905923366
2 0.728267101839192 0.6517247386759583 0.0220306090945179 0.015418118466899007
2 0.09947514665020069 0.2622299651567945 0.020072332730560548 0.015418118466899007
2 0.4757685352622062 0.6530487804878049 0.021183786883076827 0.015243902439024359
2 0.6021435187227099 0.6527177700348432 0.021699819168173557 0.015365853658536632
3 0.20616151369470298 0.9785017421602789 0.017558329290345308 0.010470383275261383
2 0.8533718519825344 0.6510452961672474 0.021541040003528366 0.015365853658536632
3 0.7074934944647819 0.9779442508710802 0.018166982754818595 0.010714285714285931
3 0.457019362237022 0.9791811846689895 0.017889119216689363 0.010714285714285931
3 0.5823887443214396 0.9785017421602789 0.018087593172495853 0.01043554006968634
3 0.833114276893221 0.9771777003484321 0.0171481497816788 0.010156794425087127
3 0.3306443787765183 0.9785017421602789 0.016883517840603383 0.010034843205575043
3 0.9586556697393376 0.9751742160278747 0.01694967582587202 0.010261324041811879
2 0.09960746262073833 0.6550522648083624 0.020456049045119752 0.014059233449477423
3 0.32733647951307726 0.19125435540069688 0.017187844572839953 0.01050522648083619
3 0.8298857672121026 0.18707317073170732 0.017254002558108737 0.008954703832752577