3 0.3348538040611815 0.9825710720486113 0.018518504211168203 0.010716756184895834
2 0.22822255323707807 0.2656283908420139 0.021420893286853877 0.0157220628526476
3 0.20664392141350213 0.1980048285590278 0.018518504211168272 0.011059443155924479
2 0.3525205201740506 0.2639668782552083 0.021594405677248105 0.01615820990668406
3 0.45650176358122363 0.1953464084201389 0.01831344411342959 0.010675218370225678
3 0.21093440961234178 0.981906467013889 0.01831344411342959 0.010514259338378906
2 0.477954204575422 0.262969970703125 0.022178038263119773 0.016033596462673643
3 0.45953034348628696 0.9825710720486113 0.018029514747329906 0.010275416904025482
3 0.3313204608386076 0.19667561848958337 0.017824454649591294 0.010976367526584218
3 0.5821878296413502 0.19434950086805558 0.01831344411342959 0.011402130126953125
3 0.5857211728639241 0.981906467013889 0.018707790455234657 0.010514259338378906
3 0.7078738957014769 0.19302029079861113 0.018171479430379747 0.011319054497612863
3 0.7109024756065402 0.981906467013889 0.018518504211168345 0.010311762491861979
2 0.7295787183544303 0.26064385308159727 0.021468214847870423 0.015420913696289062
3 0.8355790150316456 0.9805772569444445 0.017887550064280063 0.010000228881835938
2 0.6038926522943039 0.26213921440972227 0.021799465774986863 0.014901691012912294
3 0.8325504351265823 0.1920233832465278 0.017966419332640992 0.010555797153049062
3 0.2086629746835443 0.5894571940104166 0.01796641933264106 0.01089329189724386
3 0.5842068829113924 0.58746337890625 0.01845540879647943 0.011277516682942709
2 0.8547600210970465 0.2601453993055556 0.02255661075125254 0.015659756130642393
2 0.604902178929325 0.6545884874131945 0.02134202401849288 0.015368991427951452
3 0.3330871324498945 0.5887925889756945 0.01823457484506852 0.010976367526584265
3 0.7093881856540085 0.5864664713541666 0.018881302845628955 0.011184056599934896
2 0.22998922484836498 0.6575792100694445 0.02179946577498679 0.015130148993598026
2 0.47946849452795365 0.655917697482639 0.02235155065351393 0.016220516628689174
2 0.3542871917853376 0.6569146050347223 0.02118428548177088 0.015420913696289062
3 0.45877319851002113 0.5881279839409723 0.017887550064280063 0.010155995686848959
3 0.8345694883966245 0.5854695638020834 0.018108384015690832 0.01084136962890625
2 0.731093008306962 0.6539238823784723 0.021058094652393198 0.014839384290907181
2 0.8562743110495782 0.65325927734375 0.022130716702103016 0.015483220418294271
3 0.9582365011867089 0.19152492947048613 0.017966419332640992 0.011142518785264741
3 0.9607603177742617 0.979248046875 0.017966419332640992 0.009730233086479908
3 0.9602555544567511 0.58447265625 0.01831344411342959 0.010555797153049109
0 0.08461738940532702 0.9134521484375 0.00954318147168382 0.010934829711914062