3 0.6851769836132595 0.2431040268456376 0.016493203420434106 0.010469798657718172
3 0.8084224781112663 0.6246476510067115 0.016365448165434403 0.010050335570469807
3 0.8069532926787722 0.24246644295302014 0.015509487956938205 0.009932885906040289
3 0.32278642728170887 0.6281711409395974 0.01695312233843217 0.01040268456375846
3 0.5658407999182368 0.6268959731543625 0.01668483630293323 0.01020134228187923
3 0.9292150717132832 0.6236744966442953 0.016250468435934987 0.009932885906040193
3 0.44406449085272376 0.6278523489932887 0.016748713930433083 0.009966442953020191
3 0.200754607706197 0.24793624161073832 0.016046060027935793 0.010469798657718172
3 0.9282441317752872 0.2418288590604027 0.015803325043436744 0.01
3 0.20246652812319016 0.628489932885906 0.016365448165434546 0.01043624161073827
3 0.3208317718802167 0.24632550335570472 0.016493203420433998 0.010234899328859133
3 0.6871316390147516 0.6256040268456377 0.017208632848431177 0.010469798657718077
3 0.4423525704357306 0.24535234899328862 0.016748713930433083 0.010402684563758365
2 0.7062054985861753 0.3081375838926175 0.01998092188192034 0.013741610738255
2 0.10318791946308725 0.6943288590604028 0.019904268728920416 0.014513422818791923
3 0.5643843900112425 0.24422818791946313 0.016250468435934987 0.010570469798657693
2 0.5844291895206623 0.31023489932885906 0.019827615575920637 0.013070469798657787
2 0.4636365959186455 0.31087248322147654 0.02040251422341844 0.013791946308724903
2 0.3418602868531326 0.3123154362416108 0.02060692263141756 0.01468120805369125
2 0.8274963376826902 0.30766778523489935 0.020606922631417706 0.013741610738255
2 0.22142540796511428 0.3136073825503356 0.01998092188192005 0.013892617449664423
2 0.7081601539876674 0.6911241610738256 0.02001924845842005 0.013422818791946345
2 0.4650930058256397 0.6923993288590605 0.021002963921916095 0.014345637583892502
2 0.5863838449221546 0.691761744966443 0.020134228187919465 0.013540268456375959
2 0.3438149422546248 0.693036912751678 0.020249207917419024 0.014077181208053654
2 0.10123326406159508 0.31456375838926176 0.020095901611419612 0.014966442953020192
2 0.8294509930841822 0.6898322147651007 0.02127124995741507 0.01374161073825519
2 0.223009573127108 0.6943288590604028 0.019789288999420857 0.013540268456375959