3 0.3210699156602392 0.2476077495805369 0.01612379860155907 0.010046018050020962
3 0.2005158650734167 0.2488923552852349 0.016123798601559033 0.01020157577207423
3 0.2025943831869826 0.6288144924496645 0.016490595915717714 0.010397277422399421
3 0.8089103434912956 0.624639523909396 0.016184931487252245 0.010046018050020962
3 0.44431381321755875 0.6281721895973155 0.016307197258638374 0.009815190462458077
2 0.22325729855125545 0.6943293833892619 0.019944603957378734 0.013428144006921154
3 0.9297089256208906 0.623997221057047 0.01562709390530242 0.00985031639969596
3 0.32302616800241885 0.6281721895973155 0.01661286168710395 0.010397277422399421
3 0.9282417363642559 0.24262990247483227 0.016047382494442507 0.009589380865929134
3 0.806954091149116 0.24343278104026847 0.015329071087548612 0.009815190462458077
3 0.44260209241815146 0.24632314387583895 0.016949092558416097 0.010397277422399327
3 0.566335053061016 0.6268875838926175 0.016689277794220372 0.010276845637583847
3 0.6856664459339761 0.24375393246644297 0.01655172880141078 0.010397277422399327
3 0.6871336351906109 0.625924129614094 0.017010225444109236 0.0103571334941275
3 0.5638897376332913 0.24503853817114096 0.016490595915717787 0.010316989565855673
2 0.7066961586124076 0.30910824769295303 0.019868187850262203 0.013478323917260867
2 0.46363180509658297 0.31151688338926176 0.02032668449296066 0.014231022572357404
2 0.5849194503117229 0.31119573196308725 0.020097436171611575 0.013377964096581346
2 0.3438113491380779 0.6930447776845639 0.02017385227872789 0.013849655253775192
2 0.3418550967958982 0.312962064807047 0.02052536637146325 0.014231022572357404
2 0.10319231104997786 0.6943293833892619 0.02005158650734169 0.014401634267512502
2 0.8279838038275475 0.3081447934144296 0.020678198585696018 0.014180842662017596
2 0.46534352589599026 0.6924024748322148 0.02087688046419875 0.014341418375104808
2 0.22142331198046197 0.31456782193791955 0.020250268385844275 0.013960051056522692
2 0.7081633478690423 0.6911178691275168 0.020021020064495118 0.013538539809668654
2 0.5868757026539025 0.6917601719798658 0.01994460395737866 0.013689079540687885
2 0.8294509930841822 0.6898332634228188 0.020999146235585023 0.013749295433095578
2 0.1012360587077982 0.315531276216443 0.019409691207563966 0.014793037568162788