2 0.4610652360232068 0.7138536241319445 0.022004525872725476 0.015846676296657924
2 0.33588393328059074 0.7145182291666667 0.021468214847870565 0.015306684705946243
2 0.21108120302610758 0.715182834201389 0.02134202401849288 0.014777077568901974
2 0.7119326048259493 0.7125244140625001 0.021058094652393198 0.014610926310221354
2 0.5867513020833334 0.7131890190972223 0.02149976255521488 0.015244377983941036
2 0.7104183148734177 0.316253662109375 0.021263154750131952 0.01519245571560333
2 0.45929856441191985 0.3182474772135417 0.02154708411623149 0.0157220628526476
2 0.5847322488132912 0.3174167209201389 0.021058094652393198 0.015067842271592913
2 0.3341172616693038 0.3194105360243056 0.022178038263119773 0.015659756130642393
2 0.20944072224419832 0.32073974609375 0.020774165286293514 0.01524437798394094
2 0.8371139075685655 0.7111952039930556 0.021925656604364546 0.015015920003255209
2 0.8355996176160339 0.3152567545572917 0.021420893286853808 0.015483220418294271
2 0.08545823238066984 0.322235107421875 0.020616426749571478 0.015067842271592913
2 0.08747728565071203 0.715182834201389 0.021625953384592563 0.01590898301866313
3 0.5655512427478904 0.6450670030381945 0.017019988112308856 0.011017905341254276
3 0.18811447207937765 0.2531161838107639 0.01722504821004747 0.01145405239529083
3 0.5635321894778482 0.24896240234375 0.01768248996654145 0.010799831814236143
3 0.4383508867352321 0.2502916124131945 0.017083083526997625 0.011319054497612816
3 0.31417911062763715 0.6460639105902778 0.01761939455185261 0.010675218370225632
3 0.6907325454905063 0.6440700954861112 0.017083083526997625 0.011017905341254276
3 0.8143995582805909 0.24696858723958334 0.01612876537982934 0.010394838121202288
3 0.6887134922204642 0.24813164605034724 0.017146178941686543 0.010555797153049013
3 0.3129172023338608 0.2517869737413195 0.01683070186824233 0.010893291897243956
3 0.43986517668776376 0.6460639105902778 0.0168307018682424 0.010675218370225632
3 0.9400856243407174 0.24630398220486113 0.016830701868242256 0.010192341274685362
3 0.8164186115506329 0.6427408854166666 0.016499450941125957 0.010436375935872396
3 0.19013352534941985 0.646728515625 0.016767606453553557 0.011059443155924479
3 0.9415999142932491 0.6417439778645834 0.016956892697620084 0.010192341274685266
0 0.06734984836497891 0.9238688151041666 0.009432764495978381 0.01084136962890625