3 0.19605898473182826 0.5931282970727165 0.017186480490669485 0.008826673102782439
2 0.21776066814563486 0.6591731889804502 0.020918700247944608 0.015084646415888024
0 0.0739266605767976 0.9124918111919454 0.009056505285136364 0.010326517946419245
3 0.3197130285136369 0.5910891761197117 0.017781198514778808 0.011023282141610347
2 0.3406945305363434 0.658404410750612 0.021200059335443038 0.015436719706258753
3 0.4436038023619992 0.5907591994793642 0.017375306362553838 0.01044066713599672
3 0.6921346894166774 0.5887793396372788 0.01804658953738747 0.010817046741393168
3 0.5677443559963461 0.5897692695583214 0.01784364346127502 0.011157335151751513
3 0.8160254632650398 0.5874594330758887 0.017921699644395193 0.010765487891338871
2 0.7136157510113531 0.6564245509085266 0.021403005411555487 0.01445710155522696
2 0.4648350841706903 0.6577444574699168 0.021855731273652635 0.015374849086193599
3 0.19457335573535167 0.20237669379029752 0.017703142331658636 0.010559252491121598
2 0.5887258580190525 0.6570845041892217 0.021168836862194968 0.01496237828575924
2 0.21542996786506588 0.26919696346067645 0.020606832343729578 0.014797389965585496
2 0.8375065248597154 0.6547746677067888 0.02160595148766794 0.014508660405281443
3 0.3179645700117447 0.200561822268386 0.017312861416057698 0.01044066713599672
3 0.44185534386010694 0.19924191570699581 0.017500196255546115 0.01098203506156691
2 0.33844651246248203 0.26721710361859113 0.021324949228435315 0.015921372896769315
3 0.9404157966853712 0.587129456435541 0.01770314233165871 0.010481914216040155
3 0.6901364511288006 0.19693207922456296 0.01770314233165871 0.010940787981523474
3 0.5662456772804384 0.19825198578595316 0.01778119851477874 0.0113738823219796
3 0.814027224977163 0.1959421493035203 0.01743775130905012 0.01036332886091523
2 0.8355082865718386 0.26325738393442055 0.021902564983524594 0.015436719706258848
2 0.4628368458828135 0.2662271736975485 0.021496672831299697 0.015673890416508605
2 0.7116175127234764 0.2642473138554632 0.021246893045315143 0.015024248905824393
2 0.5872271793031449 0.2652372437765058 0.02080977841984203 0.015086119525889547
3 0.9384175583974943 0.1952821960228252 0.01764069738516257 0.01089954090148004
3 0.5697425942842228 0.9798016584491259 0.018514926636108507 0.010481914216040155
3 0.1988196120970899 0.9804616117298208 0.018405647979740338 0.010322081780871935
3 0.6936333681325851 0.9791417051684307 0.01818709066700378 0.010239587620785064
3 0.32096192744355995 0.9798016584491259 0.018405647979740265 0.010600499571164938
3 0.44485270129192217 0.9804616117298208 0.017921699644395193 0.010007572795540641
3 0.8170245824089781 0.9784817518877356 0.01764069738516257 0.010363328860915372
3 0.9409153562573404 0.9771618453263454 0.01818709066700378 0.010043663990578553