3 0.1975336030275349 0.20411681550184463 0.016116403497324835 0.0101196427955729
2 0.21816480164426466 0.27166825314299387 0.020887834602962275 0.014673648725455093
3 0.32057451389795116 0.20327571177981588 0.017375306362553838 0.010239587620784921
2 0.34155601592065765 0.269930993130021 0.021403005411555487 0.015673890416508605
2 0.7142274566096829 0.26663122672654554 0.021449839121427592 0.015024248905824393
3 0.44446528774631344 0.20179081689825187 0.01804658953738747 0.010559252491121598
2 0.46569656955500455 0.2686110865686308 0.021730841380660358 0.01561201979644345
3 0.6927463950150071 0.19948098041581902 0.01784364346127502 0.010765487891338825
3 0.8171367284353385 0.19849105049477636 0.017500196255546257 0.010239587620784921
2 0.5898371231893514 0.2676211566475882 0.020638054816977648 0.01496237828575924
3 0.5688556211666448 0.20063589865703546 0.017578252438666286 0.011239829311838433
2 0.838118230458045 0.26564129680550286 0.02212112229626137 0.015436719706258848
3 0.19893175812345032 0.5944630189118366 0.017375306362553838 0.010682993731252
3 0.3223229723998434 0.593473088990794 0.017500196255546115 0.010600499571165128
2 0.3433044744225499 0.6607883236216942 0.02137178293830742 0.015735761036573852
2 0.21991326014615684 0.6621082301830844 0.020887834602962275 0.015374849086193599
3 0.9410275022837008 0.19783109721408126 0.01804658953738747 0.010641746651208516
3 0.5703542998825525 0.5918232057890562 0.01804658953738747 0.011157335151751513
3 0.4464635260341902 0.592813135710099 0.017500196255546115 0.010399420055953283
3 0.6952441928748531 0.5911632525083611 0.01784364346127502 0.01089954090148004
2 0.7162256948975596 0.658808463779609 0.021449839121427592 0.01445710155522696
3 0.8186354071512462 0.589843345946971 0.017921699644395193 0.010641746651208565
2 0.591335801905259 0.6601283703409991 0.020919057076210414 0.01496237828575924
2 0.46719524827091213 0.6601283703409991 0.02190256498352474 0.015612019796443546
2 0.8401164687459219 0.6581485104989138 0.02137178293830742 0.014797389965585496
3 0.9430257405715777 0.5895133693066233 0.01778119851477888 0.010363328860915181
3 0.5723525381704292 0.9821855713202081 0.018546149109356577 0.010239587620785064
3 0.32407143090173557 0.9828455246009032 0.01818709066700378 0.010162249345703336
3 0.4474626451781286 0.9828455246009032 0.01812464572050764 0.0101210022656599
3 0.20142955598329632 0.9828455246009032 0.01804658953738747 0.0101210022656599
3 0.6962433120187915 0.9821855713202081 0.01818709066700378 0.010239587620785064
3 0.8196345262951846 0.980865664758818 0.01770314233165871 0.01008491107062199
3 0.9435253001435467 0.9802057114781227 0.017921699644395193 0.009852896245377567