2 0.22252370392293805 0.28004404362416113 0.020525366371463318 0.015084081048133366
3 0.20198305433005148 0.21581375838926178 0.01754513819392393 0.010241719700346057
3 0.32596054651568834 0.972446518456376 0.017606271079617104 0.01000587412174923
3 0.32253710491687393 0.214047425545302 0.017132491215495437 0.009850316399695889
3 0.4467591286452833 0.972446518456376 0.017331173093998096 0.009699776668676729
3 0.4438247501320138 0.21308397126677855 0.01780495295811973 0.010357133494127525
2 0.4648544628104453 0.27747483221476515 0.021151978449817796 0.014903433370910192
3 0.20577329324302457 0.972446518456376 0.01774382007242659 0.010477565278943075
2 0.3430777545097605 0.27859886220637586 0.020479516707193432 0.015375124528104038
3 0.5658459899754711 0.21195994127516782 0.017468722086807546 0.010858932597525144
3 0.6900680137038804 0.971804215604027 0.017804952958119583 0.010201575772074421
3 0.5687803684887406 0.972446518456376 0.01794250195092918 0.01035713349412769
3 0.6871336351906109 0.21083591128355705 0.017667403965310132 0.010567889117554519
3 0.8108665958334753 0.9705196098993291 0.017407589201114407 0.010121287915530578
2 0.7081633478690423 0.27554792365771813 0.021274244221203924 0.014732821675755
3 0.8084212804057508 0.21019360843120807 0.017606271079617142 0.0101212879155306
2 0.5863866395683577 0.27699310507550334 0.02072404824996598 0.013899835164114905
2 0.8294509930841822 0.2747450450922819 0.021686891199632564 0.014682641765415288
3 0.5673131792321058 0.5931666841442954 0.01788136906523604 0.010768608758913653
3 0.20345024358668623 0.5954147441275168 0.01760627107961707 0.010768608758913653
3 0.32424882571628116 0.5944512898489933 0.01754513819392397 0.010477565278942886
3 0.44578100247419344 0.5941301384228188 0.01720890732261182 0.010046018050020962
2 0.34454494376639533 0.6602873322147652 0.02052536637146325 0.014732821675755
2 0.4660771205243076 0.6596450293624162 0.02132009388547374 0.015023865155725768
3 0.6886008244472457 0.5922032298657718 0.01815646705085523 0.010567889117554614
2 0.5878538288249924 0.6590027265100672 0.02055593281430989 0.014903433370910192
2 0.22435769049373153 0.6609296350671141 0.021044995899854767 0.014341418375104808
2 0.7096305371256773 0.6583604236577182 0.02107556234270148 0.013849655253775192
3 0.9301979887064356 0.2093907298657718 0.01733117309399795 0.010477565278942957
3 0.8098884696623856 0.5915609270134229 0.017545138193923858 0.01068832090237
3 0.9321542410486152 0.96987730704698 0.017407589201114407 0.009739920596948271
2 0.8314072454263619 0.6567546665268457 0.02132009388547374 0.014180842662017691
3 0.9321542410486152 0.5905974727348994 0.01774382007242659 0.0103571334941275