3 0.19807054964569212 0.217901242659396 0.01780495295811973 0.010276845637583918
3 0.31886913177528703 0.21677721266778524 0.017468722086807546 0.010276845637583918
3 0.44162396624706163 0.5970205012583893 0.01788136906523604 0.010608033045826346
3 0.5614444222055668 0.21372627411912754 0.017407589201114407 0.010688320902369975
3 0.5629116114622015 0.5960570469798658 0.01794250195092918 0.010939220454068845
2 0.34112150216758086 0.6628565436241611 0.021686891199632564 0.01585685166736577
3 0.43991224544765445 0.21517145553691278 0.01774382007242659 0.010858932597525192
3 0.8045087757213913 0.21179936556208057 0.01727004020830496 0.009850316399695913
3 0.6846883197628864 0.5950935927013423 0.017545138193923858 0.010276845637583847
3 0.19941547313094063 0.5983051069630873 0.01720890732261182 0.010608033045826346
3 0.32058085257469426 0.5979839555369127 0.01754513819392393 0.010241719700346152
2 0.46265367892549314 0.6628565436241611 0.020922730128468566 0.01585685166736577
3 0.6827320674207067 0.21260224412751683 0.01675041067991351 0.010046018050020986
2 0.583941324140633 0.6622142407718121 0.021488209321129832 0.014853253460570386
2 0.2203229200379859 0.6634988464765101 0.021320093885473814 0.015615988097734809
3 0.806954091149116 0.5944512898489933 0.017606271079617142 0.009815190462458077
3 0.4433356870464689 0.9756580327181209 0.01794250195092918 0.010276845637583847
2 0.8274947407420026 0.6602873322147652 0.021243677778357284 0.014963649263317886
3 0.3222925733741015 0.9756580327181209 0.016949092558416097 0.010316989565855769
2 0.7057180324413179 0.6609296350671141 0.02107556234270148 0.015023865155725579
3 0.6856664459339761 0.9743734270134229 0.017468722086807692 0.010121287915530578
3 0.20161625701589275 0.9750157298657719 0.01754513819392393 0.010276845637583847
2 0.10141945736487754 0.2848613150167786 0.014641326123501 0.014793037568162788
3 0.9257964209365313 0.21115706270973156 0.01733117309399795 0.010477565278942932
3 0.807443154234661 0.9737311241610739 0.017545138193923858 0.009514111000419613
2 0.3396543129109461 0.2818103764681208 0.0213965099925902 0.015796635774958077
3 0.5643788007188363 0.9750157298657719 0.017667403965310132 0.010241719700345963
3 0.9282417363642559 0.972446518456376 0.0168115435656065 0.010086161978292693
3 0.9282417363642559 0.5934878355704699 0.017545138193923858 0.010477565278942886
2 0.2187334650099649 0.2830949821728188 0.021320093885473814 0.01555577220532721
2 0.703761780099138 0.2782777107802014 0.021488209321129832 0.015254692743288558
2 0.8250494253142779 0.27747483221476515 0.020831030799928933 0.015134260958473172
2 0.10300891239289853 0.664783452181208 0.014862932834138533 0.015314908635696345
2 0.5824741348839982 0.2794017407718121 0.021151978449817796 0.015134260958473172
2 0.46094195812608596 0.28116807361577184 0.020678198585696164 0.014451814177852308
0 0.0839965849423398 0.9075739303691277 0.009139366411120672 0.01000587412174923