2 0.10198072861007212 0.7145422149122806 0.02112602378606731 0.015404845120614064
3 0.8404647007747795 0.6426809210526315 0.01717887713314853 0.0101841976768092
3 0.9672847648944697 0.6420093201754385 0.01717887713314853 0.010299629077576734
3 0.7131332654288004 0.643688322368421 0.017722209061080806 0.010829564144736802
3 0.3319060162302965 0.6463747258771929 0.017370641343006955 0.010666910807291667
3 0.5868245725353993 0.6446957236842105 0.017306719939720813 0.010955489309210597
2 0.48071504308041674 0.7131990131578947 0.02182915922221487 0.014764725534539403
3 0.20598085175661235 0.6470463267543859 0.017370641343006955 0.010546232524671002
2 0.35389497896072664 0.7138706140350877 0.02149357185496259 0.014533862733004336
2 0.7351222281592306 0.7111842105263158 0.02117396483853188 0.01437645627741233
3 0.45872608034998663 0.645703125 0.017306719939720813 0.010546232524671002
2 0.6072794215869624 0.7125274122807017 0.021253866592639593 0.014261024876644797
2 0.22733060045418113 0.7138706140350877 0.020486809753205965 0.014156087239583334
2 0.09993524370491584 0.3191371984649123 0.02093425957620892 0.015404845120614064
2 0.8619422922789206 0.7105126096491228 0.02229258939603929 0.014712256716008862
3 0.8384192158696232 0.24375 0.016715446959323966 0.010462282415021965
2 0.22592432958188616 0.31829769736842106 0.02112602378606731 0.014932625753837764
3 0.7110877805236441 0.24458950109649125 0.017913973270939087 0.010913514254385935
2 0.3521051796687149 0.3167865953947368 0.021957002028787007 0.015404845120614064
3 0.9652392799893134 0.24291049890350877 0.016523682749465685 0.010624935752467101
2 0.605745307908095 0.31393229166666664 0.02064661326142132 0.014596825315241233
2 0.7330767432540742 0.31292489035087717 0.02112602378606731 0.014533862733004431
2 0.47892524378840495 0.3147717927631579 0.021749257468107155 0.015226451137609634
3 0.2040632096580283 0.2496265076754386 0.017306719939720813 0.011049933182565799
3 0.4571919666711194 0.2467722039473684 0.018345442743120506 0.011438202439692968
2 0.8598968073737643 0.31174958881578946 0.022212687641931576 0.014712256716008766
3 0.32986053132514026 0.24794750548245612 0.017450543097114666 0.010829564144736802
3 0.584267716403954 0.2455969024122807 0.018265540989012792 0.011175858347039498
0 0.08222901499465668 0.9402001096491227 0.00948433821258014 0.011091908237390272