2 0.22208205847242535 0.27926708156779656 0.02073409891083412 0.01534899695444911
3 0.2010855026133528 0.21276152012711863 0.017723563328099486 0.01087812003442797
2 0.466506670502452 0.27650953389830507 0.021706733483717596 0.015653138241525446
3 0.326447292007227 0.9785487288135593 0.01784707248021169 0.010584116790254257
3 0.6945045653015572 0.9778998940677966 0.01812496807246409 0.010188733117054956
3 0.8165316075884023 0.9766022245762711 0.017723563328099413 0.009838970636917186
2 0.34398559160715825 0.2776449947033898 0.021614101619633463 0.015896451271186437
3 0.4457571329476039 0.2100039724576271 0.01798602027633789 0.011091018935381338
3 0.44872135259829643 0.9785487288135593 0.01764637010802935 0.010381355932203557
3 0.20528481378516733 0.9778998940677966 0.018202161292534224 0.010503012447034053
3 0.32323605405231004 0.2109772245762712 0.017244965363664676 0.010634807004766931
3 0.5719834864062634 0.9785487288135593 0.01831023180063236 0.010381355932203557
3 0.5685252301471221 0.2088685116525424 0.01750742231190315 0.011263365664724556
3 0.6915403456508648 0.20773305084745763 0.017924265700281897 0.01091867220603812
2 0.7127839198141614 0.27440082097457624 0.021336206027380917 0.015054993710275445
2 0.589768804310419 0.27586069915254235 0.021011994503086596 0.014598781779660992
3 0.8140614245461585 0.20659759004237288 0.017306719939720813 0.010264768438824158
2 0.8353049987094554 0.2737519862288136 0.02161410161963361 0.01534899695444911
3 0.5705013765809172 0.5934653072033899 0.01764637010802935 0.010797015691207624
3 0.20306164904714788 0.5954118114406779 0.01750742231190315 0.011131571106991487
3 0.32496518218188075 0.5947629766949153 0.01784707248021169 0.010756463519597522
3 0.6935164920846596 0.5924920550847458 0.01812496807246409 0.010421908103813469
2 0.5912509141357652 0.6586731991525424 0.020332694166469517 0.01454809156514822
2 0.34571471973672885 0.6606197033898304 0.02088848535097432 0.01500430349576277
3 0.9395467230921448 0.9759533898305085 0.018063213496408097 0.009838970636917186
2 0.2240582049062204 0.6612685381355932 0.020965678571044456 0.014831956766419505
3 0.4477332793813989 0.5944385593220338 0.01806321349640795 0.010031593452065597
2 0.4684828169362471 0.6599708686440677 0.021907435855899934 0.015592309984110103
3 0.8160375709799536 0.5915188029661017 0.017121456211552543 0.010264768438824111
3 0.937076540049901 0.20611096398305084 0.017646370108029205 0.01087812003442797
2 0.7142660296395078 0.6583487817796609 0.02057971247069392 0.013889118776482974
2 0.8367871085348016 0.6570511122881355 0.021413399247451125 0.014487263307732973
3 0.9390526864836961 0.5908699682203389 0.01784707248021169 0.010188733117055145
0 0.0818374162490321 0.91171875 0.00881546573200764 0.010756463519597522