2 0.08272978528977198 0.3004511922909408 0.020102594840228475 0.015120343464176832
3 0.18612360379085258 0.23142489655923346 0.017285065799629504 0.011275128620426832
3 0.3100948815772064 0.22942413436411152 0.01747501157764745 0.010311219750381137
3 0.5618363527102722 0.22692318162020905 0.017285065799629577 0.011014612709603662
3 0.6879603493141623 0.22608953070557494 0.016762714910080405 0.010509211842606685
3 0.4369786612931681 0.22859048344947738 0.01741169631830811 0.010670731707317032
3 0.8140843459180523 0.22525587979094078 0.01625619283536598 0.010149699885670695
3 0.18738990897763863 0.6254083188153311 0.017554155651821533 0.010837461890243958
3 0.31237423091342126 0.6247413980836237 0.01720592172545542 0.01047273961509139
3 0.939701820447228 0.22442222887630664 0.01669939965074085 0.010113227658155494
2 0.08513576514466548 0.6934342334494774 0.020735747433621506 0.015901891196646336
3 0.4382449664799542 0.6244079377177701 0.017744101429839478 0.010592576934070053
3 0.6899864376130199 0.6224071755226481 0.017142606466116008 0.010712414253048716
3 0.8156039121421956 0.6217402547909407 0.016889345428758938 0.010227854658917674
3 0.5648754851585587 0.6237410169860628 0.01720592172545542 0.01047273961509139
2 0.2072709004101795 0.2989506206445993 0.0209731796561439 0.014495105278201189
2 0.8353582730560579 0.2932817944250871 0.021416386471518986 0.014891089462652473
2 0.3323818528646408 0.2971165886324042 0.02187542210172889 0.015360018102134158
3 0.9412213866713713 0.6207398736933798 0.01768078617050021 0.010550894388338368
2 0.5836168019229921 0.29544928680313587 0.021052323730317984 0.014891089462652473
2 0.45825258843117367 0.2964496679006969 0.02113146780449214 0.015005716463414653
2 0.7097407985268822 0.29444890570557497 0.020846549137465295 0.01506824028201218
2 0.20891709715300136 0.6934342334494774 0.021210611878666224 0.014828565644054947
2 0.8373843613549157 0.6894327090592335 0.02195456617590319 0.014609732278963368
2 0.5856428902218499 0.6921003919860628 0.021701305138545835 0.014609732278963368
2 0.7112603647510255 0.6907665505226481 0.021210611878666297 0.01495361328125
2 0.33415468012614125 0.6927673127177701 0.021748791583050354 0.015297494283536632
2 0.45977215465531696 0.6921003919860628 0.02187542210172889 0.015537168921493958