3 0.17677394967059076 0.22351063829787235 0.017158980451452623 0.010177304964538982
3 0.6890727940382331 0.21746453900709223 0.01683497137919853 0.011471631205673797
3 0.4324711091910573 0.21953900709219856 0.017037477049357447 0.01230496453900713
3 0.5609002052057458 0.2181382978723404 0.017104978939410178 0.011914893617021296
3 0.17832649314180798 0.622677304964539 0.016834971379198677 0.011790780141843886
3 0.30559455664758617 0.6223404255319149 0.01614645210065884 0.011524822695035368
3 0.6911383518738525 0.6199645390070923 0.01722648234150564 0.01125886524822704
3 0.9459174856895992 0.21524822695035464 0.018036505022140437 0.011471631205673797
3 0.43461766929474027 0.6213120567375887 0.01729398423155837 0.01187943262411352
3 0.8182714115995248 0.61927304964539 0.01683497137919853 0.010283687943262407
3 0.5624527486769629 0.6206382978723405 0.018252511070309927 0.011418439716312226
3 0.9479965439032293 0.6182624113475177 0.01683497137919853 0.01125886524822704
2 0.32575062101738855 0.29076241134751774 0.02127659574468091 0.015815602836879446
2 0.8389404903337293 0.28533687943262415 0.021479101414839823 0.015390070921985834
2 0.1983610541095151 0.29161347517730496 0.02111459120855379 0.01593971631205676
2 0.5826088130467653 0.2873758865248227 0.021425099902797236 0.014804964539007131
2 0.7112944162436549 0.2865248226950355 0.02273463656982374 0.015336879432624073
2 0.454436224214278 0.28991134751773046 0.021722108219030176 0.014982269503546112
2 0.20042661194513448 0.6925886524822695 0.02103358894049034 0.015567375886524815
2 0.32755967167080674 0.6918971631205674 0.022140619937358146 0.015939716312056665
2 0.7133599740792741 0.6898758865248227 0.022478129387622958 0.015691489361702223
2 0.0717950102602873 0.29347517730496453 0.020480073442056365 0.01569148936170213
2 0.4557322605032941 0.6912234042553191 0.02161410519494543 0.015514184397163148
2 0.5846743708823846 0.6908865248226951 0.022140619937358146 0.01563829787234056
2 0.8410060481693489 0.6891843971631205 0.021978615401231246 0.01563829787234056
2 0.07193001404039313 0.6932624113475176 0.020871584404363333 0.014308510638297965
3 0.30428501998055946 0.22124113475177307 0.017536991035749013 0.010691489361702035
3 0.8170428772005616 0.21698581560283686 0.017604492925801744 0.009113475177304906