2 0.7269830914420532 0.24311619718309857 0.02195788946879252 0.015633802816901438
3 0.19573085722456565 0.17892605633802813 0.018539536712661765 0.011091549295774664
2 0.854253056409523 0.24227112676056342 0.02257453349538859 0.01607394366197184
2 0.5997265317795095 0.2447887323943662 0.021461893186530284 0.01540492957746475
2 0.47142435833273755 0.24514084507042255 0.022319832701794447 0.016637323943661974
3 0.32286676914277535 0.17705985915492956 0.01805694573532572 0.011249999999999953
2 0.34415439336526776 0.24632042253521125 0.022118753127904487 0.017024647887323947
3 0.4498686280117251 0.17572183098591548 0.01882104811610771 0.01133802816901408
2 0.21740723528991204 0.24816901408450703 0.02140827196682639 0.015880281690140805
3 0.704917959533853 0.17352112676056336 0.018539536712661765 0.011302816901408476
3 0.8321879245013226 0.17234154929577464 0.018271430614141722 0.010792253521126772
0 0.07191946092800458 0.9047711267605633 0.009330092228497906 0.011514084507042147
2 0.7290341030957318 0.6426056338028169 0.022199184957460472 0.014419014084507088
3 0.577647994566383 0.17487676056338028 0.017788839636805533 0.011795774647887308
3 0.19764781582898405 0.5765492957746479 0.01832505183384576 0.011390845070422605
2 0.8563040680632015 0.6409154929577464 0.022494101665832603 0.01545774647887318
2 0.34595070422535207 0.6446302816901408 0.02164956745549434 0.015880281690140805
3 0.32414027311074567 0.5758802816901408 0.018405483663401744 0.010950704225352107
2 0.21971294773718453 0.6452992957746478 0.021703188675198378 0.015528169014084672
3 0.9599672910559806 0.17184859154929577 0.01847251018803168 0.01139084507042251
2 0.6007453349538856 0.6426056338028169 0.022038321298348502 0.015704225352112643
3 0.7069689711875312 0.5731866197183098 0.018767426896403816 0.010915492957746551
3 0.45166493887180953 0.5748767605633802 0.018405483663401744 0.010422535211267625
3 0.5791896046328734 0.5741901408450704 0.018405483663401744 0.01125
3 0.834238936155001 0.5718309859154929 0.01847251018803168 0.010827464788732376
2 0.47322066919282185 0.6439612676056338 0.022721991849574654 0.01619718309859157
3 0.9620183027096588 0.5711619718309859 0.01819099878458574 0.010669014084506899
3 0.20022163437477658 0.9748767605633802 0.018821048116107852 0.01091549295774674
3 0.32593658397083 0.9748767605633802 0.019223207263887918 0.01086267605633831
3 0.7085105812540216 0.9735211267605635 0.018767426896403816 0.01091549295774674
3 0.8352711446343032 0.9728521126760563 0.018325051833845904 0.010580985915493103
3 0.45295184814470574 0.9748767605633802 0.018968506470293776 0.010985915492957854
3 0.5807312146993636 0.9748767605633802 0.018968506470293776 0.010669014084506899
3 0.962527704296847 0.9721830985915493 0.018539536712661765 0.010211267605633718