3 0.20221518987341774 0.9762837837837839 0.01728104686965447 0.010506756756756962
3 0.32291310297639414 0.9762837837837839 0.016947485460143727 0.010726351351351013
2 0.2210100923708519 0.662668918918919 0.02084758809442352 0.015067567567567532
3 0.4447143345877523 0.9762837837837839 0.01781987683886419 0.010236486486486457
3 0.6885477249401302 0.975641891891892 0.017742901128977057 0.010185810810810759
3 0.5662589804994869 0.9762837837837839 0.018012316113581877 0.010270270270270127
2 0.3420672254533014 0.6620101351351353 0.02101436879917893 0.01518581081081076
3 0.8103489565514883 0.9743412162162162 0.01728104686965454 0.009763513513513544
2 0.4641122134793021 0.6620101351351353 0.02088607594936709 0.014949324324324303
2 0.5864009579199453 0.6613682432432433 0.021604515908313426 0.014324324324324305
2 0.7082021895313035 0.6600844594594595 0.02088607594936709 0.014493243243243227
3 0.20000855285665414 0.5980067567567567 0.016947485460143654 0.009847972972973101
2 0.8299905918576806 0.6594256756756757 0.021335100923708605 0.014442567567567531
3 0.321437735203558 0.597027027027027 0.017345193294560392 0.009358108108107974
3 0.44299521040027373 0.5967060810810811 0.0177429011289772 0.010152027027027088
3 0.6875726992815602 0.5947635135135136 0.017075778309955426 0.009847972972973101
3 0.5647836127266508 0.5954054054054054 0.01788402326377018 0.0104729729729731
3 0.8093739308929182 0.5938006756756757 0.017537632569278226 0.009577702702702594
3 0.9316626753335616 0.9736993243243243 0.01667807047553876 0.010118243243243417
2 0.10073554567225453 0.6639527027027028 0.01908997605200135 0.014543918918918925
3 0.9311623332192952 0.5931418918918919 0.01748631542935366 0.01003378378378386
0 0.0842242559014711 0.9096790540540541 0.009006158056790975 0.010388513513513544
2 0.8285152240848445 0.27386824324324327 0.020488368114950424 0.01478040540540538
1 0.9301873075607253 0.2069425675675676 0.01492045843311684 0.008361486486486457
1 0.7072143345877524 0.2707939189189189 0.018589633937735234 0.007770270270270317