2 0.4605437494622731 0.7064406779661017 0.02195216381312909 0.015474576271186417
2 0.3375290372537211 0.7064406779661017 0.021293986062118207 0.015237288135593304
2 0.7058375634517766 0.7044915254237287 0.021048782586251317 0.014711864406779492
2 0.2157532478706014 0.7070847457627119 0.02093263357136713 0.014711864406779492
3 0.19513034500559231 0.6412203389830509 0.016777079927729508 0.010966101694915362
3 0.9301342166394219 0.6366779661016949 0.017383635894347334 0.010338983050847522
2 0.5833132581949583 0.7057796610169492 0.02116493160113565 0.014881355932203254
3 0.4375720554073819 0.2561525423728813 0.017048094295792852 0.010881355932203386
3 0.8076099113826034 0.6376610169491526 0.016919039834810294 0.009881355932203443
2 0.33604491095242184 0.32377966101694916 0.02170696033726234 0.015050847457627109
2 0.09502279962144024 0.707728813559322 0.020764862772089818 0.015593220338983164
3 0.4395465886604146 0.6405762711864407 0.017125526972382357 0.010576271186440635
3 0.3167770799277295 0.6408983050847458 0.016660930912845248 0.010220338983050775
2 0.0928675901230319 0.3262203389830508 0.020261550374257916 0.015288135593220318
2 0.45881441968510706 0.32249152542372883 0.02146175686139545 0.01608474576271192
3 0.6831110728727523 0.25354237288135595 0.01730620321775797 0.010338983050847522
2 0.828361868708595 0.7038474576271185 0.02191344747483426 0.014949152542372985
2 0.21439817603028477 0.3249152542372881 0.020584186526714277 0.014491525423728812
2 0.7043534371504774 0.32005084745762713 0.02125526972382353 0.014881355932203348
2 0.5818291318936591 0.3215084745762712 0.021139120708939196 0.014881355932203348
3 0.9281596833863891 0.2522542372881356 0.017125526972382215 0.010796610169491506
3 0.19315581175255955 0.2587457627118644 0.016777079927729508 0.011084745762711918
3 0.6850856061257851 0.6386271186440677 0.017383635894347334 0.010508474576271283
2 0.8273681493590295 0.31940677966101694 0.021410135077002252 0.015
3 0.5625613008689667 0.6396101694915254 0.017048094295792852 0.011050847457627052
3 0.8061257850813043 0.25322033898305085 0.017383635894347334 0.010389830508474536
3 0.5605867676159338 0.2548474576271187 0.016415727436978427 0.011186440677966137
3 0.3153058590725286 0.257271186440678 0.016415727436978427 0.010305084745762656
0 0.07526456164501417 0.9121186440677964 0.009562935558805814 0.01071186440677972