3 0.17308841325585497 0.21172351371951217 0.018029020096866324 0.010754096798780494
2 0.19461560143121776 0.2799161585365854 0.02133724239734483 0.015537168921493863
3 0.29807273519163763 0.2100562118902439 0.017949876022692168 0.010712414253048811
2 0.3193466623296432 0.27808212652439024 0.022128683139086173 0.01646460556402436
2 0.5715946555374234 0.27641482469512196 0.021543016990197523 0.015005716463414653
2 0.6977186521413135 0.2750809832317073 0.02182793565722437 0.015297494283536632
2 0.44521739789617615 0.27674828506097565 0.022255313657764782 0.01615198647103663
3 0.6759382029285935 0.2065548780487805 0.018377254023232436 0.011275128620426832
3 0.42369020972081334 0.20872237042682926 0.018298109949058425 0.011275128620426832
3 0.8015556774577692 0.20555449695121952 0.01829810994905828 0.010754096798780494
3 0.5498142063247033 0.2077219893292683 0.018234794689719013 0.01153564453125
2 0.8228296045957748 0.2744140625 0.02220782721326026 0.01577684355945119
3 0.17473460999867688 0.6043730945121951 0.018298109949058353 0.010931247618140294
2 0.19638842869271822 0.6720655487804879 0.0216696475088762 0.014828565644054947
3 0.9276796740616593 0.20505430640243905 0.018377254023232436 0.011275128620426832
3 0.3000988234904953 0.6033727134146342 0.018234794689719086 0.010795779344512273
2 0.6987316962907424 0.6693978658536586 0.02097317965614383 0.014724359279725641
2 0.32111948959114367 0.6713986280487805 0.02113146780449214 0.01559969274009139
2 0.5726076996868522 0.6693978658536586 0.021368900027014467 0.015120343464176737
3 0.8030752436819125 0.6000381097560976 0.01809233535620559 0.010634259479801737
3 0.6774577691527368 0.6010384908536586 0.019232010024312976 0.010879144435975641
2 0.4472434861950338 0.6713986280487805 0.022556061139626372 0.01615198647103663
3 0.5518402946235611 0.6020388719512196 0.018171479430379747 0.01131681116615861
2 0.8248556928946325 0.6680640243902439 0.022128683139086103 0.015068240282012273
3 0.425716298019671 0.6030392530487805 0.01858302861608527 0.010347691977896338
3 0.929705762360517 0.5993711890243903 0.018029020096866324 0.010634259479801737
3 0.4240506329113924 0.995 0.017721518987341773 0.01
3 0.29873417721518986 0.995 0.020253164556962026 0.01
3 0.5518987341772152 0.995 0.020253164556962026 0.01
3 0.8012658227848102 0.995 0.017721518987341773 0.01
3 0.6772151898734177 0.995 0.017721518987341773 0.01
3 0.17468354430379746 0.995 0.020253164556962026 0.01
3 0.9278481012658227 0.9933333333333333 0.017721518987341773 0.013333333333333334