2 0.21784764899339007 0.27694379266211605 0.021024339682248233 0.015515011732081897
3 0.3226592538989934 0.9805087457337883 0.018000928002278888 0.010100068492694163
3 0.1966372532077591 0.2098209524317406 0.017659825146077245 0.010574705364761077
3 0.20085452488443425 0.9805087457337883 0.01806294670340648 0.01021745180514093
3 0.44223130967295976 0.20737121373720135 0.017582301769667807 0.010748228522290949
3 0.31943428144035946 0.20851442512798632 0.01738074099100312 0.010135793848656174
3 0.4452082073270834 0.9805087457337883 0.018000928002278888 0.010100068492694163
2 0.46331766805633556 0.2743307380546075 0.021303423837322286 0.015341488574552026
2 0.3400244902147146 0.27547394944539244 0.021303423837322286 0.015759985601535884
3 0.565772562319091 0.20606468643344708 0.017659825146077314 0.011258590750319968
3 0.5692456095822352 0.9805087457337883 0.01828001215735294 0.01053387638651884
3 0.6922907126193458 0.9792022184300341 0.01828001215735294 0.010707399544048712
3 0.6893138149652221 0.2047581591296928 0.01806294670340655 0.01078905750053328
2 0.7106482481531082 0.2723709470989761 0.0209778256564027 0.01493319879212881
3 0.814839666047436 0.9778956911262798 0.017799367223614342 0.010416493074072074
3 0.8123589180023328 0.20361494773890784 0.017458264367412626 0.010615534343003408
2 0.5871069955069771 0.2736774744027304 0.020822778903583687 0.014698432167235466
2 0.8336933511902189 0.27155436753412965 0.022047648250853383 0.015515011732081897
3 0.5677571607551734 0.5931234001706485 0.017721843847204835 0.010870715457017847
3 0.19862185164384152 0.5954098229522184 0.017318722289875597 0.010416493074072074
2 0.5885954443340389 0.6591030290102389 0.020977825656402556 0.01481071185740196
3 0.690802263792284 0.5921435046928327 0.01792340462586938 0.010748228522290902
3 0.4444639829135525 0.5941032956484641 0.018000928002278888 0.010135793848656174
2 0.21970821002721733 0.6617160836177474 0.020822778903583614 0.01452490900970569
2 0.3422571634553073 0.6610628199658702 0.020822778903583687 0.01498423501493183
3 0.9359001706484641 0.20312499999999997 0.017799367223614342 0.010993202391744887
2 0.7121366969801702 0.6584497653583616 0.020621218124918853 0.01431055687393344
2 0.46505419168790774 0.6604095563139931 0.02187709682275238 0.015219001639825175
3 0.8138473668293946 0.5911636092150171 0.017582301769667665 0.010748228522290902
2 0.8351818000172807 0.6577965017064845 0.021551498641832652 0.01452490900970569
3 0.9378847690845464 0.9772424274744026 0.017318722289875455 0.009599913509225644
3 0.9378847690845464 0.5905103455631399 0.017721843847204835 0.010334835117587508
3 0.3209227302674212 0.5950831911262798 0.017721843847204835 0.009906130846043007
0 0.07687914133040998 0.9138758532423208 0.009093492052830832 0.010707399544048712