2 0.09812578476889253 0.6882152288732394 0.021328704151064384 0.015522271814480557
2 0.6033434506148566 0.28737414722711263 0.020414616830304495 0.014311239752970929
2 0.47633342288821756 0.28821660431338025 0.021120228095452404 0.014585038306007903
3 0.3267438346768427 0.22098852882922534 0.01711107317983889 0.010783450704225383
3 0.4545236201472796 0.2196405974911972 0.017784611205662014 0.011130964252310775
2 0.7316364079144919 0.2860262158890845 0.02087967880051564 0.014427077602332758
3 0.2006318576513012 0.22250495158450703 0.017046926701189027 0.01117308710662409
3 0.7090568474297562 0.2172817176496479 0.017367659094438197 0.011130964252310775
3 0.4560631356348752 0.6194707306338028 0.01683845064557719 0.010704470352387717
3 0.32879652199363696 0.6201446963028169 0.017431805573087916 0.010746593206701125
3 0.2020430801815972 0.6208186619718309 0.017977050641611383 0.010541244291923324
3 0.5843560929345105 0.6187967649647887 0.01677430416692733 0.010951942121478927
3 0.5817902337885179 0.2184611575704225 0.01812138021857343 0.011130964252310775
3 0.8373498047293915 0.21660775198063376 0.01651771825232817 0.010456998583296694
3 0.7116227065757489 0.6177858164612675 0.017784611205661868 0.010746593206701125
2 0.34881022333238004 0.2902385013204225 0.02137681401005171 0.015343249683648802
3 0.9646164183706298 0.2152598206426056 0.01677430416692733 0.011088841397997366
3 0.8388893202169871 0.6164378851232394 0.01691863374388945 0.010499121437610105
2 0.8594161933849288 0.2853522502200704 0.021745656262288058 0.01470087615536973
2 0.22231336743493957 0.2917549240757042 0.0211683379544398 0.01470087615536973
3 0.9671822775166224 0.6164378851232394 0.017511988671400313 0.010541244291923324
2 0.2237245899652356 0.6882152288732394 0.02055894640726654 0.014479731170224379
2 0.6053961379316508 0.6868672975352113 0.021328704151064384 0.014258586185079214
2 0.4781295242904125 0.6875412632042253 0.02185791259992539 0.01476406043683975
2 0.3506063247345749 0.6875412632042253 0.021697546403300877 0.014427077602332665
2 0.09607309745209838 0.2925973811619718 0.02079949570220338 0.01558545609595067
2 0.7331759234020876 0.685519366197183 0.02120041119376466 0.014479731170224379
2 0.8609557088725244 0.684845400528169 0.02272389006169781 0.014985205421985105