3 0.19957817973832842 0.20065140845070423 0.01624722957031529 0.009383802816901389
3 0.5810797526274397 0.196056338028169 0.01710516908557938 0.011619718309859148
3 0.45355508686637586 0.19723591549295774 0.016716415242725362 0.012218309859154933
3 0.7109101308357761 0.5965669014084507 0.01710516908557938 0.011038732394366093
3 0.3275720311718024 0.5989260563380282 0.01620701365553737 0.011443661971831033
2 0.2210936941445628 0.26867957746478877 0.021274218917566295 0.015281690140845114
2 0.4746014156002002 0.26547535211267603 0.021006112819046182 0.014647887323943677
2 0.3475861514263245 0.2664964788732394 0.021166976478158295 0.015105633802816858
2 0.8571620075784656 0.2626056338028169 0.021126760563380302 0.01522887323943659
2 0.6026354829484522 0.2644718309859155 0.021864052334310345 0.015052816901408429
2 0.7298920426109958 0.26362676056338025 0.022721991849574654 0.01545774647887318
2 0.2230106527489812 0.6673239436619718 0.021274218917566295 0.01528169014084502
2 0.6046864946021305 0.6656514084507041 0.022078537213126494 0.015105633802817047
2 0.3493824622864088 0.6669894366197183 0.022118753127904487 0.015528169014084672
2 0.4766524272538786 0.6663204225352113 0.02140827196682639 0.014876760563380269
3 0.20309036962894117 0.9947183098591548 0.017426896403803533 0.01056338028169004
2 0.7324658611567884 0.6646302816901408 0.022319832701794735 0.015158450704225288
2 0.8592130192321441 0.6639612676056337 0.02198470007864461 0.01563380281690134
2 0.09555301351254736 0.27070422535211264 0.02036265818259813 0.01545774647887318
3 0.5844712947737184 0.9947183098591548 0.018767426896403816 0.01056338028169004
3 0.45712089797669264 0.9947183098591548 0.018767426896403816 0.01056338028169004
3 0.710481161078144 0.9947183098591548 0.018767426896403816 0.01056338028169004
3 0.3291002359333667 0.9947183098591548 0.01742689640380346 0.01056338028169004
3 0.8381800958032458 0.9938732394366195 0.017507328233359588 0.010070422535211492
3 0.9659594623579038 0.9925176056338026 0.01723922213483926 0.01061619718309847
2 0.09555301351254736 0.6683450704225351 0.02084524915993425 0.013450704225352108
3 0.3263521484235361 0.19899647887323943 0.01705154786587549 0.009841549295774665
3 0.7085642024737255 0.19508802816901408 0.017507328233359588 0.00927816901408453
3 0.8355928719525273 0.1943838028169014 0.017668191892471555 0.009348591549295786
3 0.9629700793594052 0.19378521126760562 0.017400085793951515 0.010017605633802825
3 0.45521734467720015 0.5987323943661971 0.01683706298705934 0.011690140845070307
3 0.582406877815114 0.5982042253521126 0.017306248659469486 0.010158450704225289
3 0.8375232358618716 0.5960739436619718 0.016555551583613107 0.01010563380281686
3 0.9650613069278614 0.595088028169014 0.016113176521055195 0.008820422535211302
3 0.20162919139200683 0.5996654929577464 0.016649388718095424 0.010598591549295785