3 0.30456852791878175 0.9982456140350877 0.018701576275714695 0.003508771929824661
2 0.19686226790008013 0.28012609649122805 0.021381709399211878 0.015467807702850868
3 0.1790008014961261 0.9982456140350877 0.018701576275714695 0.003508771929824661
3 0.6852791878172588 0.9982456140350877 0.018701576275714622 0.003508771929824661
3 0.5583756345177665 0.9982456140350877 0.018701576275714622 0.003508771929824661
3 0.17512899078279456 0.21246230811403508 0.018345442743120506 0.010708885862116234
3 0.43147208121827413 0.9982456140350877 0.018701576275714622 0.003508771929824661
2 0.5786008883248731 0.6756990131578947 0.02154151290742716 0.015173982319078997
2 0.32291527518033664 0.27827919407894736 0.021621414661534874 0.01632829632675443
2 0.19877990999866418 0.6777138157894737 0.022084844835359364 0.015352376302083333
3 0.8115148276783328 0.9982456140350877 0.017365749398877965 0.003508771929824661
3 0.30143768367619556 0.21061540570175438 0.018201619585726653 0.010871539199561369
2 0.45178082420518295 0.6763706140350877 0.022548275009183855 0.015887558251096532
2 0.4497353393000267 0.27693599232456134 0.02242043220261157 0.016139408580043833
3 0.4282577477958856 0.2092722039473684 0.01847328554969279 0.010955489309210502
2 0.7064436948971412 0.6743558114035088 0.022212687641931576 0.01464929413377187
2 0.3244493888592038 0.6770422149122807 0.02146161115331952 0.01553077028508767
3 0.6824092472615548 0.20692160087719297 0.018697010461194215 0.011175858347039451
3 0.5555891831418648 0.2084327028508772 0.01805779642833294 0.011574621367872785
2 0.7049095812182741 0.2749211896929824 0.021909060976322437 0.015404845120614064
3 0.809229311381245 0.20608209978070174 0.01812171783161908 0.010504257469846484
2 0.5770667746460059 0.2766001918859649 0.021301807645104164 0.0148276881167763
2 0.8317296453379641 0.27408168859649124 0.022851901674792993 0.015950520833333332
3 0.17691879007480632 0.6088747258771929 0.018409364146406648 0.011396227384868401
2 0.8332637590168314 0.6733484100877193 0.02242043220261157 0.01464929413377187
3 0.30297179735506274 0.6078673245614035 0.018201619585726723 0.011301783511513197
3 0.9365607467272241 0.20574629934210525 0.018201619585726796 0.010913514254385982
3 0.6844547321667113 0.6058525219298245 0.018697010461194215 0.011175858347039404
3 0.557123296820732 0.606859923245614 0.018345442743120506 0.011091908237390272
3 0.4300475470878974 0.6078673245614035 0.01805779642833294 0.010546232524671002
3 0.9384183809778252 0.9973684210526316 0.017365749398877965 0.005263157894736802
3 0.8112747962864012 0.6048451206140351 0.01847328554969279 0.010666910807291667
3 0.9386062316323803 0.6041735197368421 0.018553187303800504 0.010829564144736802