3 0.30447982066524176 0.23191474780701754 0.017306719939720813 0.010745614035087765
3 0.30652530557039803 0.6295024671052631 0.017578385903686877 0.010666910807291667
3 0.4320669416243655 0.23090734649122804 0.017850051867652945 0.011007958127741233
3 0.8130385052097248 0.22738144188596487 0.016459761346179397 0.010383579187225867
3 0.4336010553032327 0.6288308662280702 0.017514464500400808 0.010504257469846531
3 0.18060014109671385 0.6301740679824561 0.017051034326576245 0.010546232524671002
3 0.9424154254608602 0.6251370614035088 0.01658760415275168 0.010262900904605203
3 0.1788103418047021 0.23325794956140353 0.017114955729862387 0.011091908237390365
3 0.561443861875501 0.6281592653508772 0.017450543097114666 0.010708885862116138
3 0.688263925995191 0.6271518640350877 0.017242798536434813 0.010871539199561464
3 0.9403699405557039 0.22654194078947365 0.01698711292329025 0.010504257469846531
3 0.815083990114881 0.6258086622807018 0.017306719939720813 0.0101841976768092
3 0.5588870057440556 0.22939624451754384 0.017642307306972946 0.011175858347039498
3 0.6857070698637456 0.22822094298245613 0.017786130464366803 0.011091908237390365
2 0.7082074038204648 0.29689213267543857 0.020854357822101318 0.014313493695175433
2 0.20233341821399944 0.6983415570175439 0.020023379579381474 0.014156087239583334
2 0.07698354636989045 0.6990131578947368 0.021253866592639593 0.015352376302083333
2 0.45380021874165105 0.2997464364035088 0.0210461220319596 0.014932625753837764
2 0.5803645972481966 0.29873903508771926 0.020966220277852027 0.014156087239583334
2 0.3285142683008282 0.6976699561403509 0.02117396483853188 0.014712256716008862
2 0.3264687833956719 0.3009217379385965 0.021573473609070304 0.015226451137609634
2 0.8350274679401549 0.2958847313596491 0.021829159222214727 0.014596825315241233
2 0.709741517499332 0.6949835526315788 0.020806416769636748 0.014261024876644797
2 0.45559001803366284 0.6969983552631579 0.02187710027467944 0.015289413719846531
2 0.20041577611541544 0.30260074013157895 0.021253866592639593 0.0148276881167763
2 0.582921453379642 0.6956551535087718 0.021333768346747307 0.014208556058114065
2 0.8370729528453111 0.694311951754386 0.02203690378289472 0.01464929413377187
2 0.07474629725487576 0.3036081414473684 0.02109406308442426 0.016076445997807033