3 0.1784677810611741 0.209006968641115 0.01603669562916245 0.009285714285714258
3 0.555025801614255 0.20445993031358886 0.016883517840603383 0.011498257839721238
3 0.4291536188417942 0.20562717770034844 0.016499801526044217 0.012090592334494754
3 0.683173819079963 0.6007839721254357 0.016883517840603383 0.010923344947735246
3 0.3048030697305165 0.6031184668989548 0.015997000838001225 0.01132404181184673
2 0.19970449433246593 0.2763240418118467 0.020998544524324075 0.015121951219512179
2 0.4499272262162044 0.2731533101045296 0.02073391258324873 0.014494773519163763
2 0.32455784413178673 0.2741637630662021 0.020892691747893925 0.014947735191637624
2 0.8275305429365324 0.2703135888501742 0.020852996956732626 0.015069686411149802
2 0.576302209676708 0.2721602787456446 0.021580734794689662 0.014895470383275248
2 0.7019097605080934 0.2713240418118467 0.022427557006130593 0.015296167247386734
2 0.20159661271115425 0.6708013937282231 0.020998544524324075 0.015121951219512084
2 0.5783266440259339 0.6691463414634147 0.021792440347549968 0.014947735191637624
2 0.32633087813699113 0.6704703832752614 0.021832135138711267 0.015365853658536632
2 0.4519516605654303 0.6698083623693382 0.021130860494861712 0.014721254355400788
3 0.1810126582278481 0.9933333333333333 0.017721518987341773 0.013333333333333334
2 0.7044502271424161 0.6681358885017422 0.0220306090945179 0.015
2 0.8295549772857584 0.6674738675958188 0.021699819168173845 0.015470383275261384
2 0.07579058792396244 0.2783275261324042 0.020098795924668105 0.015296167247386734
3 0.5569620253164557 0.9933333333333333 0.020253164556962026 0.013333333333333334
3 0.4316455696202532 0.9933333333333333 0.017721518987341773 0.013333333333333334
3 0.6822784810126582 0.9933333333333333 0.017721518987341773 0.013333333333333334
3 0.3050632911392405 0.9933333333333333 0.017721518987341773 0.013333333333333334
3 0.8087946015084021 0.9939372822299651 0.017280465752216076 0.009965156794424956
3 0.9349181846248844 0.9925958188153311 0.017015833811140947 0.010505226480836048
2 0.07579058792396243 0.6718118466898956 0.020575133418603647 0.013310104529616638
3 0.3035989943986239 0.20736933797909407 0.01683059145238834 0.009738675958188168
3 0.6808582895955543 0.20350174216027875 0.017280465752216364 0.009181184668989555
3 0.8062409032770257 0.2028048780487805 0.01743924491686156 0.009250871080139358
3 0.9319675384818948 0.20221254355400697 0.01717461297578614 0.009912891986062723
3 0.430794336876461 0.6029268292682927 0.016618885899527966 0.011567944250871088
3 0.5563357297225775 0.602404181184669 0.01708199179640973 0.010052264808362375
3 0.8081462532527677 0.6002961672473869 0.01634102236139888 0.01
3 0.9340316676222821 0.5993205574912892 0.015904379658624887 0.008728222996515645
3 0.18049221541040003 0.6038501742160279 0.01643364354077536 0.010487804878048715