3 0.18119349005424953 0.21090592334494776 0.01681735985533453 0.01
3 0.6832929034534468 0.20496515679442512 0.01649980152604436 0.011271777003484307
3 0.4317999382525471 0.2070034843205575 0.016698275481850707 0.012090592334494754
3 0.5576721210250077 0.20562717770034844 0.016764433467119488 0.011707317073170742
3 0.18271512371543247 0.6031184668989548 0.016499801526044217 0.01158536585365842
3 0.3074493891412694 0.6027874564459931 0.01582499007630229 0.01132404181184673
3 0.685317337802673 0.600452961672474 0.016883517840603383 0.011062717770034852
3 0.9350240374013143 0.20278745644599305 0.017677413663829057 0.011271777003484307
3 0.43390376218409565 0.6017770034843206 0.016949675825872167 0.01167247386759584
3 0.8099192872579721 0.5997735191637631 0.01649980152604436 0.010104529616724752
3 0.5591937546861907 0.6011149825783973 0.017889119216689363 0.011219512195121979
3 0.9370617033475942 0.5987804878048781 0.01649980152604436 0.011062717770034852
2 0.3272041635425396 0.27698606271777004 0.020852996956732626 0.015540069686411187
2 0.8301768623472853 0.2716550522648084 0.021051470912539116 0.015121951219512179
2 0.2023508137432188 0.27782229965156796 0.020694217792087504 0.015662020905923366
2 0.5789485290874609 0.2736585365853659 0.020998544524324148 0.014547038327526138
2 0.7050721122039431 0.27282229965156796 0.02228200943853907 0.015069686411149802
2 0.45332774665902176 0.2761498257839721 0.021289639659506907 0.014721254355400693
2 0.20437524809244476 0.6718118466898956 0.02061482820976491 0.015296167247386734
2 0.328977197547744 0.6711324041811847 0.021699819168173557 0.015662020905923366
2 0.707096546553169 0.6691463414634147 0.0220306090945179 0.015418118466899007
2 0.07830459136417767 0.2796515679442509 0.020072332730560565 0.015418118466899007
2 0.4545979799761832 0.6704703832752614 0.021183786883076827 0.015243902439024359
2 0.5809729634366868 0.6701393728222997 0.021699819168173557 0.015365853658536632
3 0.18354430379746836 0.9933333333333333 0.017721518987341773 0.013333333333333334
2 0.8322012966965113 0.6684668989547039 0.021541040003528366 0.015365853658536632
3 0.6848101265822785 0.9933333333333333 0.017721518987341773 0.013333333333333334
3 0.4341772151898734 0.9933333333333333 0.017721518987341773 0.013333333333333334
3 0.5582278481012658 0.9933333333333333 0.017721518987341773 0.013333333333333334
3 0.8119437216071981 0.9945993031358885 0.0171481497816788 0.010156794425087127
3 0.30759493670886073 0.9933333333333333 0.017721518987341773 0.013333333333333334
3 0.9374851144533145 0.9925958188153311 0.01694967582587202 0.010261324041811879
2 0.07843690733471531 0.672473867595819 0.020456049045119752 0.014059233449477423
3 0.3061659242270542 0.20867595818815332 0.017187844572839953 0.010505226480836143
3 0.8087152119260796 0.20449477351916376 0.017254002558108737 0.008954703832752577