2 0.4656429522748953 0.6853371434563759 0.021488209321129832 0.01508408104813346
2 0.10141321931531702 0.30718133913590606 0.02017385227872789 0.014401634267512595
2 0.7089518373334924 0.6840525377516778 0.02052536637146339 0.014281202482697116
2 0.34411077551698294 0.6859794463087249 0.02087688046419875 0.014903433370910192
2 0.22343445915877425 0.686621749161074 0.02017385227872789 0.014512030070260001
3 0.2014266203092529 0.24118472105704702 0.01655172880141085 0.010241719700346057
2 0.5871751290328076 0.684694840604027 0.020831030799928933 0.014963649263317886
2 0.8302394825486323 0.6827679320469799 0.021243677778357284 0.014793037568162692
2 0.7069955849913128 0.3012400377516779 0.020555932814309744 0.014622425873007595
2 0.34264358626034824 0.30445155201342283 0.021365943549743704 0.015023865155725673
2 0.5857079397761729 0.3022034920302014 0.020831030799928933 0.014341418375104904
2 0.46393123147548804 0.3033275220218121 0.020831030799928933 0.015194476850880866
3 0.443146050339829 0.23829435822147654 0.015986249608749514 0.009965730193477308
2 0.22184500413075325 0.30605730914429535 0.020097436171611506 0.014622425873007595
3 0.3218584051246891 0.23973953963926178 0.01604738249444265 0.009890460327967693
2 0.8282832302064526 0.3005977348993289 0.020831030799928933 0.015084081048133366
3 0.5661454163543761 0.6191799496644296 0.01713249121549551 0.010316989565855769
3 0.44461323959646376 0.6201434039429531 0.016612861687103915 0.00985031639969596
2 0.10336947165749669 0.6872640520134229 0.02055593281430985 0.015375124528104038
3 0.5641891640121964 0.2368491768036913 0.01675041067991351 0.010728464830641826
3 0.3235701259240964 0.6201434039429531 0.015986249608749514 0.009549236937657307
3 0.6879221246550609 0.6182164953859061 0.01661286168710406 0.009624506803166923
3 0.807742580613566 0.23508284395973159 0.015986249608749514 0.009699776668676633
3 0.6859658723128812 0.23540399538590606 0.015802850951670246 0.009258193457686635
3 0.2026492780231152 0.6211068582214765 0.016368330144331512 0.01020157577207423
3 0.8092097698702008 0.6172530411073825 0.015741718065976965 0.008635962569473653
3 0.6884111877406058 0.9955694211409396 0.016872676451299785 0.007220889097892117
3 0.9300083519997957 0.6166107382550337 0.016246064372945238 0.009514111000419424
3 0.8092097698702008 0.9949271182885908 0.016872676451299785 0.007988641726090767
3 0.9285411627431609 0.23427996539429533 0.0168115435656065 0.009478985063181634
3 0.5676126056110109 0.9955694211409396 0.017331173093998096 0.006734143967596537
3 0.3252818467235036 0.9962117239932886 0.01720890732261182 0.006603676200713077
3 0.9314755412564304 0.9942848154362417 0.01661286168710406 0.008405134981910579
3 0.446324960395871 0.9955694211409396 0.01707135832980237 0.006402956559353848
3 0.20509459345083977 0.9962117239932886 0.017331173093998096 0.006503316380033463
0 0.08484620729248289 0.9075739303691277 0.009032383861157726 0.010086161978292693