3 0.19303581457640295 0.21682593856655288 0.01647297705966215 0.009795221843003408
3 0.6848533287251047 0.21100682593856654 0.016161921631312828 0.01104095563139931
3 0.43851039011534965 0.21300341296928327 0.016356331274031147 0.011843003412969276
3 0.5618049855272822 0.21165529010238907 0.016421134488270633 0.011467576791808891
3 0.19452628850390977 0.6010068259385665 0.01616192163131297 0.011348122866894149
3 0.3167062686309241 0.6006825938566552 0.015500928846070771 0.011092150170648551
3 0.6868363070808312 0.5983959044368601 0.016537780273901712 0.010836177474402764
3 0.9314295589061216 0.20887372013651878 0.0173154188447747 0.01104095563139931
3 0.4405711323281635 0.5996928327645051 0.01660258348814091 0.011433447098976141
3 0.8088866807793665 0.5977303754266211 0.016161921631312828 0.009897610921501609
3 0.563295459454789 0.5990443686006826 0.017522789130340773 0.01098976109215035
3 0.9334254979046961 0.5967576791808873 0.016161921631312828 0.010836177474402764
2 0.33605650840281676 0.2815529010238908 0.020425973128267084 0.01522184300341299
2 0.8287294249794788 0.2763310580204778 0.02062038277098555 0.014812286689419807
2 0.21375988249017153 0.2823720136518771 0.020270445414092533 0.015341296928327685
2 0.5826456992266816 0.2782935153583618 0.02056854019959396 0.014249146757679227
2 0.7061865468527239 0.2774744027303754 0.021825722555838725 0.014761092150170612
2 0.459597356028859 0.28073378839590435 0.020853674342247417 0.014419795221843022
2 0.21574286084589797 0.6682935153583618 0.020192681557005217 0.014982935153583602
2 0.3377932345444334 0.6676279863481228 0.02125545427053181 0.01534129692832759
2 0.7081695252084502 0.6656825938566552 0.021579470341729103 0.01510238907849839
2 0.09225385579124724 0.2841638225255973 0.019661295200241923 0.015102389078498295
2 0.460841577742256 0.6669795221843003 0.020749989199464237 0.014931740614334407
2 0.584628677582408 0.666655290102389 0.02125545427053181 0.015051194539249196
3 0.19675551907374603 0.985767918088737 0.017198773059143694 0.010255972696245787
2 0.8307124033352054 0.6650170648464163 0.02109992655635704 0.015051194539249196
3 0.6878213159372705 0.985221843003413 0.017794962630146478 0.010494880546075365
3 0.44247634682680254 0.986433447098976 0.017522789130340773 0.010494880546075365
3 0.5652784378105153 0.985767918088737 0.017717198773059092 0.01022184300341299
3 0.810869659135093 0.984470989761092 0.016796993130859375 0.009948805460750615
3 0.3186892469866505 0.985767918088737 0.016537780273901567 0.009829351535836016
3 0.9338402384758282 0.9825085324232081 0.016602583488141056 0.010051194539249384
2 0.09238346221972608 0.6689419795221843 0.020037153842830627 0.01377133105802064
3 0.31544908627467916 0.21464163822525598 0.016835875059402924 0.010290102389078489
3 0.8077072622802092 0.21054607508532422 0.016900678273642267 0.00877133105802045