3 0.5625665437064441 0.20398569915254236 0.016781806043244005 0.010634807004766931
3 0.4395514282027015 0.2051211599576271 0.016781806043244005 0.01054356461864406
3 0.6850876226017379 0.20268802966101693 0.016596542315075593 0.010715911347987278
2 0.09502264838574379 0.2755197298728813 0.020224623658371348 0.015896451271186437
3 0.8076087014970317 0.20203919491525424 0.01608706706261286 0.009915005958686435
2 0.33802690516648026 0.27243776483050847 0.020487080606609788 0.015054993710275445
3 0.19537383447689924 0.208203125 0.017044262991482408 0.010878120034427922
2 0.4607950023659984 0.2713023040254237 0.021212696875268933 0.015288168697033862
3 0.3172773676116321 0.20658103813559323 0.0164112785869074 0.010264768438824158
3 0.19920261819237717 0.9741525423728814 0.016781806043244005 0.009838970636917186
2 0.5833160812612923 0.2698424258474576 0.02014743043830125 0.015004303495762676
2 0.2162468811838596 0.2738976430084746 0.019607077897810375 0.014548091565148316
2 0.7063311967650349 0.2690313824152542 0.019607077897810517 0.014598781779660992
3 0.32048860556654907 0.974801377118644 0.016658296891131803 0.010462460275423762
3 0.8105729211477243 0.9722060381355933 0.01647303316296361 0.009646347821768965
2 0.8283582390518798 0.26838254766949154 0.02073409891083405 0.01465961003707624
3 0.6880518422524304 0.9735037076271186 0.016720051467187868 0.00991500595868653
3 0.5655307633571367 0.9741525423728814 0.016720051467187868 0.0102647684388243
3 0.44276266615761845 0.9741525423728814 0.01659654231507574 0.010031593452065788
1 0.9266715241331842 0.20187698622881353 0.009525643356652713 0.01054356461864406
1 0.9296357437838768 0.9709083686440677 0.01086108606386569 0.00991500595868653
0 0.07556995692807365 0.9151085805084744 0.009054764714225028 0.010188733117054956