2 0.10282551373581916 0.7213061031879195 0.01986818785026231 0.015254692743288653
2 0.46436539972490043 0.7200214974832215 0.021274244221203924 0.014682641765415193
2 0.3430777545097605 0.7206638003355705 0.02072404824996598 0.014341418375104808
2 0.5858975764828127 0.7200214974832215 0.02087688046419875 0.013749295433095578
3 0.20161625701589275 0.6557912122483223 0.016246064372945238 0.010527745189282693
2 0.22252370392293805 0.7213061031879195 0.020280834828690843 0.014281202482697116
2 0.7076742847834976 0.7187368917785235 0.020280834828690843 0.013960051056522692
3 0.322048041831329 0.6548277579697988 0.016429463030024648 0.01000587412174923
3 0.4435802185892414 0.6545066065436242 0.016811543565606647 0.010316989565855769
2 0.10031906542240146 0.3417051174496645 0.019822338185992494 0.014231022572357404
2 0.583941324140633 0.3372089974832215 0.01986818785026235 0.013960051056522692
3 0.686644572105066 0.6529008494127517 0.016490595915717787 0.010316989565855769
2 0.46265367892549314 0.338172451761745 0.020280834828690843 0.014512030070260095
2 0.34136603371035334 0.3391359060402685 0.020953296571315064 0.014281202482697116
3 0.9297089256208906 0.6509739408557048 0.016246064372945238 0.010161431843802499
3 0.200149067759258 0.27554792365771813 0.016689277794220372 0.01089907652579702
2 0.7057180324413179 0.336245543204698 0.02005158650734176 0.014281202482697116
2 0.22056745158075838 0.34074166317114096 0.019898754293108917 0.014070446859270096
3 0.8084212804057508 0.6519373951342282 0.016047382494442507 0.00958938086592904
2 0.8289619299986373 0.7180945889261746 0.02104499589985484 0.014180842662017691
3 0.5653569268899261 0.6541854551174497 0.016811543565606647 0.0103571334941275
3 0.3205808525746943 0.2737815908137584 0.016246064372945273 0.00966465073143875
3 0.4423575608753791 0.27297871224832215 0.016612861687103915 0.010567889117554519
3 0.5634006745477464 0.2713729551174497 0.01675041067991351 0.010648176974098172
3 0.6851773828484312 0.2702489251258389 0.016368330144331512 0.009739920596948367
2 0.8270056776564576 0.3352820889261745 0.02052536637146339 0.014281202482697116
3 0.9282417363642559 0.2688037437080537 0.015986249608749514 0.009589380865929134
3 0.806954091149116 0.2697671979865772 0.015565961019609428 0.009850316399695866
0 0.08326299031402243 0.9069316275167787 0.009177574464678873 0.010477565278943075