1 0.09423707058266996 0.27009598145019476 0.012668518520406501 0.014910819435704945
3 0.3183519835573535 0.9821855713202081 0.018265146850123953 0.010765487891338682
3 0.6900243051024403 0.980865664758818 0.01804658953738747 0.010322081780871935
3 0.5666330908260472 0.9821855713202081 0.018436870452988335 0.01068299373125181
3 0.19546032885292963 0.9815256180395131 0.01798414459089126 0.010641746651208374
2 0.586115914132846 0.6574885572182187 0.020762944709969925 0.014673648725455188
3 0.4417431978337465 0.9821855713202081 0.017984144590891333 0.010559252491121503
3 0.19183852195615292 0.20195580521842565 0.017843643461274948 0.011105776301697219
2 0.21282002397885944 0.2686110865686308 0.020997113259330517 0.015673890416508605
3 0.8139150789508024 0.9802057114781227 0.01812464572050764 0.010523161296083591
2 0.21469337237374395 0.659468417060304 0.02137178293830742 0.015199548996008996
2 0.4617255807125146 0.6581485104989138 0.021824508800404565 0.01585950227670416
3 0.31510484633955366 0.20063589865703546 0.017437751309049974 0.010765487891338825
2 0.7105062475531776 0.6568286039375236 0.021527895304547764 0.014230242614988061
2 0.3358365685762756 0.26679621504671924 0.021403005411555487 0.01598324351683447
2 0.3375850270781678 0.658808463779609 0.02127811551856321 0.015498590326323907
2 0.4599771222106224 0.26564129680550286 0.021855731273652635 0.01585950227670416
3 0.6875265072425942 0.1970061556132124 0.01812464572050764 0.011064529221653782
3 0.43899562018791594 0.19915100377547149 0.018327591796620094 0.010940787981523474
3 0.5631361738222628 0.1983260621746026 0.01784364346127502 0.011507935332120814
2 0.7090075688372699 0.26366143696341754 0.021527895304547764 0.01531297846612854
3 0.8109177215189872 0.19618121401234354 0.017500196255546257 0.010399420055953283
2 0.5846172354169384 0.26498134352480773 0.02107516944245076 0.014735519345520247
2 0.8343970214015397 0.6551787207357859 0.021855731273652493 0.01496237828575924
3 0.19321231077906822 0.5918232057890562 0.01798414459089126 0.011373882321979552
2 0.832398783113663 0.26283649536254866 0.022448958265366095 0.01531297846612854
3 0.9378058527991647 0.9788858049167326 0.01812464572050764 0.010203496425746772
3 0.9353080549393188 0.1956862490518222 0.01778119851477888 0.01089954090148004
3 0.3166035250554613 0.5911632525083611 0.01784364346127502 0.010858293821436603
3 0.4409938584757927 0.5905032992276661 0.018655427765724965 0.01044066713599672
3 0.5651344121101396 0.589843345946971 0.01804658953738747 0.01089954090148004
3 0.812915959806864 0.5878634861048857 0.01778119851477888 0.01089954090148004
3 0.6890251859585017 0.5888534160259283 0.01885837384183727 0.01119858223179495
3 0.9373062932271955 0.5872035328241905 0.01804658953738747 0.010559252491121692
1 0.09461174026164687 0.659468417060304 0.01560343100572555 0.015612019796443546