3 0.5507572468608068 0.6917077850877192 0.017642307306972946 0.010787589089912331
3 0.29430457687683675 0.2956311677631579 0.017450543097114597 0.010546232524671097
2 0.5701893534597916 0.36262335526315786 0.021253866592639593 0.014376456277412237
2 0.19177464600587762 0.7622258771929824 0.021094063084424238 0.014932625753837669
3 0.6775773109804969 0.6903645833333333 0.017642307306973092 0.011049933182565799
3 0.296350061781993 0.6930509868421052 0.017306719939720813 0.010666910807291667
2 0.4428579181138125 0.36329495614035084 0.021621414661534874 0.015467807702850868
3 0.17055274011488109 0.6937225877192982 0.01677936836261018 0.010787589089912331
2 0.6975207888057706 0.3612801535087719 0.02109406308442417 0.015058550918311368
2 0.3160378539941224 0.3643023574561403 0.02237249115014693 0.015226451137609634
3 0.5487117619556505 0.2931126644736842 0.01757838590368695 0.010955489309210502
3 0.16825156959658027 0.2974780701754386 0.017306719939720813 0.011301783511513197
3 0.4236814971279722 0.6923793859649122 0.017786130464366803 0.010105494449013198
3 0.4218916978359604 0.2947916666666667 0.01805779642833294 0.010913514254385935
2 0.18985700390729363 0.36598135964912276 0.021205925540175023 0.014880156935307032
3 0.6755318260753407 0.2917694627192982 0.017051034326576245 0.010582960697642535
2 0.4449034030189687 0.7615542763157894 0.02229258939603929 0.0155832391036184
2 0.3178276532861341 0.7622258771929824 0.021701316415642515 0.015352376302083333
3 0.9301946967672989 0.29009046052631576 0.017051034326576245 0.0103416041324013
2 0.06687222398477158 0.7628974780701754 0.02064661326142132 0.01613940858004393
3 0.9322401816724551 0.6890213815789473 0.017114955729862533 0.010582960697642535
2 0.699054902484638 0.7595394736842105 0.02146161115331959 0.014827688116776396
3 0.8033746326476088 0.29126576206140353 0.016411820293714827 0.009911359820449566
2 0.8263863378306171 0.7588678728070175 0.022004943081251577 0.014712256716008862
2 0.5722348383649478 0.7608826754385964 0.021381709399211878 0.015111019736842195
2 0.8243408529254608 0.36027275219298244 0.022164746589467006 0.014995588336074566
3 0.8043973751001869 0.6896929824561403 0.017450543097114524 0.01046228241502187
2 0.06444321065989848 0.3673245614035088 0.019607890458021644 0.015226451137609634