3 0.32596054651568834 0.9737311241610739 0.01794250195092918 0.010161431843802499
3 0.6900680137038804 0.973088821308725 0.01774382007242659 0.010241719700345963
3 0.2058955590144108 0.9737311241610739 0.017881369065236113 0.010241719700345963
3 0.4467591286452833 0.9737311241610739 0.01780495295811973 0.010201575772074421
3 0.5687803684887406 0.9737311241610739 0.01788136906523604 0.010086161978292693
2 0.2224014381515518 0.28261325503355705 0.020448950264346934 0.014682641765415288
3 0.20186078855866524 0.21741951552013422 0.017881369065236113 0.01027684563758387
3 0.8113556589190203 0.972446518456376 0.017468722086807692 0.01000587412174923
2 0.22460222203650396 0.6615719379194632 0.02087688046419875 0.014732821675755
2 0.5878538288249924 0.6602873322147652 0.02055593281430989 0.014622425873007501
3 0.32253710491687393 0.21581375838926178 0.017270040208304922 0.010276845637583918
2 0.7096305371256773 0.6590027265100672 0.020999146235585023 0.014231022572357309
2 0.3430777545097605 0.28084692218959734 0.020831030799928933 0.015736419882550288
2 0.4663216520670801 0.6602873322147652 0.02156462542824629 0.015254692743288653
3 0.4438247501320138 0.21468972839765102 0.01788136906523604 0.010567889117554519
2 0.34478947530916776 0.6609296350671141 0.0206323489214262 0.01519447685088096
2 0.46460993126767286 0.2798834679110738 0.021274244221203924 0.015676203990142596
3 0.6871336351906109 0.21195994127516782 0.017407589201114407 0.010688320902369952
2 0.7081633478690423 0.27795655935402686 0.020999146235585023 0.014903433370910192
3 0.5658459899754711 0.21340512269295303 0.01727004020830496 0.011149976077495793
2 0.5863866395683577 0.27892001363255037 0.020372534157230476 0.014853253460570481
3 0.8084212804057508 0.21147821413590606 0.01727004020830496 0.010086161978292789
3 0.20357250935807245 0.5957358955536913 0.01740758920111448 0.011069688220952117
2 0.8294509930841822 0.27699310507550334 0.020999146235585023 0.014963649263317981
2 0.8314072454263619 0.6577181208053692 0.02104499589985484 0.014231022572357309
3 0.9301979887064356 0.21083591128355705 0.017468722086807692 0.010567889117554519
3 0.32424882571628116 0.5950935927013423 0.01720890732261182 0.01068832090237
3 0.6890898875327907 0.5928455327181209 0.017667403965310132 0.010648176974098079
3 0.5673131792321058 0.5938089869966443 0.01713249121549551 0.010899076525796924
3 0.44602553401696593 0.5944512898489933 0.017606271079617142 0.010276845637583847
3 0.9326433041341602 0.9711619127516778 0.017468722086807692 0.009699776668676729
3 0.8103775327479305 0.5918820784395974 0.017407589201114407 0.010477565278942886
3 0.9321542410486152 0.5912397755872484 0.017667403965310132 0.010316989565855769