2 0.46436539972490043 0.6853371434563759 0.021488209321129832 0.01508408104813346
2 0.7076742847834976 0.6840525377516778 0.020678198585696018 0.014451814177852308
2 0.34283322296698804 0.6859794463087249 0.020922730128468566 0.014732821675755
2 0.10031906542240146 0.30718133913590606 0.019898754293108882 0.014180842662017596
3 0.20027133353064425 0.2408635696308725 0.016184931487252172 0.010121287915530578
2 0.2224014381515518 0.686621749161074 0.0204795167071935 0.014281202482697116
2 0.8289619299986373 0.6827679320469799 0.020922730128468566 0.014512030070260001
2 0.5858975764828127 0.684694840604027 0.0206323489214262 0.014732821675755
2 0.7057180324413179 0.30107946203859065 0.0206323489214262 0.014622425873007595
2 0.34136603371035334 0.30445155201342283 0.021488209321129832 0.015194476850880866
2 0.4628982104682656 0.3030063705956376 0.020678198585696164 0.015314908635696345
2 0.583941324140633 0.3022034920302014 0.020601782478579706 0.014231022572357404
3 0.4421130293326066 0.23829435822147654 0.01562709390530242 0.010241719700346057
3 0.3208253841174667 0.23957896392617453 0.016368330144331474 0.009930604256239518
2 0.22068971735214463 0.3058967334312081 0.020021020064495118 0.014682641765415288
2 0.8270056776564576 0.3002765834731544 0.020754614692812475 0.014732821675755
3 0.5653569268899261 0.6191799496644296 0.016811543565606647 0.010276845637583847
3 0.4435802185892414 0.6198222525167786 0.016689277794220372 0.010241719700346152
2 0.10227531776458115 0.686621749161074 0.020601782478579706 0.015555772205327117
3 0.3222925733741015 0.6201434039429531 0.015695868401707256 0.00936858926043423
3 0.6871336351906109 0.6178953439597317 0.016429463030024506 0.00973992059694846
3 0.806465028063571 0.23508284395973159 0.016047382494442507 0.00929331939492452
3 0.5634006745477464 0.2371703282298658 0.01675041067991351 0.010858932597525192
3 0.6846883197628864 0.23556457109899331 0.016184931487252245 0.009258193457686635
3 0.8079322173202059 0.616931889681208 0.015329071087548612 0.008736322390153078
3 0.20161625701589275 0.6207857067953021 0.016246064372945238 0.009815190462458077
3 0.9287307994498009 0.6159684354026846 0.015986249608749514 0.009223067520448845
3 0.6876226982761559 0.9955694211409396 0.017208907322611967 0.0070854033399749975
3 0.8084212804057508 0.9949271182885908 0.01675041067991351 0.00780799404886731
3 0.9277526732787109 0.23427996539429533 0.01592511672305652 0.009549236937657307
3 0.566335053061016 0.9955694211409396 0.017606271079617142 0.006503316380033463
3 0.9301979887064356 0.9942848154362417 0.01694909255841595 0.007928425833683073
3 0.3240042941735087 0.9962117239932886 0.017331173093998096 0.006428046514524037
3 0.2038170409008449 0.9962117239932886 0.01727004020830496 0.006453136469693845
3 0.44553647093142107 0.9962117239932886 0.017331173093998096 0.006257434819368655
0 0.08387431917095357 0.9069316275167787 0.00875728587553871 0.010648176974098079