1 0.10215318166267534 0.2829952755489865 0.014587830404202664 0.015125377758129256
2 0.22125004009151558 0.6643528293918919 0.021164248424403412 0.015236519478462848
3 0.19853569080354092 0.2163910736908784 0.017542230564969605 0.009881509316934114
3 0.20283300012829286 0.9786211993243245 0.0174808404317589 0.010507944467905568
3 0.32364878228703386 0.9786211993243245 0.01728132249882397 0.010427114125844432
2 0.3425569433159426 0.6637061866554055 0.021486546623759893 0.015479010504645316
3 0.6890428551573726 0.9779745565878378 0.017618968231483127 0.01059887860272397
3 0.4452012460443039 0.979267842060811 0.017818486164417988 0.010230090167071543
3 0.5672448308672597 0.9786211993243245 0.017818486164417988 0.01059887860272397
2 0.46435496760605544 0.6637061866554055 0.02091868789156053 0.015186000514674825
2 0.5868896734946972 0.663059543918919 0.0217014120899975 0.01449894260715799
3 0.32021093482723234 0.2149361275337838 0.017542230564969678 0.01007348137932856
2 0.7086876977848101 0.661766258445946 0.02148654662375975 0.01495361328125
3 0.8108408794474855 0.9766812711148649 0.017818486164417988 0.010033066208298275
3 0.8078941530533699 0.21057128906250003 0.017281322498824116 0.00991687259158572
3 0.4420089591173452 0.21331952069256757 0.01787987629762869 0.010720124115815017
3 0.686096128763257 0.21105627111486489 0.016820896499743408 0.009613758808857729
3 0.5638069834074582 0.21234955658783786 0.01740410276524552 0.010972718934755031
1 0.10362654485973316 0.6656461148648649 0.014035319205305973 0.01512537775812916
2 0.8304857220749231 0.6611196157094595 0.021609326890181444 0.015064755001583687
2 0.2196538966280363 0.28154032939189194 0.021333071290732992 0.015903369800464494
2 0.3408380195860417 0.2800853832347973 0.021486546623759893 0.015903369800464494
3 0.20050017506628465 0.5990419130067568 0.01728132249882397 0.010598878602723781
2 0.7067232135220665 0.27652884818412166 0.021870234956327006 0.015357764991554083
2 0.5849251892319536 0.27814545502533783 0.021747454689905455 0.015236519478462848
2 0.8285212378121793 0.27572054476351354 0.0214098089572463 0.015357764991554083
3 0.32192985855713313 0.5983952702702703 0.018018004097352845 0.009916872591585767
2 0.4628816044089976 0.27943874049831086 0.021164248424403485 0.01495361328125
3 0.44372788284724607 0.5980719489020271 0.018094741763866294 0.01054835963893576
3 0.6875694919603147 0.5961320206925677 0.017818486164417988 0.010270505338101733
3 0.9296921773434829 0.20943966427364866 0.017480840431758973 0.010310920509132208
3 0.8103497583817996 0.5954853779560811 0.018018004097352845 0.009613758808857635
3 0.565280346604516 0.5971019847972973 0.018202174496985097 0.01101313410578541
3 0.9321477826719125 0.9760346283783785 0.016621378566808547 0.010154311721389225
3 0.9321477826719125 0.5945154138513514 0.01787987629762869 0.010154311721389414
0 0.08422726276513856 0.9113703547297298 0.009285257648124804 0.010310920509132302