1 0.10160793705097503 0.6999662162162162 0.019013000342114252 0.011351351351351392
3 0.2002651385562778 0.637364864864865 0.01599811837153613 0.009695945945946012
3 0.32107851522408487 0.6364020270270271 0.01593397194663021 0.009425675675675696
3 0.44336725966472806 0.6364020270270271 0.01625470407115967 0.009729729729729684
3 0.5656560041053712 0.6354391891891893 0.016755046185425893 0.010185810810810759
3 0.6874572357167295 0.6341385135135137 0.016434314060896363 0.009662162162162152
3 0.8092584673280876 0.6328378378378379 0.016370167635990515 0.009577702702702594
1 0.22113838522066373 0.7010641891891892 0.019385049606568634 0.011858108108108164
3 0.31985973315087235 0.25456081081081083 0.01604943551146084 0.009662162162162247
3 0.9305593568251798 0.632195945945946 0.016370167635990515 0.009763513513513544
3 0.19867430721861107 0.2555236486486487 0.01593397194663021 0.009881756756756772
3 0.4416481354772494 0.2534290540540541 0.01586982552172429 0.00979729729729731
3 0.6854943551146084 0.2503547297297298 0.01551060554225105 0.009138513513513545
3 0.5636931235032502 0.2518074324324324 0.01580567909681844 0.01
1 0.8298879575778311 0.6971790540540542 0.02006500171057148 0.013158783783783672
3 0.8077830995552514 0.2497128378378379 0.015459288402326198 0.00917229729729731
1 0.7085742387957578 0.6984797297297298 0.020283099555251306 0.012229729729729683
1 0.46350923708518654 0.7004222972972973 0.020809100239479954 0.01331081081081076
1 0.34245210400273696 0.7010641891891892 0.01953900102634283 0.012601351351351393
3 0.9285964762230585 0.24890202702702705 0.01551060554225105 0.009881756756756772
1 0.5857979815258297 0.6997804054054054 0.020565343824837413 0.013158783783783672
2 0.82792507697571 0.3150168918918919 0.020809100239479954 0.01478040540540538
2 0.2190472117687308 0.32052364864864863 0.019615976736229963 0.014493243243243227
2 0.34023263770099216 0.3187331081081081 0.021245295928840186 0.01478040540540538
2 0.7061238453643517 0.3159966216216216 0.019988026000684056 0.014611486486486455
2 0.09909339719466302 0.32165540540540544 0.018936024632227155 0.014442567567567626
2 0.5843226137529935 0.3167905405405405 0.020334416695176157 0.01417229729729731
2 0.4622776257269928 0.31760135135135137 0.020539685254875133 0.015118243243243228