3 0.43240192601484073 0.6253973599137931 0.01710625477411613 0.0107666015625
3 0.5572211916193802 0.624407327586207 0.016902608883948043 0.010642847521551743
3 0.1843925619271061 0.6263873922413794 0.016965269157845894 0.010900668440193991
3 0.8048545940637277 0.2305394665948276 0.01613502052869915 0.010163300612877133
3 0.3080839426014841 0.6257273706896552 0.016589307514458786 0.010818165746228488
3 0.18251275371017026 0.23647966056034486 0.01683994861005019 0.010818165746228488
2 0.2056970550523789 0.6943696120689656 0.02063089518087077 0.014623602505387983
3 0.6800353284591881 0.23119948814655175 0.016589307514458643 0.010642847521551743
3 0.6815391750327369 0.6234172952586208 0.017372560938181927 0.010941919787176744
3 0.43089807944129205 0.2338395743534483 0.017294235595809684 0.010684098868534496
3 0.9286712952859014 0.22987944504310345 0.016714628062254346 0.010323149582435368
3 0.5552160628546486 0.23235452586206898 0.017372560938182072 0.011065673828125
2 0.5767711970755128 0.30017174030172417 0.020709220523243154 0.014396720096982752
3 0.9311777062418158 0.6220972521551725 0.016965269157846036 0.010122049265894474
2 0.45195193147097346 0.3008317618534483 0.0205212397015496 0.014737043709590504
3 0.8058571584460935 0.6224272629310345 0.01716891504801384 0.010524249898976261
2 0.08275759766477521 0.6943696120689656 0.020756215728666507 0.0155517578125
2 0.3276339480576168 0.3018217941810345 0.021320158193747277 0.015376439587823256
2 0.5782750436490616 0.6923895474137931 0.020991191755783487 0.01396358095366376
2 0.7015904626800524 0.29918170797413796 0.020317593811381512 0.014283278892780136
2 0.32913779463116544 0.6937095905172415 0.02124183285137489 0.014798920730064728
2 0.4534557780445221 0.6930495689655173 0.021602129426287607 0.01502580313846977
2 0.20394256738323877 0.3034718480603449 0.02067789038629423 0.015025803138469863
3 0.3065800960279354 0.23515961745689656 0.016135020528699293 0.010204551959859885
2 0.7030943092536012 0.6910695043103449 0.020286263674432443 0.01359231883081899
2 0.8259084460934091 0.29819167564655175 0.020756215728666472 0.014737043709590504
2 0.08075246890004364 0.30528690732758623 0.019706656140877354 0.01485048491379312
2 0.8279135748581405 0.6904094827586207 0.021774445179506628 0.014231714709051744