2 0.48303335239865586 0.33095070422535205 0.021984700078644465 0.016126760563380364
2 0.355763387431186 0.332306338028169 0.022721991849574654 0.015950704225352108
2 0.1052182383641953 0.7309507042253521 0.021461893186530318 0.016320422535211303
3 0.3342210624150997 0.26322183098591545 0.017788839636805533 0.011091549295774711
2 0.8656073496818474 0.3280809859154929 0.02198470007864461 0.015757042253521075
2 0.7378279831271894 0.3287676056338028 0.02195788946879252 0.01533450704225345
3 0.4614776220776435 0.2620422535211267 0.017574354757989526 0.011091549295774711
3 0.7157628512189892 0.25917253521126765 0.017842460856509423 0.010827464788732376
2 0.4848296632587402 0.7295950704225352 0.022319832701794447 0.015757042253521262
3 0.46301923214413376 0.661531690140845 0.018123972259955656 0.011390845070422605
3 0.207339851290484 0.2645598591549296 0.017426896403803533 0.01144366197183094
2 0.3575596982912705 0.730281690140845 0.02237345392149863 0.015880281690140805
3 0.33549456638306996 0.661531690140845 0.017306248659469486 0.01061619718309847
3 0.9702893758490025 0.25783450704225347 0.017641381282619755 0.01133802816901408
3 0.7178138628726675 0.6591725352112676 0.018056945735325573 0.010827464788732376
2 0.2290162293558304 0.3334859154929577 0.02164956745549434 0.015281690140845114
2 0.6105580181597197 0.3299471830985915 0.021461893186530284 0.015633802816901438
2 0.6126090298133982 0.7289260563380281 0.02174340458997637 0.015528169014084672
2 0.7398789947808677 0.7282570422535211 0.021703188675198378 0.01528169014084502
2 0.23081254021591477 0.7316197183098591 0.021488703796382302 0.015158450704225288
2 0.10335490097948094 0.335 0.020805033245156222 0.015880281690140805
3 0.20886805605204833 0.6625352112676055 0.0175743547579896 0.011443661971831033
3 0.8435422177736469 0.2590140845070422 0.017708407807249547 0.011038732394366188
2 0.8671489597483377 0.7269014084507042 0.02245388575105461 0.01540492957746475
3 0.8450838278401371 0.6578169014084506 0.017306248659469628 0.010369718309859196
3 0.9718309859154929 0.6571478873239436 0.017788839636805533 0.010704225352112833
3 0.5884928862515192 0.26035211267605635 0.01683706298705934 0.012746478873239464
3 0.5910532994923858 0.661531690140845 0.018405483663401744 0.013345070422535249
0 0.08500303853578321 0.9452640845070421 0.009665224851647959 0.011179577464788508