2 0.2203229200379859 0.6622142407718121 0.021320093885473814 0.015615988097734809
1 0.10172512179334312 0.28502189072986583 0.014526701962826422 0.014853253460570481
3 0.3222925733741015 0.9756580327181209 0.01727004020830496 0.010316989565855769
3 0.20198305433005148 0.9756580327181209 0.01754513819392393 0.010477565278943075
3 0.19807054964569212 0.21806181837248323 0.017468722086807546 0.010437421350671154
2 0.34112150216758086 0.6615719379194632 0.02124367777835743 0.01591706755977346
3 0.6856664459339761 0.9750157298657719 0.017606271079617142 0.01000587412174923
2 0.7057180324413179 0.6596450293624162 0.02132009388547374 0.014853253460570386
2 0.5844303872261779 0.6609296350671141 0.0213965099925902 0.014512030070260001
3 0.4435802185892414 0.9756580327181209 0.01794250195092918 0.010276845637583847
3 0.3186246002325146 0.21677721266778524 0.017331173093998023 0.010477565278942957
3 0.5643788007188363 0.9756580327181209 0.017606271079617142 0.01035713349412769
2 0.46265367892549314 0.6615719379194632 0.02132009388547374 0.015555772205327117
3 0.43991224544765445 0.21517145553691278 0.01794250195092918 0.010608033045826346
3 0.8045087757213913 0.21179936556208057 0.017071358329802225 0.010005874121749182
2 0.8270056776564576 0.6590027265100672 0.02156462542824629 0.015254692743288653
3 0.5609553591200218 0.21356569840604028 0.017468722086807546 0.0109793643823406
3 0.6827320674207067 0.2126022441275168 0.01661286168710406 0.009965730193477356
1 0.1037425070212159 0.6634988464765101 0.013816032166643974 0.01519447685088096
3 0.807443154234661 0.9737311241610739 0.01774382007242659 0.009438841134909807
2 0.21848893346719248 0.28357670931208057 0.021121412006971155 0.01555577220532721
3 0.1996600046737131 0.5976628041107382 0.01720890732261182 0.010648176974098079
2 0.3396543129109461 0.2819709521812081 0.021518775763976473 0.015796635774958077
2 0.703761780099138 0.2782777107802014 0.021442359656860015 0.015495556312919424
2 0.5824741348839982 0.2794017407718121 0.021610475092516106 0.015495556312919424
2 0.8250494253142779 0.27747483221476515 0.020922730128468566 0.015375124528104038
3 0.32058085257469426 0.5970205012583893 0.017331173093998023 0.009965730193477308
3 0.44162396624706163 0.5960570469798658 0.018018918058045636 0.010527745189282693
2 0.46094195812608596 0.28116807361577184 0.021121412006971155 0.015023865155725673
3 0.806465028063571 0.5934878355704699 0.017606271079617142 0.00969977666867654
3 0.6851773828484312 0.5944512898489933 0.017545138193923858 0.010397277422399421
3 0.9257964209365313 0.2106753355704698 0.01774382007242659 0.01043742135067113
3 0.5629116114622015 0.5950935927013423 0.018187033493701727 0.011069688220952117
3 0.9282417363642559 0.972446518456376 0.01694909255841595 0.010201575772074421
3 0.9282417363642559 0.5925243812919464 0.01774382007242659 0.010161431843802499
0 0.08387431917095357 0.9075739303691277 0.009101158357562478 0.010808752687185385