3 0.19506017144068902 0.24085937769368684 0.016906969263832727 0.011023282141610347
2 0.09389935811692547 0.31015447216667236 0.020138495245008468 0.01484894881563979
3 0.3183264958240898 0.2392094944919491 0.016782079370840378 0.010817046741393168
3 0.5663578233067988 0.23706464632969 0.01717236028644139 0.01089954090148004
3 0.6907481567271304 0.2359097280884736 0.0166571894778481 0.010559252491121598
3 0.8146389305754925 0.23524977480777848 0.01607957372275882 0.01044066713599672
3 0.4427168292444212 0.23871452953142777 0.01717236028644139 0.01154918241216425
3 0.19680862994258122 0.6317167081853601 0.017234805232937526 0.010363328860915181
2 0.09571026156531383 0.6980420128952176 0.020684888526849788 0.015137678375943842
3 0.939029263995824 0.23442483320690963 0.016204463615751098 0.010600499571165033
3 0.31982517453999737 0.6310567549046651 0.016969414210328795 0.010162249345703527
3 0.44421550796032877 0.6303968016239698 0.0166571894778481 0.010363328860915181
3 0.6927463950150071 0.6287469184222321 0.017172360286441243 0.010682993731252
3 0.8166371688633693 0.6274270118608419 0.016594744531351964 0.009966325715497016
2 0.21641634314237243 0.30883456560528216 0.0204819424507373 0.01450866040528135
3 0.5688556211666448 0.6297368483432748 0.01671963442434424 0.010817046741393168
2 0.8361199921701682 0.30289498607902626 0.02107516944245076 0.014343672085107605
2 0.3398075574187655 0.3073496707237182 0.02104394696920269 0.01484894881563979
2 0.5878388849014745 0.30470985760093783 0.020060439061888223 0.01450866040528135
2 0.46369833126712773 0.30553479920180665 0.020638054816977648 0.01450866040528135
2 0.7122292183218061 0.3035549393597214 0.020403886267616984 0.014343672085107605
2 0.21779013196528774 0.6980420128952176 0.019716991856159462 0.013962136594705727
3 0.9410275022837008 0.6267670585801468 0.01671963442434424 0.009115604689601054
2 0.34130623613467304 0.6973820596145226 0.020919057076210414 0.01445710155522696
2 0.5893375636173821 0.6960621530531323 0.02071611100009782 0.013962136594705727
2 0.8376186708860758 0.694082293211047 0.0219493986933967 0.014570531025346597
2 0.7137278970377137 0.6954021997724372 0.02063805481697779 0.014230242614988061
2 0.4654467897690199 0.6967221063338275 0.021527895304547764 0.014508660405281443