2 0.34521727782852674 0.7202703168637726 0.021075296881117048 0.015205323587215169
2 0.5937491843925355 0.7189428679791744 0.020892600809082534 0.014963969244560877
2 0.2220801252773065 0.7209254215081198 0.020762103614772313 0.015015688032272512
2 0.46911131410674667 0.7195979726235217 0.021701683413806665 0.015257042374926802
2 0.7181391100091347 0.7182877633348274 0.02112749575884134 0.014791573285522289
2 0.09762495106355214 0.3317243043823052 0.019639827743703517 0.015498396717580997
3 0.32398538431423723 0.6529496948591524 0.016716690591152234 0.010326517946419436
3 0.6961633824872765 0.6506395890080336 0.01723867936839356 0.01044719511774639
3 0.4481273652616468 0.6529496948591524 0.0168471877854626 0.010723028652208437
2 0.09981730392796553 0.7209254215081198 0.02091870024794468 0.016360376512774607
2 0.8415372569489755 0.7169603144502292 0.021323241550306456 0.015136365203599657
2 0.3434686154247683 0.3287418542909354 0.021127495758841194 0.015015688032272512
3 0.20060028709382746 0.6539323518256731 0.017108182174083265 0.010757507844016193
2 0.5917525773195875 0.32675930076199006 0.020892600809082534 0.014791573285522195
2 0.2202009656792379 0.3302244595386684 0.020488059506720613 0.015205323587215073
3 0.8200574187654964 0.6496569320415129 0.016390447605376317 0.010050684411957389
2 0.46736265170298835 0.327586801365376 0.0209708991256689 0.015257042374926802
2 0.7161425029361868 0.3254490914732958 0.02089260080908268 0.014963969244560877
3 0.9439384053242854 0.6486570354790883 0.016716690591152092 0.010154121987380657
3 0.6941667754143286 0.2588008137089266 0.01696463526034193 0.010274799158707708
3 0.9419417982513374 0.25730096886528975 0.016599243116272904 0.010481674309554146
2 0.8400365392144069 0.32446643450677515 0.021284092392013492 0.015136365203599561
3 0.8190525903693069 0.2576457607833672 0.01696463526034193 0.010360997138227097
3 0.19885162469006915 0.26374857773333793 0.016651441993997124 0.010636830672689048
3 0.44637870285788855 0.26126607592318035 0.016273000130497275 0.010447195117746486
0 0.08033407281743443 0.9307830224459537 0.00893905781025707 0.010395476330034757
3 0.32223672191047886 0.26242112884873975 0.016390447605376463 0.010516153501361997
3 0.5702727391361085 0.25961107471640865 0.015659663317238694 0.011550529255594195
3 0.5733524729218321 0.6523807881943247 0.015503066684066256 0.010602351480881293