2 0.21404238051069402 0.6770339439655172 0.021852770521879086 0.016046773976293026
1 0.0924814491488433 0.28943628771551727 0.014889647584979283 0.015262998383620736
3 0.31820165866433875 0.996551724137931 0.018332605848974243 0.006896551724137983
3 0.19445656918376256 0.996551724137931 0.017023134002618928 0.006896551724137983
3 0.19123404081187256 0.22062904094827587 0.017905173266313808 0.010725350215517248
2 0.33785908173286777 0.6763739224137931 0.02177444517950677 0.01635615907866376
3 0.690091663029245 0.996551724137931 0.018332605848974386 0.006896551724137983
2 0.711564955259712 0.6743938577586207 0.021852770521879013 0.015262998383620736
2 0.5872469718463553 0.675713900862069 0.021931095864251397 0.014912361934267248
3 0.4426014840680926 0.996551724137931 0.018332605848974243 0.006896551724137983
3 0.31480010093845484 0.2193089978448276 0.01776418765004364 0.0107666015625
3 0.5656918376254911 0.996551724137931 0.018332605848974243 0.006896551724137983
2 0.46242770624181584 0.6763739224137931 0.021852770521879155 0.015984896955818992
3 0.43911808435181143 0.21765894396551724 0.018390790389022225 0.010900668440193991
3 0.8128239578786557 0.21419383081896556 0.01749788148597763 0.010281898235452615
2 0.8358829386730686 0.6737338362068966 0.02210341161747042 0.015675511853448256
3 0.5631854266695766 0.21600889008620694 0.017905173266313808 0.011282243399784496
3 0.6880046922741161 0.2150188577586207 0.017027929431743888 0.010240646888469863
1 0.09454923818747274 0.6783539870689655 0.014161221900916617 0.015613634832974222
3 0.8139240506329114 0.995 0.017721518987341773 0.01
2 0.2121625722937582 0.28795123922413796 0.021649124631711068 0.015984896955818992
3 0.19286320793321696 0.6107017780172413 0.01763886710224794 0.010941919787176744
2 0.3363552351593191 0.2863011853448276 0.0220564164120471 0.016232405037715503
2 0.7095598264949804 0.2825060614224138 0.021978091069674716 0.015923019935344864
2 0.5852418430816237 0.2836610991379311 0.02215040682289388 0.015923019935344864
2 0.833877809908337 0.2816810344827586 0.021445478741543123 0.01579926589439651
3 0.3168052297031864 0.6100417564655173 0.017764187650043714 0.010240646888469769
3 0.4408725720209516 0.6090517241379311 0.018469115731394613 0.010818165746228488
2 0.46067321857267574 0.28547615840517243 0.021649124631711068 0.015438316608297385
3 0.8148290866433873 0.6064116379310345 0.018046158882584044 0.009967356714709013
3 0.6905111032300306 0.6074016702586207 0.017983498608686192 0.010684098868534496
3 0.9371419412920122 0.21303879310344825 0.018187144498854283 0.010725350215517248
3 0.5651905554343082 0.6080616918103449 0.018641431484613776 0.011375058930495735
3 0.9379746835443038 0.9933333333333333 0.017721518987341773 0.013333333333333334
3 0.9396483522479268 0.6054216056034484 0.018187144498854283 0.010441747205010756
0 0.07418464917066783 0.929162176724138 0.009328548276544084 0.011106925175107942