3 0.32571601497291597 0.972446518456376 0.01804948450089213 0.010316989565855769
3 0.20149399124450654 0.21517145553691278 0.017331173093998023 0.010728464830641802
3 0.2054064959288659 0.972446518456376 0.01760627107961707 0.010648176974098079
3 0.6900680137038804 0.9711619127516778 0.017804952958119583 0.010086161978292693
2 0.22411315895095904 0.6602873322147652 0.02087688046419875 0.015023865155725768
2 0.22215690660877938 0.2795623164848994 0.02055593281430989 0.015084081048133366
3 0.4465145971025109 0.972446518456376 0.01780495295811973 0.01000587412174923
2 0.5878538288249924 0.6590027265100672 0.0206323489214262 0.014401634267512502
3 0.5687803684887406 0.971804215604027 0.018156467050855087 0.010276845637583847
3 0.8108665958334753 0.96987730704698 0.017407589201114407 0.010121287915530578
2 0.4660771205243076 0.6590027265100672 0.021518775763976473 0.015375124528104038
3 0.3222925733741015 0.21372627411912754 0.017468722086807546 0.010567889117554519
2 0.34283322296698804 0.2781171350671141 0.021197828114087613 0.015495556312919424
2 0.7096305371256773 0.6577181208053692 0.020953296571315207 0.013849655253775192
2 0.34454494376639533 0.6596450293624162 0.020953296571315064 0.015134260958473079
3 0.4435802185892414 0.21244166841442955 0.018187033493701727 0.01072846483064178
2 0.46412086818212794 0.27699310507550334 0.021365943549743704 0.015254692743288558
3 0.6871336351906109 0.2103541841442953 0.017667403965310132 0.010608033045826323
2 0.7081633478690423 0.2750661965184564 0.020831030799928933 0.014562209980599808
3 0.5653569268899261 0.21147821413590606 0.017667403965310132 0.011109832149224013
2 0.5863866395683577 0.2766719536493289 0.02104499589985484 0.014281202482697116
3 0.8079322173202059 0.2093907298657718 0.01733117309399795 0.01020157577207423
3 0.20320571204391374 0.5947724412751679 0.01760627107961707 0.011069688220952117
2 0.8309181823408169 0.6564335151006713 0.021442359656860015 0.014622425873007501
2 0.8289619299986373 0.27426331795302017 0.021809156971018838 0.015023865155725673
3 0.9297089256208906 0.20874842701342283 0.01733117309399795 0.010808752687185385
3 0.3240042941735087 0.5941301384228188 0.01766740396531017 0.01072846483064173
3 0.6886008244472457 0.5918820784395974 0.01788136906523604 0.010808752687185385
3 0.8098884696623856 0.5909186241610739 0.017606271079617142 0.010608033045826346
3 0.5673131792321058 0.5928455327181209 0.01774382007242659 0.010808752687185385
3 0.44553647093142107 0.5934878355704699 0.01829401604366468 0.010276845637583847
3 0.9321542410486152 0.9692350041946309 0.017468722086807692 0.009403715197671924
3 0.9316651779630702 0.5902763213087249 0.01733117309399795 0.0103571334941275