3 0.32596054651568834 0.973088821308725 0.01794250195092918 0.010397277422399232
3 0.20577329324302457 0.973088821308725 0.017667403965310205 0.010397277422399232
2 0.2224014381515518 0.28116807361577184 0.02067819858569609 0.014451814177852308
2 0.22435769049373153 0.6609296350671141 0.02055593281430989 0.014512030070260001
3 0.6900680137038804 0.972446518456376 0.01788136906523604 0.010477565278943075
3 0.4467591286452833 0.973088821308725 0.017545138193924004 0.01035713349412769
3 0.5687803684887406 0.973088821308725 0.01794250195092918 0.01035713349412769
3 0.20186078855866524 0.21645606124161076 0.01760627107961707 0.010046018050020962
2 0.5878538288249924 0.6590027265100672 0.02052536637146325 0.014622425873007501
3 0.8108665958334753 0.9711619127516778 0.01733117309399795 0.01004601805002115
2 0.4663216520670801 0.6596450293624162 0.02156462542824629 0.015254692743288653
2 0.3430777545097605 0.2795623164848994 0.02087688046419875 0.01543534042051173
2 0.710119600211222 0.6577181208053692 0.021197828114087467 0.013960051056522692
2 0.34478947530916776 0.6596450293624162 0.020800464357082292 0.014963649263317886
3 0.32253710491687393 0.21485030411073827 0.01754513819392393 0.010086161978292789
3 0.4438247501320138 0.2132445469798658 0.01788136906523604 0.010477565278942932
2 0.46460993126767286 0.2782777107802014 0.02132009388547374 0.015495556312919424
3 0.6871336351906109 0.21115706270973156 0.017545138193923858 0.01072846483064178
2 0.7081633478690423 0.2763508022231544 0.021274244221203924 0.014903433370910192
3 0.5653569268899261 0.2126022441275168 0.017468722086807546 0.010939220454068798
2 0.5863866395683577 0.27795655935402686 0.02087688046419875 0.014341418375104904
3 0.8084212804057508 0.2103541841442953 0.017071358329802225 0.010086161978292764
3 0.20345024358668623 0.5947724412751679 0.017331173093998096 0.010979364382340578
2 0.8314072454263619 0.6564335151006713 0.02132009388547374 0.014622425873007501
2 0.8294509930841822 0.27554792365771813 0.021610475092516106 0.014963649263317981
3 0.32424882571628116 0.5938089869966443 0.017331173093998096 0.010567889117554614
3 0.9301979887064356 0.21003303271812082 0.01733117309399795 0.010567889117554519
3 0.6890898875327907 0.5915609270134229 0.01815646705085523 0.01072846483064173
3 0.44578100247419344 0.5931666841442954 0.017606271079617142 0.010086161978292693
3 0.5673131792321058 0.5922032298657718 0.017545138193924004 0.010768608758913653
3 0.8103775327479305 0.5902763213087249 0.017804952958119583 0.0103571334941275
3 0.9326433041341602 0.96987730704698 0.017468722086807692 0.00947898506318173
3 0.9316651779630702 0.5896340184563759 0.017545138193923858 0.010437421350671154