3 0.19922154464620315 0.2131879194630873 0.01623769291043506 0.009630872483221491
3 0.684014410792764 0.20746644295302016 0.01593108029843645 0.010855704697986586
3 0.44118999761523525 0.20942953020134228 0.016122713180935572 0.011644295302013413
3 0.5627235716962492 0.20810402684563759 0.016186590808435136 0.011275167785234904
3 0.20069073007869725 0.5909228187919463 0.015931080298436304 0.011157718120805384
3 0.32112560896671555 0.5906040268456377 0.015279528497938939 0.010906040268456346
3 0.6859690661942562 0.5883557046979866 0.016301570537934695 0.010654362416107498
3 0.9270687834292918 0.20536912751677855 0.017068102067931475 0.010855704697986586
3 0.44322130616972716 0.5896308724832215 0.016365448165434403 0.01124161073825519
3 0.8062761898272749 0.5877013422818792 0.01593108029843645 0.009731543624160963
3 0.5641927571287433 0.5889932885906042 0.017272510475930886 0.010805369127516921
3 0.9290362143562839 0.586744966442953 0.01593108029843645 0.010654362416107498
2 0.34019946853813926 0.2768288590604027 0.020134228187919465 0.014966442953020192
2 0.8258355193676967 0.27169463087248324 0.020325861070418876 0.014563758389261732
2 0.21964960992062144 0.2776342281879195 0.01998092188192005 0.015083892617449711
2 0.583266616700167 0.27362416107382553 0.02027475896841888 0.014010067114094037
2 0.70504292576568 0.27281879194630876 0.0215139849419139 0.014513422818791923
2 0.46197577760365216 0.2760234899328859 0.020555820529417852 0.01417785234899327
2 0.2216042653221136 0.6570805369127517 0.019904268728920343 0.014731543624160964
2 0.34191138895513234 0.6564261744966444 0.0209518618199161 0.015083892617449616
2 0.706997581167172 0.6545134228187919 0.02127124995741507 0.014848993288590578
2 0.0998790583586005 0.27939597315436243 0.019380472183422467 0.014848993288590672
2 0.46320222805164724 0.6557885906040269 0.020453616325418148 0.014681208053691346
2 0.5852212721016592 0.6554697986577183 0.0209518618199161 0.01479865771812096
3 0.20288812046468846 0.9692281879194631 0.01695312233843213 0.010083892617449616
2 0.827790174769189 0.6538590604026846 0.02079855551391683 0.01479865771812096
3 0.6869400061322525 0.9686912751677854 0.017540796511429715 0.010318791946308845
3 0.4450993084182196 0.9698825503355706 0.017272510475930886 0.010318791946308845
3 0.5661474125302355 0.9692281879194631 0.017464143358430155 0.010050335570469996
3 0.8082308452287672 0.9679530201342282 0.016557081047933814 0.00978187919463077
3 0.3230802643682077 0.9692281879194631 0.01630157053793484 0.009664429530201156
3 0.9294450311722824 0.966023489932886 0.016365448165434403 0.009882550335570764
2 0.10000681361359998 0.6577181208053692 0.019750962422921004 0.013540268456375959
3 0.3198863829932205 0.21104026845637586 0.016595407624433595 0.010117449664429519
3 0.8051136170067796 0.20701342281879198 0.01665928525193323 0.00862416107382548