2 0.4631271029572102 0.7120791153169014 0.022547487245410905 0.015827662508252727
2 0.08094238316159649 0.31528182768485913 0.02116833795443984 0.015111573984925145
2 0.7184300879834846 0.7107311839788731 0.021537180206676367 0.014985205421985105
2 0.3356039034013727 0.7127530809859154 0.021906022458912714 0.01563810966384248
2 0.20897875454663256 0.7134270466549295 0.0211683379544398 0.015227411834286879
3 0.1858860222326982 0.24603185519366197 0.017367659094438125 0.010746593206701125
2 0.5906503025130478 0.7114051496478873 0.02185791259992539 0.0157012939453125
2 0.8456967016247229 0.709383252640845 0.022290901330811744 0.015522271814480557
2 0.7163774006666904 0.3090476452464788 0.021569253446001153 0.015343249683648802
2 0.33406438791377707 0.31241747359154926 0.022419194288111323 0.015764478226782615
2 0.5891107870254522 0.31005859375 0.02185791259992539 0.015048389703455125
2 0.46133100155501533 0.3112380336707746 0.02185791259992539 0.01594350035761446
3 0.4395211988140773 0.24299900968309857 0.01677430416692733 0.010456998583296694
2 0.2073109461017373 0.3141023877640845 0.021088154856127545 0.015343249683648802
3 0.31225458517283905 0.24451543243838028 0.01683845064557712 0.010378018231459028
2 0.8436440143079287 0.30837367957746475 0.02185791259992539 0.015827662508252634
3 0.5685839138575105 0.6426606514084506 0.017977050641611456 0.010825573558538698
3 0.44106071430167293 0.6436715999119718 0.017431805573087916 0.010335895377145713
2 0.08299507047839064 0.7141010123239436 0.021569253446001187 0.01613305320202471
3 0.5665312265407163 0.2414825869278169 0.01757613515005003 0.01125733281525091
3 0.31405068657503393 0.6436715999119718 0.01677430416692733 0.010019973969795426
3 0.6963636993279474 0.6416497029049295 0.017431805573088058 0.010098954321632997
3 0.82209079748159 0.23962918133802816 0.01677430416692733 0.010177934673470475
3 0.6943110120111532 0.2399661641725352 0.016581864730977742 0.009714583276023347
3 0.18716895180569457 0.6446825484154929 0.017175219658488682 0.010704470352387717
3 0.8236303129691857 0.6406387544014084 0.01651771825232817 0.009061679034165876
3 0.9503837547812254 0.6399647887323944 0.017046926701189173 0.009983116472271073
3 0.9488442392936297 0.23878672425176053 0.01764028162869975 0.009946258974746911
0 0.06355868744749589 0.9452712367957745 0.009477642220510568 0.010583367146236923