0 0.08325809968316697 0.9062919463087248 0.009032296528463869 0.010436241610738459
3 0.9282441317752872 0.2535570469798658 0.015803325043436744 0.010201342281879135
2 0.22252410315810994 0.7046140939597316 0.020479167376418073 0.0143959731543625
2 0.7076746840186693 0.702030201342282 0.02027475896841888 0.014127516778523462
2 0.34307396177562777 0.7039597315436242 0.020555820529417852 0.01479865771812096
2 0.8289655231151841 0.700755033557047 0.02083688209041654 0.014228187919463077
2 0.4646075358566416 0.7033221476510069 0.021245698906415072 0.014966442953020001
2 0.5863838449221546 0.7026845637583893 0.020760228937416976 0.014848993288590578
2 0.10337955234558649 0.7046140939597316 0.019865942152420563 0.015671140939597306
2 0.34160477634313363 0.3238758389261745 0.021399005212414342 0.014731543624161058
2 0.46313835042414747 0.3224328859060403 0.020721902360917123 0.015016778523489904
2 0.5844291895206623 0.3216275167785235 0.020376963172418584 0.014278523489932885
2 0.2210549177256158 0.325 0.02017255476441932 0.014228187919463077
2 0.7062054985861753 0.32018456375838933 0.02083688209041654 0.01417785234899327
3 0.9292150717132832 0.6342785234899329 0.016557081047933814 0.009546979865771922
3 0.8064678227097742 0.25402684563758393 0.01570112083943704 0.009664429530201347
2 0.8274963376826902 0.31969798657718124 0.02079855551391683 0.014446308724832211
2 0.10160375430109359 0.3269295302013423 0.019750962422921004 0.014731543624161058
3 0.3222881817872109 0.6384563758389262 0.01655708104793374 0.010083892617449616
3 0.3210745068647158 0.2586912751677853 0.01593108029843634 0.010318791946308655
3 0.5663390454127347 0.63748322147651 0.016365448165434403 0.010654362416107498
3 0.6871316390147516 0.636526845637584 0.01642932579293411 0.010721476510067116
3 0.20015415800769937 0.2601342281879195 0.016608183149933595 0.011023489932885867
3 0.6851769836132595 0.25483221476510065 0.016250468435934987 0.010167785234899328
3 0.44406449085272376 0.6381208053691276 0.016186590808435136 0.01043624161073827
3 0.8084224781112663 0.6355536912751679 0.016186590808435278 0.009848993288590577
3 0.5634006745477464 0.2561241610738255 0.016812591557932646 0.011107382550335576
0 0.09603362518311588 0.6047315436241611 0.008457397880966175 0.009630872483221538
3 0.4423525704357306 0.25724832214765103 0.01668483630293323 0.01115771812080529
3 0.2019810581541921 0.6387751677852349 0.016429325792934327 0.010771812080536923
0 0.03264146765236944 0.984010067114094 0.007243722958471026 0.009295302013422694