3 0.19400681121439872 0.20686848958333337 0.01776135923490245 0.010394838121202241
3 0.3185571598101266 0.2055392795138889 0.01796641933264106 0.010114457872178803
3 0.6966248846255275 0.5963270399305556 0.017966419332640992 0.010675218370225632
3 0.4455051341640296 0.5983208550347223 0.01837653952811836 0.011059443155924479
3 0.5689197652953587 0.20288085937500003 0.017619394551852536 0.01084136962890625
3 0.44348608089398733 0.2040439181857639 0.01837653952811836 0.010716756184895834
3 0.5704340552478904 0.5969916449652778 0.018849755138284498 0.011184056599934896
3 0.1955211011669304 0.5996500651041666 0.018029514747329906 0.011017905341254276
2 0.3415238907568566 0.6667751736111112 0.02205184743374209 0.016729354858398438
3 0.8197871340981012 0.2007208930121528 0.017556299137163767 0.010114457872178803
3 0.3203238314214135 0.5989854600694445 0.018108384015690978 0.010633680555555618
2 0.5926436412183546 0.6654459635416666 0.02213071670210316 0.015722062852647507
2 0.46720995681698313 0.666110568576389 0.021799465774986863 0.01698896620008687
2 0.7178249439609705 0.6647813585069445 0.021799465774986718 0.015368991427951452
3 0.6941010680379747 0.20155164930555558 0.017146178941686543 0.010192341274685313
3 0.8218061873681435 0.5956624348958334 0.01831344411342959 0.010114457872178757
2 0.21709973299050633 0.6674397786458335 0.021752144213970176 0.015784369574652714
3 0.697129647943038 0.989108615451389 0.018376539528118505 0.01063368055555543
2 0.8430062467035866 0.6634521484375 0.022430419921875 0.0156597561306423
3 0.3220905030327004 0.9911024305555556 0.01776135923490245 0.010758293999565845
3 0.44727180577531644 0.9911024305555556 0.01845540879647943 0.01063368055555543
3 0.571948345200422 0.9904378255208334 0.01837653952811836 0.01055579715304892
3 0.1979187269251055 0.9904378255208334 0.018108384015690905 0.01084136962890625
3 0.8228157140031646 0.9884440104166666 0.018376539528118505 0.00980811648898642
3 0.9449684368407174 0.1995578342013889 0.017887550064280063 0.010597334967719169
2 0.09444224683544304 0.2756551106770833 0.0149930479154305 0.01519245571560333
2 0.3397572191455696 0.2724982367621528 0.022083395141086547 0.01615820990668406
3 0.9469874901107594 0.59466552734375 0.017887550064280063 0.010436375935872396
2 0.21520687054984178 0.2739935980902778 0.021625953384592563 0.015908983018663225
3 0.94749225342827 0.9877794053819445 0.017556299137163767 0.010275416904025482
2 0.7158058906909284 0.2686767578125 0.022351550653514074 0.015659756130642393
2 0.5906245879483123 0.2700059678819445 0.02187833504334779 0.01578436957465281
2 0.8409871934335443 0.2680121527777778 0.021294702457476267 0.015607833862304688
2 0.465190903546941 0.2713351779513889 0.021673274945609177 0.015659756130642393
2 0.09652439552017406 0.6687689887152778 0.014204355231820292 0.015607833862304688
0 0.07601838574630802 0.9199896918402779 0.00947219913015888 0.011672125922309155