3 0.19866643723651378 0.2113220338983051 0.017641744816312522 0.010152542372881329
3 0.3208164845564828 0.21018644067796605 0.01717714875677541 0.01027118644067798
3 0.5673492213714187 0.593 0.018338638905618154 0.011016949152542376
3 0.4448249161146004 0.5939661016949151 0.01806762453755481 0.010508474576271283
3 0.5658650950701196 0.20710169491525424 0.017783704723393235 0.010881355932203433
3 0.44309558633743434 0.20840677966101698 0.01784823195388466 0.010711864406779672
2 0.3430525681837735 0.6604745762711864 0.02173277122945894 0.015949152542372835
3 0.6908543405317044 0.5923389830508475 0.0177191774929021 0.01027118644067779
2 0.46606728039232553 0.6598305084745762 0.021216553385528702 0.015525423728813431
3 0.20015056353781296 0.595593220338983 0.017306203217757898 0.01054237288135596
2 0.5890819926008775 0.6591694915254237 0.02170696033726234 0.014949152542372985
3 0.8114041125354899 0.20515254237288136 0.017448163124838757 0.009881355932203396
3 0.3225458143336488 0.5949491525423728 0.017719177492901958 0.010152542372881422
3 0.8138690527402564 0.5913728813559322 0.017925664630474313 0.009576271186440598
2 0.22103157532478707 0.6611186440677966 0.021332702400413035 0.015593220338983164
3 0.691344747483438 0.9751525423728814 0.0177191774929021 0.0101864406779661
3 0.3242751441108147 0.975813559322034 0.017383635894347476 0.010508474576271283
3 0.6888798072786716 0.20613559322033898 0.016660930912845463 0.010033898305084771
2 0.7116062978576959 0.6578813559322033 0.0215391895379851 0.014830508474576239
3 0.5688333476727179 0.975813559322034 0.017925664630474025 0.010389830508474916
3 0.2026284091886776 0.975813559322034 0.01771917749290203 0.010508474576271283
3 0.4465542458917663 0.9764576271186441 0.01826120622902865 0.010305084745762466
3 0.93391551234621 0.20433898305084747 0.01751269035532989 0.010305084745762704
1 0.10134646820958444 0.27815254237288134 0.01440247784565086 0.01494915254237289
2 0.8341306031145143 0.6572372881355932 0.021655338552869142 0.01516949152542376
3 0.8143594596919899 0.973864406779661 0.01751269035532989 0.00991525423728793
2 0.34181364535834124 0.27506779661016945 0.02141013507700254 0.015779661016949168
3 0.9363933579970748 0.5907288135593219 0.0177191774929021 0.010067796610169542
2 0.7096317646046632 0.27166101694915257 0.02200378559752214 0.01511864406779665
2 0.5866170523961112 0.27294915254237284 0.0215391895379851 0.015406779661016874
2 0.2196635980383722 0.27652542372881356 0.021332702400413035 0.015711864406779626
2 0.4643379506151596 0.2744237288135593 0.02116493160113565 0.014881355932203348
0 0.08331756001032435 0.9083220338983049 0.009343542975135503 0.01071186440677972
3 0.9363933579970748 0.9732203389830509 0.016919039834810294 0.0101864406779661
2 0.8321431644153832 0.2710169491525424 0.021087498924546 0.015288135593220318
1 0.10350167770799276 0.6617796610169491 0.013641056525853913 0.015050847457627015