2 0.22309174408783786 0.27871951541385137 0.020534999558993343 0.015186000514674825
3 0.20234187906260695 0.21292361697635137 0.0174808404317589 0.01063929377375421
3 0.9360767511974001 0.9724055109797298 0.01714319469909967 0.009320748818887144
2 0.34427586704584334 0.2772645692567568 0.021287028690824893 0.015600256017736456
3 0.32364878228703386 0.21146867081925677 0.018018004097352845 0.010598878602723781
2 0.4663194518687992 0.27613294446790543 0.021363766357338342 0.015357764991554083
2 0.7111433031132398 0.27419301625844594 0.021087510757890032 0.014660603291279604
3 0.4454468065771468 0.21001372466216217 0.017618968231483127 0.010548359638935807
2 0.5888541577574411 0.2758096230996622 0.020611737225506722 0.014498942607157896
3 0.6900250972887445 0.20823545713682434 0.01795661396414214 0.01088178479993663
3 0.5677359519329457 0.20920542124155408 0.017204584832310518 0.011093964447846267
3 0.8113320005131714 0.20710383234797297 0.01768035836469383 0.01027050533810178
2 0.8324502063376668 0.27338471283783783 0.021532589223667995 0.014660603291279604
3 0.2040608027925077 0.5947661528716217 0.017618968231483057 0.01084136962890625
2 0.22505622835058162 0.6613703547297298 0.020642432292112146 0.014610084327491488
3 0.8142787269072871 0.9730521537162163 0.01768035836469383 0.010113896550359035
3 0.20627084758809444 0.9749920819256757 0.01768035836469383 0.010154311721389225
3 0.3256132665497776 0.5941195101351352 0.01787987629762869 0.010679708944784542
3 0.9336211458689704 0.20678051097972974 0.017542230564969678 0.010760539286845443
2 0.34599479077574413 0.6607237119932433 0.020841950225047076 0.015004132245038023
3 0.44741129083989056 0.5934728673986487 0.018125436830471648 0.010073481379328465
3 0.6929718236828601 0.9743454391891893 0.017818486164417988 0.010154311721389225
3 0.5711737993927473 0.9749920819256757 0.017818486164417988 0.009997702933646527
2 0.46803837559870004 0.6600770692567568 0.021240986090916937 0.015236519478462848
3 0.8132964847759152 0.5905629750844594 0.018156131897077 0.010598878602723781
3 0.5697004361956894 0.592502903293919 0.017741748497904535 0.01088178479993663
2 0.8344146906004106 0.6571671769425677 0.021609326890181444 0.014276659166490806
3 0.6914984604858023 0.5915329391891893 0.01858586282955221 0.01072012411581511
2 0.5903275209544989 0.6594304265202703 0.020412219292571865 0.01449894260715799
3 0.32708662974683544 0.9756387246621622 0.017818486164417988 0.010189674996040973
3 0.44839353297126244 0.9756387246621622 0.01740410276524552 0.009765315700221891
2 0.7126166663102977 0.6587837837837839 0.020918687891560383 0.013468355745882642
3 0.935585630131714 0.589916332347973 0.01787987629762869 0.010310920509132113