2 0.34160477634313363 0.32211409395973156 0.021041290498415806 0.01468120805369125
2 0.4628956154396484 0.32067114093959737 0.020530269478418 0.014731543624161058
2 0.10283020474908869 0.7039597315436242 0.020453616325418183 0.015922818791946347
2 0.8274963376826902 0.3179362416107383 0.020875208666916535 0.01479865771812077
2 0.7062054985861753 0.3189093959731544 0.020376963172418584 0.014345637583892597
2 0.22081218274111677 0.3234060402684564 0.02027475896841888 0.014395973154362404
2 0.5844291895206623 0.3200335570469799 0.020479167376418 0.014345637583892597
3 0.20149558818519403 0.6384563758389262 0.01681259155793279 0.010285234899328847
3 0.4438217558682247 0.63748322147651 0.016812591557932646 0.01040268456375846
2 0.10050505910809798 0.3248489932885907 0.019789288999420857 0.014966442953020192
3 0.4421098354512316 0.2559563758389262 0.01630157053793484 0.010234899328859133
3 0.6846915136442614 0.2535570469798658 0.016812591557932934 0.009664429530201347
3 0.19978366776820086 0.25837248322147655 0.016876469185432497 0.010201342281879135
3 0.32228818178721086 0.6378020134228188 0.01636544816543451 0.009781879194630961
3 0.6866461690457535 0.6355536912751679 0.01687646918543264 0.010050335570469807
2 0.4646075358566416 0.7026845637583893 0.021041290498415806 0.01479865771812096
3 0.8064678227097742 0.2529026845637584 0.01668483630293323 0.009815436241610768
3 0.927260416311791 0.25209731543624164 0.015982182400436157 0.00988255033557048
2 0.34307396177562777 0.7033221476510069 0.020632473682417416 0.014899328859060385
2 0.5863838449221546 0.702030201342282 0.020530269478418 0.014681208053691346
3 0.3208317718802167 0.25724832214765103 0.016301570537934802 0.009731543624161058
3 0.8079370081422683 0.6342785234899329 0.016301570537934695 0.009597315436241729
3 0.9287296017442853 0.6333053691275168 0.01642932579293411 0.009815436241610768
2 0.7081601539876674 0.7013926174496644 0.020721902360917123 0.014228187919463077
3 0.5653553299492385 0.6368456375838927 0.01668483630293323 0.011073825503355767
2 0.22252410315810994 0.7039597315436242 0.020760228937416976 0.014228187919463077
3 0.5638861445167445 0.25483221476510065 0.015624467686437476 0.010654362416107404
2 0.8289655231151841 0.7001174496644296 0.021156270227915365 0.014513422818791923
0 0.08387132490716454 0.9075671140939598 0.008661806288965361 0.010469798657718077