2 0.10300906210608797 0.7135906040268458 0.020019248458419906 0.014966442953020001
2 0.3435722072701258 0.7129530201342282 0.02017255476441932 0.013892617449664423
2 0.4650930058256397 0.7123154362416109 0.02083688209041654 0.014077181208053654
2 0.223009573127108 0.7135906040268458 0.020095901611419612 0.013842281879194616
3 0.20259428337818966 0.6480872483221477 0.016365448165434546 0.010352348993288463
2 0.8294509930841822 0.7091107382550337 0.021002963921915953 0.01374161073825519
2 0.5868820904166525 0.711023489932886 0.01967430926992122 0.013372483221476538
2 0.7081601539876674 0.7103859060402684 0.019904268728920343 0.013540268456375959
3 0.3225309167717099 0.6474496644295303 0.016876469185432497 0.010352348993288463
2 0.3418602868531326 0.3314261744966443 0.020479167376418 0.014278523489932885
2 0.22118267298061528 0.3330369127516779 0.020095901611419612 0.014395973154362404
2 0.10105440670459578 0.3343120805369128 0.019750962422921004 0.014966442953020192
3 0.4443200013627228 0.6467953020134228 0.016608183149933523 0.009932885906040193
2 0.46338108540864653 0.33015100671140946 0.02027475896841888 0.014345637583892597
3 0.9301987871767793 0.643271812080537 0.01612271318093528 0.009966442953020191
3 0.6871316390147516 0.6452013422818793 0.017068102067931475 0.010352348993288463
2 0.5849146594896604 0.32981543624161075 0.019942595305420197 0.013540268456375865
3 0.5663390454127347 0.6461577181208055 0.016608183149933523 0.010352348993288463
2 0.8279818076516883 0.3269295302013423 0.02095186181991624 0.014278523489932885
3 0.20051187272169796 0.26719798657718125 0.016493203420434033 0.01043624161073827
2 0.7066909685551732 0.3275671140939598 0.02001924845842005 0.013540268456375865
3 0.8089079480802644 0.6439093959731544 0.016493203420434106 0.01
3 0.5643843900112425 0.2636577181208054 0.016557081047933814 0.010570469798657693
3 0.3208317718802167 0.265755033557047 0.016186590808435243 0.010117449664429519
3 0.44285081593022857 0.2651174496644295 0.016748713930433083 0.010654362416107404
3 0.6856624535822574 0.2623825503355705 0.01668483630293323 0.010352348993288654
3 0.9287296017442853 0.2609395973154363 0.01586720267093674 0.00988255033557048
3 0.8069532926787722 0.26174496644295303 0.01562446768643762 0.009966442953020098
0 0.08399908016216401 0.9088590604026846 0.008827888120464684 0.010234899328858849