3 0.20271664895836883 0.6307414010067114 0.016429463030024648 0.010527745189282693
3 0.32278163645964636 0.629777946728188 0.016368330144331474 0.010276845637583847
3 0.807443154234661 0.2442356596057047 0.015565961019609428 0.009890460327967693
3 0.5658459899754711 0.62849334102349 0.016689277794220372 0.010397277422399421
3 0.44431381321755875 0.6294567953020135 0.016307197258638374 0.009890460327967693
3 0.2005158650734167 0.2498558095637584 0.016307197258638374 0.010477565278942981
2 0.22301276700848296 0.6956139890939598 0.0199751704002253 0.013749295433095578
3 0.3208253841174667 0.2480894767197987 0.016689277794220338 0.010161431843802405
3 0.5643788007188363 0.24584141673657722 0.017132491215495364 0.010527745189282693
3 0.9292198625353457 0.243111629614094 0.015741718065976965 0.010046018050020962
3 0.44260209241815146 0.24712602244127518 0.016811543565606647 0.010276845637583847
3 0.6856664459339761 0.2447173867449665 0.016429463030024506 0.010477565278942981
3 0.9306870517919805 0.625924129614094 0.016246064372945238 0.009815190462458077
3 0.8084212804057508 0.626566432466443 0.017010225444109236 0.010121287915530578
3 0.6876226982761559 0.6275298867449666 0.016872676451299785 0.01020157577207423
2 0.4633872735538106 0.3128014890939598 0.02020441872157453 0.014120626769609904
2 0.5849194503117229 0.3119986105285235 0.020280834828690843 0.013849655253775192
2 0.34356681759530544 0.6949716862416108 0.020250268385844348 0.013960051056522692
2 0.10300891239289853 0.6956139890939598 0.020372534157230515 0.014732821675755
2 0.3416105652531258 0.31360436765939603 0.02052536637146325 0.014682641765415288
2 0.7066961586124076 0.3102322776845638 0.01994460395737866 0.013749295433095672
2 0.8279838038275475 0.30910824769295303 0.02107556234270148 0.014512030070260095
2 0.4650989943532178 0.6949716862416108 0.02055593281430989 0.014281202482697116
2 0.22117878043768954 0.3158524276426175 0.020280834828690843 0.014341418375104904
2 0.7086524109545873 0.6924024748322148 0.019868187850262203 0.013377964096581346
2 0.5868757026539025 0.6930447776845639 0.02020441872157453 0.01332778418624154
2 0.8299400561697272 0.6917601719798658 0.02087688046419875 0.013638899630348079
2 0.10141945736487754 0.3166553062080537 0.019562523421796735 0.015314908635696345