2 0.22325460002609943 0.2724718132606972 0.020814302492496387 0.015205323587215073
3 0.2022837009004306 0.2051684308519808 0.017643220670755553 0.010809226631727733
3 0.3255383009265301 0.2035134296452091 0.017499673757014292 0.01051615350136195
2 0.3465222497716299 0.27098920801296417 0.021127495758841194 0.015929386615177756
2 0.4706642307190395 0.2698341550874047 0.02194962808299622 0.015791469847946826
2 0.7194440819522379 0.2678688411543633 0.021401539866892964 0.015136365203599561
3 0.4496802818739396 0.20220322035651483 0.017917264778807323 0.01072302865220839
3 0.697964243768759 0.19972071854635723 0.017577972073600512 0.011067820570285852
3 0.8218582800469788 0.1988932179429714 0.017838966462221245 0.010395476330034757
3 0.5740702074905389 0.20120332379409023 0.01743442515985911 0.011464331276074902
2 0.843338118230458 0.26704134055097745 0.02194962808299622 0.015550115505292537
2 0.5950541563356387 0.26867910216184526 0.020996998564530828 0.015308761162638341
3 0.20403236330418892 0.5935420473744095 0.017708469267910736 0.01086094541943927
2 0.225512201487668 0.6598800124125089 0.021401539866892822 0.015136365203599657
3 0.9462482056635781 0.19823811329862429 0.017838966462221245 0.011102299762093561
2 0.3485188568445778 0.6598800124125089 0.020840401931358533 0.015308761162638245
3 0.32728696333028834 0.5932144950522359 0.017917264778807323 0.010602351480881293
3 0.6999608508417069 0.5905768368789435 0.018191308886859093 0.010809226631727637
3 0.8238548871199268 0.5895941799124228 0.018126060289703764 0.010481674309554337
2 0.8448388359650266 0.656242457676792 0.022158423593892806 0.014791573285522289
3 0.5760798642829178 0.5915594938454642 0.01832180608116917 0.01086094541943927
3 0.4516899386663186 0.5925593904078889 0.017577972073600512 0.010085163603765145
2 0.5965548740702074 0.6578974588835638 0.02137544042803075 0.015377719546253757
2 0.7209447996868067 0.6575699065613901 0.02089260080908268 0.014515739751060243
2 0.4726608377919874 0.659207668172258 0.021858280046978963 0.015791469847946635
3 0.948244812736526 0.5889218356721718 0.018126060289703764 0.010154121987380657
3 0.3290356257340467 0.9832431127814364 0.01832180608116917 0.010481674309553957
3 0.45268171734307705 0.9832431127814364 0.017838966462220957 0.010154121987380848
3 0.20639436252120577 0.9825880081370892 0.018269607203445098 0.010809226631727826
3 0.7014615685762755 0.9825880081370892 0.018047761973117544 0.010481674309553957
3 0.8248597155161164 0.9819329034927421 0.017577972073600512 0.010240319966900046
3 0.5770716429596763 0.9825880081370892 0.018517551872634867 0.010602351480881293
3 0.9487407020749054 0.9806054546081439 0.0177867675844971 0.009930007240630244
1 0.09853843142372437 0.2720580629590042 0.013506459611118363 0.015446677929869269
1 0.09831658619339684 0.6612591800848188 0.013075818869894295 0.019980691652587635