3 0.8075035886728433 0.6288487397855393 0.017108182174083192 0.010481674309554337
2 0.0871329766410022 0.7014446781367444 0.020762103614772275 0.015791469847946635
3 0.9318935142894427 0.6278660828190186 0.01696463526034193 0.010154121987380657
3 0.6841054417330027 0.629848636347964 0.016912436382617784 0.010895424611247217
3 0.3114446039410152 0.6321587421990827 0.016533994519117867 0.010567872289073537
3 0.18867284353386402 0.6331413991656034 0.01659924311627305 0.010326517946419436
3 0.5597155161164035 0.6311588456366583 0.01723867936839356 0.010809226631727637
2 0.4568054286832833 0.6994621246077991 0.021049197442254974 0.014791573285522289
3 0.4355865848884249 0.6318311898769092 0.016912436382617784 0.010516153501361902
2 0.33292444212449435 0.7001344688480501 0.020631606420461947 0.014912250456849244
2 0.20952629518465352 0.7007895734923972 0.020709904737048167 0.014739854497810465
2 0.5806994649615033 0.698807019963452 0.020709904737048167 0.013791676723097562
2 0.08495367349601982 0.3110885080853705 0.02017486624037584 0.014963969244560877
3 0.6816129453216756 0.2375099127676447 0.01731697768497978 0.010567872289073537
3 0.5582278481012658 0.23866496569320414 0.016912436382617784 0.010757507844016193
2 0.7050893905781024 0.6981519153191049 0.020605506981599873 0.013739957935386118
3 0.806498760276654 0.2365100162052201 0.015476967245204039 0.010240319966899952
3 0.4338379224846665 0.24014757094093717 0.01704293357692801 0.010481674309554146
2 0.8294793161947016 0.6961693617901595 0.021075296881117193 0.013912353894424707
3 0.18679368393579535 0.2426128331551908 0.016651441993997124 0.01098162259076651
3 0.9298969072164949 0.23635485984208526 0.016599243116272904 0.010240319966899952
3 0.3094479968680673 0.24130262386649656 0.01696463526034193 0.010274799158707708
2 0.5787028578885554 0.306295900424094 0.020683805298186093 0.014670896114195048
2 0.3311757797207359 0.308450849912078 0.02145373874461711 0.015205323587215073
2 0.2079081299752055 0.31010585111884975 0.020566357823306763 0.014619177326483511
2 0.4548088216103353 0.3072957969865186 0.02040976119013432 0.015084646415888024
2 0.7030927835051546 0.30498569113539975 0.02037061203184121 0.014343343792021464
2 0.8269868197833746 0.30383063820984035 0.020605506981599873 0.014670896114195048
0 0.06740180086128147 0.9165948350170671 0.009082604723998437 0.010723028652208628