3 0.20149399124450654 0.21485030411073827 0.01780495295811973 0.010316989565855698
2 0.22215690660877938 0.2794017407718121 0.02087688046419875 0.015084081048133366
3 0.9321542410486152 0.9692350041946309 0.017071358329802225 0.009549236937657118
2 0.34283322296698804 0.27763540792785235 0.020800464357082292 0.015314908635696345
2 0.5863866395683577 0.2760296507969799 0.0206323489214262 0.014451814177852308
3 0.3222925733741015 0.2132445469798658 0.016949092558416097 0.010201575772074254
2 0.46436539972490043 0.2766719536493289 0.021365943549743704 0.015314908635696345
2 0.7081633478690423 0.2747450450922819 0.020555932814309744 0.014231022572357404
3 0.6871336351906109 0.20971188129194634 0.01733117309399795 0.010567889117554543
3 0.8079322173202059 0.20890900272651008 0.017071358329802225 0.009965730193477332
3 0.44406928167478626 0.21195994127516785 0.017667403965310132 0.010241719700346081
3 0.20345024358668623 0.5944512898489933 0.01774382007242659 0.010437421350671154
2 0.8289619299986373 0.2737815908137584 0.02194670596382829 0.015023865155725673
2 0.22411315895095904 0.6596450293624162 0.020800464357082365 0.014682641765415193
3 0.5653569268899261 0.21099648699664433 0.01727004020830496 0.010858932597525192
3 0.8108665958334753 0.9705196098993291 0.017407589201114407 0.010437421350671154
3 0.3240042941735087 0.5938089869966443 0.017468722086807546 0.010121287915530578
3 0.9297089256208906 0.2082666998741611 0.016872676451299785 0.010527745189282716
2 0.34454494376639533 0.6590027265100672 0.02020441872157453 0.014903433370910192
3 0.20565102747163833 0.972446518456376 0.018018918058045636 0.010316989565855769
2 0.7096305371256773 0.6564335151006713 0.02060178247857956 0.014682641765415193
3 0.5673131792321058 0.5922032298657718 0.017545138193924004 0.010608033045826346
2 0.8309181823408169 0.6551489093959733 0.02115197844981765 0.014622425873007501
2 0.5873647657394475 0.6567546665268457 0.0206323489214262 0.014622425873007501
3 0.6886008244472457 0.5912397755872484 0.017942501950929324 0.010567889117554614
2 0.4660771205243076 0.6583604236577182 0.022023122070944604 0.014963649263317886
3 0.8098884696623856 0.5899551698825504 0.017606271079617142 0.0103571334941275
3 0.44578100247419344 0.5931666841442954 0.017667403965310132 0.009775046534186154
3 0.6900680137038804 0.971804215604027 0.017804952958119583 0.010477565278943075
3 0.5687803684887406 0.972446518456376 0.01829401604366468 0.010527745189282693
3 0.32571601497291597 0.972446518456376 0.01780495295811973 0.010241719700345963
3 0.4465145971025109 0.972446518456376 0.017606271079617142 0.01000587412174923
3 0.9321542410486152 0.5896340184563759 0.017667403965310132 0.010121287915530578
1 0.0967122251665077 0.28116807361577184 0.00957493822168412 0.013749295433095672
1 0.09990462323688415 0.660106483360913 0.011008119405411725 0.013020697974522856