3 0.2029655356665776 0.2123859649122807 0.016978359604595244 0.010070175438596512
3 0.7098717606198236 0.2064035087719298 0.016657761154154398 0.011350877192982457
3 0.45597114613946027 0.20845614035087714 0.01685813518567988 0.012175438596491214
3 0.5830483569329414 0.2070701754385965 0.016924926529521756 0.011789473684210539
3 0.20450173657493986 0.6073508771929824 0.01665776115415447 0.011666666666666667
3 0.3304301362543414 0.6070175438596491 0.01597648944696775 0.011403508771929865
3 0.711915575741384 0.6046666666666667 0.017045150948437192 0.011140350877193061
3 0.9640128239380176 0.20421052631578948 0.01784664707453913 0.011350877192982457
3 0.45809511087363075 0.606 0.01711194229227878 0.01175438596491233
3 0.8377103927331018 0.6039824561403508 0.016657761154154398 0.010175438596491138
3 0.5845845578413038 0.6053333333333333 0.01806037937483293 0.011298245614035144
3 0.9660699973283463 0.6029824561403508 0.016657761154154398 0.011140350877193061
2 0.3503740315255143 0.27892982456140347 0.021052631578947302 0.015649122807017572
2 0.8581619022174726 0.27356140350877195 0.02125300561047293 0.015228070175438594
2 0.22432540742719742 0.2797719298245614 0.020892332353726915 0.015771929824561444
2 0.6045284531124766 0.27557894736842103 0.021199572535399374 0.014649122807017629
2 0.7318594710125568 0.27473684210526317 0.02249532460593093 0.015175438596491233
2 0.4777050494255944 0.2780877192982456 0.02149345444830351 0.014824561403508766
2 0.2263692225487577 0.6765263157894736 0.020812182741116722 0.015403508771929827
2 0.35216403954047554 0.6758421052631579 0.021907560780122796 0.01577192982456135
2 0.7339032861341169 0.6738421052631578 0.02224151749933218 0.015526315789473794
2 0.099091637723751 0.2816140350877193 0.02026449372161365 0.015526315789473699
2 0.4789874432273577 0.6751754385964912 0.02138658829815654 0.015350877192982466
2 0.6065722682340369 0.6748421052631579 0.021907560780122796 0.015473684210526433
3 0.2063852524712797 0.9982456140350877 0.017365749398877896 0.003508771929824661
2 0.8602057173390328 0.673157894736842 0.021747261554902555 0.015473684210526433
3 0.711995725353994 0.9982456140350877 0.018701576275714622 0.003508771929824661
3 0.45952444563184613 0.9982456140350877 0.018701576275714622 0.003508771929824661
3 0.5857600854929201 0.9982456140350877 0.017365749398877965 0.003508771929824661
3 0.8395671920919049 0.9973684210526316 0.017365749398877965 0.005263157894736802
3 0.3319529788939353 0.9982456140350877 0.017365749398877965 0.003508771929824661
3 0.9658028319529788 0.9964912280701753 0.016029922522041024 0.007017543859648943
2 0.09922522041143468 0.6771929824561402 0.020651883515896335 0.014157894736842232
3 0.32913438418380975 0.210140350877193 0.017352391130109505 0.010578947368420966
3 0.8364947902751803 0.2059298245614035 0.017419182473951238 0.009017543859649113