3 0.19079362336371886 0.21675767918088737 0.01769127748736337 0.009709897610921512
2 0.2111159113492029 0.28295221843003415 0.020827753056551622 0.015511945392491384
2 0.33354214369032703 0.28116040955631394 0.021423942627554333 0.015887372013651865
3 0.3127014299909275 0.21436860068259384 0.017457985916101502 0.010648464163822572
2 0.4565904868881496 0.28001706484641636 0.02174795869875148 0.015887372013651865
3 0.43574977318875013 0.21305460750853242 0.01814489998703942 0.010648464163822525
2 0.5806238389424115 0.27969283276450513 0.02134617877046709 0.014692832764505113
3 0.6828314684408345 0.21093856655290102 0.018002332915712838 0.011040955631399356
2 0.7041646865684537 0.2783788395904437 0.021631312913120693 0.014982935153583602
3 0.5592906208147923 0.21223549488054605 0.01785976584438582 0.01116040955631405
3 0.8053873072104375 0.21011945392491466 0.01745798591610143 0.010375426621160387
3 0.19189527800578907 0.6015870307167235 0.0173154188447747 0.010375426621160387
2 0.2128526374908195 0.6685494880546075 0.021022162699269868 0.01431740614334463
2 0.8272130297662764 0.27740614334470987 0.022564479198168452 0.0150511945392491
3 0.31443815613254417 0.6005972696245733 0.017457985916101502 0.01034129692832759
2 0.3352788698319436 0.667235494880546 0.02069814662807279 0.014641638225256012
2 0.7056551604959606 0.6649488054607509 0.020542618913897876 0.014419795221843022
2 0.5816218084416986 0.6655972696245733 0.020672225342376994 0.014641638225256012
3 0.6843219423683413 0.5983105802047781 0.018417073486844984 0.010784982935153758
3 0.43773275154447655 0.6005972696245733 0.01800233291571255 0.01022184300341299
2 0.45832721302976626 0.6665870307167235 0.021877565127230315 0.015392491467576784
3 0.8073702855661641 0.5976621160409556 0.01745798591610143 0.010494880546074985
2 0.8287035036937832 0.6639761092150169 0.02179980127014293 0.014692832764505207
3 0.5612735991705188 0.5996245733788396 0.017717198773059092 0.010784982935153758
3 0.9314036376204259 0.5966894197952218 0.018067136129952182 0.010170648464163795
3 0.19412450857562535 0.9873378839590443 0.017924569058625307 0.010170648464163984
3 0.3159286300600509 0.9873378839590443 0.01792456905862538 0.01034129692832759
3 0.6858124162958481 0.986689419795222 0.01819674255843087 0.010170648464163984
3 0.562271568669806 0.9873378839590443 0.018274506415518255 0.010290102389078584
3 0.4384844688296539 0.9873378839590443 0.01785976584438582 0.010017064846416209
3 0.8083552944226033 0.9853754266211602 0.017794962630146478 0.009829351535836016
3 0.9314036376204259 0.9847269624573378 0.0173154188447747 0.009709897610921416
3 0.9293688166933081 0.21010238907849826 0.018326348986909845 0.012218430034129663