2 0.3524337726738875 0.6619660035168775 0.020840401931358533 0.014963969244560877
2 0.47632780895210747 0.6609833465503568 0.021727782852668596 0.015205323587215169
2 0.7248597155161164 0.6596558976657586 0.020918700247944753 0.014274385408405952
3 0.704880595067206 0.983691342274937 0.01704293357692815 0.0100506844119572
2 0.6004697898995172 0.6599834499879322 0.021127495758841194 0.015205323587215169
3 0.5804906694506067 0.9843464469192842 0.01743442515985911 0.010395476330034757
3 0.4563486885031971 0.9850187911595351 0.01731697768497978 0.010688549460400872
2 0.10484144590891295 0.2744026480019308 0.021075296881117048 0.016291418129159
3 0.21006133368132582 0.9850187911595351 0.01723867936839356 0.010326517946419245
3 0.3327025968941667 0.9850187911595351 0.017577972073600512 0.01086094541943927
2 0.22917917264778806 0.662293555839051 0.020448910348427503 0.015015688032272512
3 0.20631606420461956 0.20577181670861633 0.01791726477880725 0.011722925214632975
2 0.8487537517943363 0.6583456883770643 0.021205794075427272 0.014791573285522289
3 0.8282656922876158 0.9823811329862426 0.016912436382617784 0.010154121987380848
1 0.9496672321545087 0.9817087887459919 0.01164034973248098 0.0100506844119572
3 0.3294532167558397 0.2046167637830569 0.017577972073600512 0.010860945419439366
1 0.94816651441994 0.5900251698100195 0.011588150854756833 0.009930007240630244
3 0.7018791595980686 0.20115160500637866 0.01731697768497978 0.010947143398958708
2 0.22730001304971942 0.2734199910354101 0.020370612031841356 0.014515739751060243
3 0.4533472530340597 0.2031341585353239 0.017838966462220957 0.011067820570285805
2 0.8467571447213884 0.267644726407613 0.0215711862194963 0.014963969244560877
2 0.3509461046587498 0.2719373857876771 0.020631606420461947 0.015205323587215073
2 0.7228631084431684 0.2684722270109988 0.020605506981599873 0.014843292073233828
3 0.8252773065379093 0.20032410440299278 0.016599243116272904 0.0101196427955729
2 0.10672060550698159 0.662293555839051 0.02145373874461697 0.016291418129159095
3 0.5774892339814692 0.20180670965072578 0.01749967375701415 0.011205737337516829
2 0.4748270912175388 0.2702823845809054 0.021701683413806523 0.015498396717580997
3 0.7033798773326372 0.5923352756611384 0.017434425159858966 0.010395476330034757
3 0.8272739136108573 0.5910250663724441 0.01723867936839356 0.009964486432438
3 0.5794858410544173 0.5930076199013895 0.017643220670755553 0.010516153501361902
3 0.2079472791334986 0.5949901734303347 0.01757797207360044 0.010688549460400681
3 0.45534386010700767 0.5939902768679102 0.017108182174083334 0.010360997138227001
3 0.33120187915959803 0.5946453815122573 0.01723867936839356 0.010602351480881293
2 0.5989690721649484 0.269127331655346 0.020918700247944608 0.015136365203599561
0 0.08567140806472662 0.9256111436747921 0.009082604723998437 0.011102299762093561
1 0.945778415764061 0.19982415612178048 0.009200052198877552 0.010498913905458072