2 0.10061440631814364 0.7223398987676055 0.021280594292077026 0.015280065402178782
3 0.8410572093729891 0.6495516065140845 0.01691863374388945 0.010177934673470569
2 0.4805539993610138 0.7203180017605633 0.02198620555722497 0.01493255185409339
2 0.3532873857197755 0.7216659330985915 0.021906022458912714 0.014879898286201676
3 0.7137905957317509 0.6505625550176055 0.017576135150050177 0.010994064975792335
2 0.6080771989168513 0.7203180017605633 0.02137681401005171 0.014479731170224379
2 0.7358569843872882 0.7189700704225351 0.02145699710836411 0.014479731170224379
3 0.5870371539197111 0.6515735035211268 0.016982780222539167 0.010825573558538698
3 0.20446755525219845 0.653595400528169 0.01778461120566194 0.010867696412852108
3 0.33147758297883745 0.6529214348591549 0.01717521965848875 0.010662347498074307
3 0.968836994843426 0.6482036751760564 0.017303512615788334 0.00967772577849909
2 0.2264056509504361 0.7216659330985915 0.02063912950557887 0.01493255185409339
3 0.45848761070547644 0.6522474691901408 0.017431805573087916 0.010994064975792335
2 0.8626104261993278 0.7182961047535211 0.022451267527436255 0.014985205421985105
2 0.09856171900134947 0.3253741197183098 0.020927788659503035 0.015343249683648802
2 0.3514912843175806 0.32301523987676056 0.02182583936060046 0.015227411834286973
2 0.6065376834292557 0.3203193772007042 0.02087967880051564 0.014585038306007903
2 0.47875789795881885 0.3211618342869718 0.021408887249376642 0.01481671400473156
3 0.8400308657145921 0.25005845620598594 0.016646011209627606 0.010177934673470475
2 0.22486613546284048 0.3243631712147887 0.0211683379544398 0.01487989828620158
3 0.20292803976460283 0.2556186729753521 0.017511988671400244 0.011130964252310775
3 0.9667843075266318 0.24921599911971828 0.016646011209627606 0.01049912143761001
2 0.8610709107117323 0.31829748019366194 0.021745656262288058 0.014585038306007903
3 0.3296814815766426 0.25443923305457744 0.01717521965848875 0.01049912143761001
2 0.733804297070494 0.31913993727992956 0.021120228095452404 0.014585038306007903
3 0.45720468113248014 0.25309130171654926 0.017977050641611456 0.011130964252310775
3 0.5844712947737184 0.2517433703785211 0.01805723373992371 0.011088841397997366
3 0.7117379084149567 0.25056393045774644 0.01717521965848861 0.010620224643760992
0 0.08053655850075069 0.9474444322183098 0.009188983066586385 0.011436354946082854