3 0.19935637448378216 0.2447166313559322 0.016658296891131803 0.011091018935381385
2 0.09894343381657059 0.3125198622881356 0.020178307726329246 0.015004303495762676
3 0.321259907618515 0.24325675317796608 0.016473033162963537 0.010345872782044505
3 0.566549083713327 0.24114804025423728 0.016658296891131876 0.010878120034427922
3 0.4440280048180332 0.2424457097457627 0.017121456211552543 0.010756463519597427
3 0.6895641992170696 0.24001257944915252 0.016720051467187868 0.010634807004766931
3 0.8125793147208121 0.2395259533898305 0.016025312486556868 0.00987445378707624
3 0.20096199346124066 0.6281779661016949 0.017121456211552543 0.010188733117055145
3 0.935100393616106 0.23855270127118644 0.016025312486556868 0.010224216267214009
2 0.10091958025036565 0.6937102754237288 0.020379010098511584 0.01505499371027535
3 0.32298903574808563 0.6278535487288136 0.01659654231507574 0.010188733117055145
2 0.22047643949496684 0.31154661016949153 0.02040988738653958 0.014264226363877128
3 0.6915403456508648 0.6252582097457626 0.016858999263314068 0.010715911347987231
3 0.4457571329476039 0.6275291313559321 0.016781806043244005 0.009950489108845394
3 0.8140614245461585 0.6242849576271187 0.016210576214725134 0.010031593452065597
2 0.8338228888841092 0.30522047139830505 0.02093480128301653 0.014213536149364358
3 0.5690192667555708 0.6265558792372882 0.016287769434795197 0.010305320610434402
2 0.34225646347758754 0.30992452330508474 0.020734098910834192 0.015237478482521188
2 0.7108077733803665 0.3061937235169492 0.02033269416646937 0.013939808990995744
2 0.5877926578766239 0.3073291843220339 0.020023921286188975 0.014041189420021189
2 0.4647775423728813 0.30830243644067795 0.020487080606609788 0.01442643505031782
3 0.9375705766583499 0.6239605402542372 0.016025312486556868 0.010148180945444854
0 0.08171390709691989 0.9110699152542372 0.008884939630070776 0.010503012447034053
2 0.22183504016820096 0.693061440677966 0.01983865755802071 0.013889118776482974
2 0.8348109621010066 0.6898172669491525 0.02161410161963361 0.014426435050317725
2 0.34398559160715825 0.693061440677966 0.021135503655198725 0.014264226363877128
2 0.7122898832057128 0.6904661016949153 0.020255500946399455 0.013828290519067726
2 0.5892747677019702 0.6917637711864407 0.02057971247069392 0.013990499205508513
2 0.4667536888066764 0.6924126059322033 0.02104287179111459 0.01454809156514822