2 0.22052257954156687 0.2763851351351352 0.020488368114950424 0.014712837837837849
3 0.3242730071843996 0.973310810810811 0.01788402326377018 0.010185810810810759
3 0.44583048238111533 0.9739527027027027 0.01753763256927808 0.009949324324324682
3 0.19989308929182348 0.21108108108108112 0.017075778309955495 0.010354729729729683
3 0.20394714334587755 0.973310810810811 0.017678754704071136 0.010067567567567721
3 0.442879746835443 0.20815878378378383 0.017614608279165216 0.01047297297297296
2 0.46375299349982896 0.27363175675675677 0.02120680807389662 0.015236486486486456
3 0.32083475880944234 0.2096114864864865 0.01728104686965447 0.010152027027026994
3 0.5651684912760863 0.20734797297297297 0.01753763256927808 0.010878378378378385
2 0.34170800547382835 0.2744425675675676 0.020809100239479954 0.015472972972973006
3 0.5681192268217585 0.973310810810811 0.018012316113581877 0.010185810810810759
3 0.6904079712624016 0.9726520270270271 0.018089291823468866 0.01003378378378405
3 0.6874572357167295 0.2060641891891892 0.017537632569278226 0.010591216216216235
2 0.7085742387957578 0.2715371621621622 0.020693636674649542 0.014324324324324398
3 0.8117088607594938 0.9713682432432432 0.017537632569278226 0.010270270270270127
3 0.8087709544988027 0.20508445945945947 0.016947485460143727 0.01006756756756758
2 0.5862854943551147 0.2729898648648649 0.02101436879917893 0.014104729729729778
3 0.20149674991447145 0.5930743243243244 0.017409339719466312 0.010540540540540632
2 0.8298879575778311 0.2708952702702703 0.02198939445774895 0.014949324324324399
3 0.5671313718782074 0.5911317567567568 0.017614608279165216 0.010760135135135063
3 0.3227976394115635 0.5924324324324326 0.017345193294560392 0.010354729729729683
3 0.4448426274375642 0.5917905405405406 0.01781987683886419 0.010118243243243228
3 0.6889326034895655 0.5901689189189189 0.018089291823468866 0.010675675675675697
2 0.5872733492986658 0.6564527027027028 0.02084758809442352 0.014712837837837849
2 0.4652283612726651 0.6577364864864865 0.021412076633595737 0.01518581081081076
2 0.3434271296613069 0.6583952702702703 0.020809100239479954 0.01478040540540538
2 0.22261375299349986 0.6590371621621621 0.020693636674649327 0.014543918918918925
3 0.9310596989394458 0.2046114864864865 0.01720407115976741 0.01064189189189193
3 0.8107338351009238 0.5888682432432433 0.017345193294560392 0.010388513513513544
2 0.7100496065685941 0.6561317567567568 0.02018046527540189 0.014222972972972911
2 0.8318508381799521 0.6551520270270271 0.021412076633595737 0.01478040540540538
3 0.9335100923708519 0.9707094594594595 0.017345193294560392 0.009138513513513545
3 0.933022579541567 0.5885472972972974 0.017537632569278226 0.010236486486486457
0 0.08051659254190902 0.9074324324324327 0.01955183031132399 0.03283783783783785