3 0.19303581457640295 0.21170648464163824 0.01647297705966215 0.009795221843003408
3 0.6848533287251047 0.20588737201365187 0.016161921631312828 0.01104095563139931
3 0.43851039011534965 0.20788395904436857 0.016356331274031147 0.011843003412969276
3 0.5618049855272822 0.2065358361774744 0.016421134488270633 0.011467576791808891
3 0.19452628850390977 0.5958873720136518 0.01616192163131297 0.011348122866894149
3 0.3167062686309241 0.5955631399317406 0.015500928846070771 0.011092150170648551
3 0.6868363070808312 0.5932764505119453 0.016537780273901712 0.010836177474402764
3 0.9314295589061216 0.20375426621160408 0.0173154188447747 0.01104095563139931
3 0.4405711323281635 0.5945733788395904 0.01660258348814091 0.011433447098976141
3 0.8088866807793665 0.5926109215017064 0.016161921631312828 0.009897610921501609
3 0.563295459454789 0.5939249146757679 0.017522789130340773 0.01098976109215035
3 0.9334254979046961 0.5916382252559726 0.016161921631312828 0.010836177474402764
2 0.33605650840281676 0.2764334470989761 0.020425973128267084 0.01522184300341299
2 0.8287294249794788 0.27121160409556316 0.02062038277098555 0.014812286689419807
2 0.21375988249017153 0.2772525597269624 0.020270445414092533 0.015341296928327685
2 0.5826456992266816 0.2731740614334471 0.02056854019959396 0.014249146757679227
2 0.7061865468527239 0.2723549488054607 0.021825722555838725 0.014761092150170612
2 0.459597356028859 0.2756143344709897 0.020853674342247417 0.014419795221843022
2 0.21574286084589797 0.663174061433447 0.020192681557005217 0.014982935153583602
2 0.3377932345444334 0.6625085324232082 0.02125545427053181 0.01534129692832759
2 0.7081695252084502 0.6605631399317405 0.021579470341729103 0.01510238907849839
2 0.09225385579124724 0.2790443686006826 0.019661295200241923 0.015102389078498295
2 0.460841577742256 0.6618600682593856 0.020749989199464237 0.014931740614334407
2 0.584628677582408 0.6615358361774744 0.02125545427053181 0.015051194539249196
3 0.19675551907374603 0.9806484641638223 0.017198773059143694 0.010255972696245787
2 0.8307124033352054 0.6598976109215016 0.02109992655635704 0.015051194539249196
3 0.6878213159372705 0.9801023890784982 0.017794962630146478 0.010494880546075365
3 0.44247634682680254 0.9813139931740613 0.017522789130340773 0.010494880546075365
3 0.5652784378105153 0.9806484641638223 0.017717198773059092 0.01022184300341299
3 0.810869659135093 0.9793515358361774 0.016796993130859375 0.009948805460750615
3 0.3186892469866505 0.9806484641638223 0.016537780273901567 0.009829351535836016
3 0.9338402384758282 0.9773890784982935 0.016602583488141056 0.010051194539249384
2 0.09238346221972608 0.6638225255972695 0.020037153842830627 0.01377133105802064
3 0.31544908627467916 0.20952218430034128 0.016835875059402924 0.010290102389078489
3 0.8077072622802092 0.20542662116040952 0.016900678273642267 0.00877133105802045