2 0.10283020474908869 0.7033221476510069 0.02063247368241749 0.016291946308724808
2 0.10050505910809798 0.32436241610738253 0.019329370081422687 0.015134228187919424
3 0.32228818178721086 0.6371644295302015 0.016250468435934987 0.009966442953020191
3 0.8079370081422683 0.6339597315436243 0.016046060027935863 0.009395973154362499
2 0.34136204135863457 0.32147651006711414 0.021194596804415218 0.015016778523489904
3 0.6866461690457535 0.6345973154362418 0.016608183149933523 0.009882550335570386
3 0.4438217558682247 0.6368456375838927 0.01700422444043191 0.010654362416107498
2 0.46265288045514946 0.32018456375838933 0.02060692263141756 0.014848993288590672
2 0.7057200286171772 0.31842281879194634 0.020402514223418294 0.014731543624161058
0 0.08375634517766499 0.9075671140939598 0.008751234967464995 0.010318791946308845
3 0.5653553299492385 0.6362080536912753 0.01668483630293323 0.011409395973154234
3 0.20136783293019453 0.6381208053691276 0.016429325792934327 0.010285234899328847
2 0.827010867713692 0.3174664429530202 0.020479167376418 0.014848993288590672
2 0.22081218274111677 0.3230704697986578 0.020198105815419243 0.014899328859060385
3 0.8064678227097742 0.2524328859060403 0.016608183149933523 0.009815436241610768
2 0.5844291895206623 0.31954697986577185 0.020095901611419612 0.014513422818791923
3 0.6846915136442614 0.25307046979865777 0.01642932579293411 0.009966442953020098
2 0.8284672776206862 0.6994630872483222 0.02127124995741507 0.014513422818791923
3 0.4421098354512316 0.2556375838926175 0.016493203420433963 0.010805369127516732
3 0.3208317718802167 0.256761744966443 0.015931080298436304 0.01
3 0.1996559125132014 0.2580369127516779 0.01695312233843213 0.010604026845637595
2 0.22239634790311044 0.7033221476510069 0.02072190236091705 0.014345637583892502
3 0.927260416311791 0.6322315436241611 0.01642932579293411 0.009932885906040193
2 0.7076746840186693 0.700755033557047 0.020721902360917123 0.014513422818791923
2 0.34307396177562777 0.7026845637583893 0.020632473682417416 0.01479865771812096
3 0.5634006745477464 0.25434563758389267 0.015445610329438208 0.011208053691275192
3 0.9269282526487923 0.2516275167785235 0.01642932579293411 0.010050335570469807
2 0.4646075358566416 0.702030201342282 0.021271249957414924 0.01501677852349
2 0.5863838449221546 0.7013926174496644 0.020325861070418588 0.014446308724832307
0 0.09548427758661807 0.6060067114093961 0.007831397131468664 0.011996644295301924