2 0.10233920629490251 0.6966891891891892 0.02048836811495039 0.014493243243243227
3 0.810541395826206 0.6268412162162162 0.016819192610331744 0.009797297297297215
3 0.9328301402668492 0.6261993243243243 0.016190557646253677 0.009949324324324304
3 0.6892276770441328 0.628141891891892 0.01688333903523788 0.010540540540540632
3 0.32286178583646935 0.6304054054054055 0.016498460485802283 0.010388513513513544
3 0.5674392747177558 0.6291047297297298 0.016434314060896217 0.010152027027027088
3 0.202163872733493 0.6307263513513514 0.016498460485802283 0.010270270270270316
2 0.4657671912418748 0.6947466216216217 0.02104002736914121 0.014375
3 0.4446501881628464 0.6297635135135136 0.01667807047553876 0.009763513513513544
2 0.7098571672938762 0.6928040540540541 0.020218953130345458 0.013462837837837848
2 0.3442225453301403 0.6953885135135136 0.020565343824837413 0.014222972972972911
2 0.8321459117345194 0.6921621621621622 0.021129832364009487 0.013682432432432468
2 0.5880687649674993 0.6941047297297299 0.020462709544988144 0.01356418918918924
2 0.22266507013342457 0.6960304054054055 0.01953900102634283 0.013412162162162341
3 0.8095535408826549 0.2425844594594595 0.015767191241874732 0.010152027027026994
2 0.10056876496749916 0.31597972972972976 0.019834074580910042 0.015354729729729684
3 0.6867772836127268 0.2433952702702703 0.016755046185425893 0.010726351351351393
2 0.22107423879575777 0.31484797297297296 0.020411392405063292 0.014273648648648607
3 0.9308672596647282 0.24209459459459462 0.015869825521724147 0.009915540540540538
2 0.34201590831337664 0.3133952702702703 0.020565343824837413 0.014611486486486455
2 0.5856055422511118 0.3112837837837838 0.020334416695176157 0.013834459459459462
3 0.4429310639753678 0.24597972972972978 0.01728104686965454 0.010472972972972911
3 0.5649760520013685 0.24435810810810812 0.016883339035237734 0.010878378378378385
3 0.19995723571672944 0.24856418918918924 0.01667807047553883 0.010844594594594621
2 0.46430465275401994 0.3119256756756757 0.020462709544988144 0.014442567567567626
2 0.7083817995210401 0.3091891891891892 0.020103489565515047 0.013682432432432468
2 0.8301830311323983 0.3082094594594595 0.02084758809442352 0.014104729729729778
3 0.3216301744782757 0.24694256756756758 0.01586982552172429 0.009847972972972912
0 0.08306962025316456 0.9139527027027026 0.008788060212110824 0.010270270270270127