2 0.83789088342963 0.25344947735191636 0.02167335597406622 0.015243902439024359
2 0.3346667842808627 0.25778745644599305 0.021620429585851104 0.015540069686411187
2 0.4605257354562696 0.2564634146341464 0.021752745556388668 0.0160975609756098
3 0.44229259471618226 0.9804006968641115 0.017611255678560277 0.010714285714285931
2 0.7122701010011908 0.2542857142857143 0.021501345212367066 0.015121951219512179
2 0.2096811185110043 0.2592857142857143 0.021183786883076754 0.014947735191637624
2 0.08513209544392009 0.2609581881533101 0.020998544524324113 0.015662020905923366
1 0.9412164248224761 0.9777351916376307 0.011008688748731827 0.010104529616724752
2 0.5861465178847087 0.2551219512195122 0.021289639659506907 0.015540069686411187
1 0.9397080227583471 0.5809233449477352 0.011101309928108382 0.010557491289198424
2 0.08703744541966216 0.6539372822299653 0.021951219512195124 0.015836236933798015
3 0.8176333083403168 0.5815853658536585 0.01803466678428103 0.010749128919860596
3 0.6925153265999205 0.5829094076655053 0.018087593172496 0.011637630662020797
3 0.1895426277951749 0.5859233449477352 0.017478939708022712 0.010871080139372869
3 0.5663917434834385 0.5842508710801394 0.017822961231420725 0.01132404181184673
3 0.1881533101045296 0.19160278745644602 0.01761125567856042 0.010975609756097574
3 0.8191549420014996 0.9790592334494774 0.017346623737485002 0.010191637630661792
3 0.3143959775944957 0.5849128919860628 0.017822961231420652 0.01132404181184673
3 0.31287434393331276 0.18993031358885018 0.01701583381114102 0.010714285714285742
2 0.4620473691174525 0.6526132404181185 0.022030609094517612 0.015592334494773657
2 0.3361751863449918 0.6532752613240419 0.021263176465399422 0.015418118466899007
3 0.5643673091342125 0.18726480836236933 0.017148149781678657 0.01118466898954703
3 0.43849512636175186 0.18843205574912894 0.01728046575221622 0.01083623693379792
2 0.5881709522339347 0.6512717770034844 0.021421955630044613 0.015592334494773657
3 0.44051956071097786 0.5845818815331011 0.017611255678560277 0.010749128919860596
2 0.21145415251620872 0.654268292682927 0.020998544524324075 0.015243902439024359
2 0.8394125170908129 0.649616724738676 0.02162042958585096 0.015121951219512084
2 0.7142945353504169 0.6509407665505227 0.021699819168173845 0.014668989547038222
3 0.6904908922506947 0.18642857142857147 0.0171481497816788 0.011219512195121932
3 0.5679133771446213 0.9797386759581883 0.017743571649097983 0.010749128919860596
3 0.8156088739910907 0.1857665505226481 0.016830591452388414 0.010261324041811832
0 0.06582719534247784 0.9197038327526132 0.01002955056675342 0.010679442508710887
1 0.938689189785207 0.1857665505226481 0.010347108896043716 0.010313588850174209
3 0.3166850438847969 0.9804006968641115 0.017677413663829203 0.01087108013937268
3 0.6935341595730605 0.9790592334494774 0.017478939708022855 0.010592334494773467
3 0.19206986283244387 0.9804006968641115 0.01761125567856042 0.010226480836236836