3 0.32571601497291597 0.973088821308725 0.01780495295811973 0.010316989565855769
3 0.20186078855866524 0.21677721266778524 0.01760627107961707 0.010477565278942957
2 0.2224014381515518 0.2819709521812081 0.0204795167071935 0.014622425873007595
2 0.3430777545097605 0.28052577076342283 0.021121412006971155 0.015676203990142596
2 0.46460993126767286 0.27924116505872487 0.021365943549743704 0.01543534042051173
3 0.32278163645964647 0.21517145553691278 0.017208907322611856 0.010477565278942957
3 0.44406928167478626 0.21388684983221481 0.01780495295811973 0.010648176974098172
3 0.4467591286452833 0.973088821308725 0.017545138193924004 0.010241719700345963
3 0.6900680137038804 0.972446518456376 0.017667403965310132 0.010276845637583847
3 0.20577329324302457 0.973088821308725 0.017667403965310205 0.010527745189282693
3 0.5653569268899261 0.2129233955536913 0.017407589201114407 0.011149976077495793
3 0.8108665958334753 0.971804215604027 0.017468722086807692 0.01000587412174923
3 0.5687803684887406 0.973088821308725 0.018187033493701727 0.010241719700345963
3 0.6871336351906109 0.21163878984899331 0.01774382007242659 0.010808752687185385
2 0.7081633478690423 0.2773142565016779 0.020922730128468566 0.014903433370910192
2 0.5863866395683577 0.27859886220637586 0.020601782478579706 0.014512030070260095
3 0.8084212804057508 0.21067533557046986 0.01733117309399795 0.010201575772074254
2 0.8294509930841822 0.2763508022231544 0.0213965099925902 0.015023865155725673
3 0.5673131792321058 0.5922032298657718 0.017606271079617142 0.011069688220952117
3 0.32424882571628116 0.5938089869966443 0.01766740396531017 0.010477565278942886
3 0.20357250935807245 0.5941301384228188 0.017331173093998096 0.011200155987835577
2 0.34478947530916776 0.6596450293624162 0.020678198585696164 0.015134260958473079
3 0.44578100247419344 0.5931666841442954 0.01780495295811973 0.010086161978292693
3 0.6890898875327907 0.5912397755872484 0.01801891805804549 0.010808752687185385
2 0.22435769049373153 0.6602873322147652 0.02067819858569609 0.014853253460570386
2 0.5878538288249924 0.6583604236577182 0.020479516707193432 0.014682641765415193
0 0.083568654742488 0.9069316275167787 0.009032383861157726 0.010648176974098079
2 0.4663216520670801 0.6590027265100672 0.02156462542824629 0.015555772205327117
3 0.9326433041341602 0.9705196098993291 0.017468722086807692 0.00958938086592904
3 0.8103775327479305 0.5902763213087249 0.017407589201114407 0.010397277422399421
3 0.9301979887064356 0.21035418414429533 0.01733117309399795 0.01052774518928274
2 0.710119600211222 0.6577181208053692 0.020831030799928933 0.013689079540687885
2 0.8314072454263619 0.6561123636744968 0.02132009388547374 0.014401634267512502
3 0.9321542410486152 0.5896340184563759 0.01788136906523604 0.010437421350671154