2 0.10282551373581916 0.6924024748322148 0.02025026838584431 0.014793037568162692
3 0.8084212804057508 0.6233549182046981 0.01655172880141078 0.009930604256239425
3 0.9306870517919805 0.622712615352349 0.01592511672305652 0.009890460327967693
3 0.3222925733741015 0.6272087353187921 0.016811543565606612 0.010276845637583847
3 0.6871336351906109 0.6243183724832215 0.01713249121549551 0.010397277422399421
3 0.44406928167478626 0.626566432466443 0.016368330144331512 0.009890460327967693
3 0.2021053201014377 0.6272087353187921 0.016872676451299713 0.01020157577207423
3 0.566335053061016 0.6256029781879195 0.016490595915717787 0.010161431843802499
2 0.4648544628104453 0.6904755662751679 0.020754614692812475 0.014512030070260001
2 0.22276823546571053 0.6917601719798658 0.019379124764717395 0.01347832391726096
2 0.7081633478690423 0.6891909605704699 0.020372534157230476 0.013689079540687885
2 0.343322286052533 0.6917601719798658 0.02052536637146325 0.013960051056522692
2 0.8294509930841822 0.6879063548657719 0.021274244221203924 0.013960051056522692
3 0.806954091149116 0.2415058724832215 0.015802850951670246 0.010161431843802405
2 0.5858975764828127 0.6904755662751679 0.020479516707193432 0.01358871972000846
3 0.6851773828484312 0.24230875104865773 0.016368330144331512 0.0103571334941275
3 0.5634006745477464 0.24327220532718125 0.016949092558416097 0.010768608758913558
3 0.9287307994498009 0.2402212667785235 0.01592511672305652 0.010397277422399327
3 0.4421130293326066 0.2447173867449665 0.01687267645129964 0.010608033045826346
2 0.10105266005071885 0.31456782193791955 0.019822338185992494 0.015254692743288558
3 0.32058085257469426 0.2455202653104027 0.016123798601559033 0.010316989565855673
3 0.200149067759258 0.24728659815436246 0.016490595915717714 0.010808752687185385
2 0.2210565146663033 0.3134437919463087 0.020204418721574458 0.014231022572357404
2 0.3416105652531258 0.3119986105285235 0.02072404824996598 0.014903433370910192
2 0.7062070955268627 0.30782364198825507 0.01994460395737866 0.013960051056522692
2 0.5844303872261779 0.3092688234060403 0.01979177174314589 0.013689079540687885
2 0.46265367892549314 0.3102322776845638 0.020479516707193432 0.014341418375104904
2 0.8274947407420026 0.30718133913590606 0.020831030799928933 0.014070446859270096
0 0.08375205339956734 0.9075739303691277 0.008726719432692149 0.010979364382340767