0 0.08323003055434308 0.9084655172413794 0.008799650807507624 0.010448275862068689
2 0.10058053251855086 0.30834482758620696 0.019969445656918383 0.015500000000000019
2 0.34727193365342646 0.30520689655172417 0.021449148843299855 0.014965517241379303
2 0.4718419903972065 0.3040517241379311 0.021069402007856872 0.01501724137931035
3 0.3277215189873418 0.6286206896551725 0.01677433435181151 0.010051724137931047
2 0.22346137058053253 0.3066896551724138 0.020702749890877375 0.014396551724137983
2 0.5964120471409865 0.30324137931034484 0.020964644260148425 0.014672413793103469
2 0.720733304233959 0.30208620689655175 0.021147970318638208 0.01501724137931035
3 0.8255041466608468 0.625 0.016774334351811363 0.010086206896551743
3 0.7011828895678744 0.6259827586206896 0.01710170231340012 0.010120689655172441
3 0.4520427760803143 0.6279655172413794 0.017298123090353605 0.010206896551723995
3 0.6991793976429508 0.23443103448275862 0.017023134002619074 0.009931034482758606
2 0.10278044522042776 0.695948275862069 0.020440855521606256 0.01739655172413791
2 0.8450545613269315 0.30108620689655174 0.021200349192492432 0.014913793103448257
3 0.20391095591444786 0.6292758620689657 0.017101702313400264 0.010396551724137832
3 0.5768616324749017 0.6276379310344828 0.016774334351811363 0.01110344827586213
3 0.8239982540375382 0.2341034482758621 0.0161981667394149 0.009741379310344769
3 0.4509559144478394 0.23694827586206899 0.01697075512876485 0.010724137931034553
3 0.32622872108249673 0.2383793103448276 0.016525534701003944 0.010327586206896531
3 0.20215626364033176 0.2398793103448276 0.016656481885639503 0.010603448275862017
3 0.9498123090353559 0.6245517241379311 0.017023134002619074 0.010362068965517134
3 0.9473112178088171 0.23310344827586207 0.016014840680925405 0.010051724137931047
3 0.5748581405499782 0.23606896551724138 0.015661283282409535 0.011206896551724127
1 0.5984155390659102 0.6946206896551724 0.021121780881711096 0.01474137931034477
1 0.22571366215626365 0.695948275862069 0.02131820165866429 0.014965517241379303
1 0.34902662592754263 0.6952931034482759 0.021475338280226967 0.015258620689655231
1 0.7232343954604975 0.6933103448275862 0.021894369271060758 0.014568965517241472
1 0.4733478830205151 0.6946206896551724 0.021855085115670088 0.015310344827586277
1 0.8470580532518551 0.6919827586206897 0.021972937581842093 0.014793103448276005