1 0.10444073067848715 0.29084507042253516 0.014772646028455022 0.01540492957746475
2 0.22876152856223636 0.6871478873239437 0.022413669836276476 0.015757042253521262
3 0.20515478658754555 0.2204225352112676 0.017976513905769664 0.0103697183098591
2 0.355253985843998 0.6864612676056339 0.02268177593479652 0.016320422535211303
2 0.4827786516050618 0.6857922535211266 0.02254772288553664 0.015827464788732374
3 0.3316472438693072 0.21906690140845073 0.01832505183384576 0.010792253521126725
2 0.6105580181597197 0.6851232394366197 0.022882855508686767 0.015105633802817047
2 0.7378279831271894 0.6844542253521125 0.022628154715092767 0.01528169014084502
3 0.8414912061199685 0.2141901408450704 0.018123972259955656 0.010334507042253544
3 0.7137118395653106 0.2145246478873239 0.017909487381139507 0.010457746478873275
3 0.459171909630371 0.21739436619718308 0.01882104811610771 0.011126760563380269
1 0.10598234074497748 0.6878169014084506 0.014558161149638982 0.01563380281690134
3 0.5864418745978408 0.21637323943661974 0.018271430614141722 0.011514084507042336
2 0.22657646385929792 0.28933098591549294 0.022373453921498556 0.01644366197183094
2 0.8650979480946592 0.6830985915492956 0.02285604489883453 0.015757042253521262
2 0.35345767498391367 0.28764084507042254 0.02257453349538859 0.016707746478873277
3 0.2068170443983699 0.6194014084507042 0.017788839636805606 0.010827464788732376
2 0.735776971473511 0.28394366197183096 0.022721991849574654 0.01607394366197184
2 0.6085070065060413 0.28528169014084503 0.022319832701794447 0.016126760563380364
3 0.3336982555229856 0.6187323943661971 0.018539536712661765 0.01017605633802816
2 0.4809823407449775 0.286637323943662 0.022319832701794447 0.01570422535211274
2 0.8630335311360547 0.2832746478873239 0.021823836419532353 0.015880281690140805
3 0.4607135196968613 0.6180633802816902 0.01882104811610771 0.011126760563380458
3 0.7157628512189892 0.6160387323943662 0.01840548366340189 0.01045774647887337
3 0.9687477657825122 0.21301056338028165 0.018271430614141722 0.010950704225352107
3 0.844051619360835 0.6153697183098591 0.018901479945663692 0.00994718309859157
3 0.5879834846643311 0.6170422535211267 0.0193036390934439 0.01125
3 0.9708121827411168 0.6143485915492957 0.018539536712661765 0.010545774647887356
0 0.08545881890326731 0.9452640845070421 0.009772467291055962 0.010545774647887356