2 0.10337955234558649 0.7341442953020135 0.02005757503491976 0.014899328859060385
2 0.4650930058256397 0.7328691275167787 0.020325861070418588 0.014446308724832307
2 0.3435722072701258 0.733506711409396 0.020479167376418 0.014278523489932885
2 0.2233800633666065 0.7341442953020135 0.020019248458419975 0.014127516778523462
3 0.20296477361768817 0.6686409395973155 0.016046060027935793 0.010570469798657693
2 0.5863838449221546 0.7328691275167787 0.020134228187919465 0.013372483221476538
3 0.3230291622662079 0.668003355704698 0.016301570537934802 0.010654362416107498
2 0.8294509930841822 0.7303020134228189 0.021194596804415076 0.013791946308724807
2 0.10160375430109359 0.3545469798657719 0.019597656116921623 0.014614093959731539
3 0.6876171089837496 0.6654194630872484 0.01695312233843206 0.010469798657718077
3 0.4443200013627228 0.6673489932885907 0.016429325792934255 0.01023489932885904
2 0.7081601539876674 0.7322315436241612 0.020095901611419754 0.01291946308724846
2 0.46338108540864653 0.3507046979865772 0.01998092188192005 0.014345637583892597
2 0.5849146594896604 0.35005033557046983 0.019827615575920637 0.013741610738255
2 0.3418602868531326 0.3519798657718121 0.020721902360917123 0.01468120805369125
3 0.9301987871767793 0.6635067114093961 0.016608183149933523 0.009882550335570386
3 0.5663390454127347 0.6667114093959733 0.016429325792934255 0.010805369127516921
3 0.20088236296119652 0.28807046979865775 0.016493203420434033 0.010570469798657693
2 0.7066909685551732 0.34909395973154367 0.020095901611419754 0.014077181208053654
2 0.22154038769461387 0.3539093959731544 0.02017255476441932 0.014345637583892597
3 0.8089079480802644 0.6641442953020135 0.016365448165434403 0.010285234899328847
3 0.5643843900112425 0.2845469798657718 0.016429325792934255 0.010402684563758365
3 0.44309355091472763 0.28550335570469804 0.016557081047933814 0.010167785234899328
2 0.8274963376826902 0.34812080536912754 0.02001924845842005 0.014010067114094037
3 0.6856624535822574 0.2830872483221477 0.016301570537934695 0.010570469798657693
3 0.32131724184921473 0.28662751677852355 0.015739447415937035 0.00988255033557048
3 0.9282441317752872 0.2818120805369128 0.01586720267093674 0.01
3 0.8074387626477703 0.28244966442953023 0.015560590058937913 0.009815436241610768
0 0.08399908016216401 0.9088590604026846 0.009006745477463978 0.010167785234899232
0 0.09634023779511464 0.6140436241610739 0.007409804789970385 0.010167785234899232