3 0.8084224781112663 0.6243120805369128 0.01612271318093528 0.009966442953020191
2 0.10410775729908357 0.6943288590604028 0.019674309269921295 0.014731543624160964
3 0.9292150717132832 0.6233557046979866 0.016046060027935863 0.009848993288590577
3 0.6871316390147516 0.6256040268456377 0.016748713930432937 0.010570469798657693
3 0.5663390454127347 0.6265604026845638 0.016250468435934987 0.01040268456375846
3 0.20296477361768817 0.628489932885906 0.016186590808435278 0.010352348993288463
3 0.32278642728170887 0.6278523489932887 0.01668483630293323 0.010285234899328847
3 0.44406449085272376 0.6272147651006712 0.016557081047933814 0.009966442953020191
2 0.4650930058256397 0.6923993288590605 0.02079855551391683 0.014563758389261732
2 0.3440576772391238 0.693036912751678 0.020019248458419906 0.013892617449664423
2 0.223252308111607 0.6943288590604028 0.019674309269921295 0.013422818791946345
2 0.8294509930841822 0.6898322147651007 0.021194596804415076 0.013842281879194616
2 0.7081601539876674 0.6904697986577182 0.02001924845842005 0.01332214765100673
2 0.5868820904166525 0.691761744966443 0.020095901611419612 0.013640939597315386
3 0.8069532926787722 0.24343959731543624 0.015151773242939379 0.010117449664429519
3 0.4426080809457296 0.24632550335570472 0.01713197969543147 0.010352348993288654
2 0.10191036691309237 0.3158557046979866 0.019712635846421148 0.015436241610738269
3 0.6851769836132595 0.243758389261745 0.01687646918543264 0.010570469798657693
2 0.22154038769461387 0.3148825503355705 0.020325861070418734 0.014127516778523556
2 0.3418602868531326 0.3129697986577182 0.020479167376418 0.014395973154362404
3 0.9277586618062891 0.24278523489932885 0.01593108029843645 0.009781879194630866
3 0.5638861445167445 0.24503355704697985 0.017068102067931766 0.010771812080536923
2 0.7066909685551732 0.30911073825503355 0.019789288999420927 0.013640939597315386
3 0.3208317718802167 0.2471308724832215 0.016608183149933557 0.010234899328859133
2 0.5849146594896604 0.3111912751677853 0.02027475896841888 0.013640939597315386
2 0.4636365959186455 0.311996644295302 0.020198105815419174 0.014563758389261732
2 0.8274963376826902 0.3086241610738255 0.02079855551391683 0.014345637583892597
3 0.200754607706197 0.24889261744966448 0.01668483630293323 0.010570469798657693
0 0.08417793751916329 0.9088590604026846 0.008661806288965361 0.010604026845637311