3 0.3207592208642514 0.9926320043103449 0.018469115731394613 0.01060159617456899
2 0.214863357976866 0.280303744612069 0.02078754586561547 0.015262998383620736
3 0.19380950594718466 0.21380657327586206 0.017905173266313808 0.01060159617456899
3 0.44482656318201663 0.9926320043103449 0.018328130115124373 0.01052424989897645
2 0.4631233631601921 0.27733364762931034 0.021852770521879155 0.015923019935344864
3 0.19794508402444347 0.9926320043103449 0.018500445868343537 0.010818165746228488
2 0.338554738651244 0.2784886853448276 0.021570799289338683 0.015861142914870736
3 0.44181887003491926 0.21067147090517244 0.018390790389022225 0.011024422481142248
3 0.3175008866215627 0.21215651939655175 0.01776418765004364 0.01056034482758624
3 0.5663874945438673 0.20984644396551724 0.017905173266313808 0.011323494746767249
3 0.6947157354866871 0.9913119612068967 0.018610101347664706 0.010441747205010945
3 0.6912067601484069 0.20836139547413793 0.018108819156481895 0.0107666015625
3 0.5698964698821476 0.9926320043103449 0.018531776005292464 0.01060159617456899
2 0.7127618943692711 0.2751885775862069 0.021445478741543123 0.015314562567349128
3 0.8185324367088608 0.9906519396551725 0.018046158882584044 0.010482998551993509
3 0.8155247435617635 0.20753636853448276 0.01756054175987548 0.010281898235452568
3 0.19556399361632476 0.6042093211206897 0.018046158882584044 0.010941919787176744
2 0.5884439109559145 0.2766736260775862 0.020991191755783487 0.01485048491379312
2 0.8365785955914448 0.2745285560344828 0.02210341161747042 0.015500193628771513
3 0.5683926233085989 0.6018992456896552 0.017983498608686192 0.011199740705818991
2 0.3403092263203842 0.6712015086206897 0.02144547874154298 0.015737388873922478
3 0.31925537429070283 0.6035492995689656 0.017842512992415956 0.010941919787176744
3 0.44382399879965084 0.6028892780172413 0.018390790389022225 0.010482998551993509
2 0.5894464753382802 0.6698814655172415 0.02106951709815587 0.014850484913793024
2 0.4648778508293322 0.6705414870689655 0.022025086275098176 0.015861142914870736
3 0.6932118889131383 0.6012392241379311 0.01832813011512452 0.011024422481142248
2 0.21674316619380185 0.6718615301724139 0.021147842440528187 0.0155517578125
3 0.940344009166303 0.2072063577586207 0.01749788148597763 0.010859417093211192
2 0.7142657409428198 0.6685614224137931 0.021649124631710925 0.014510161301185273
3 0.817529872326495 0.5999191810344827 0.018046158882584044 0.010642847521551743
3 0.9428504201222174 0.9893318965517243 0.017983498608686192 0.009967356714709013
2 0.8385837243561763 0.667901400862069 0.021602129426287607 0.014850484913793024
3 0.9423491379310346 0.5995891702586207 0.018249804772752135 0.010482998551993509
0 0.07287517732431253 0.9246497844827587 0.009046577044003716 0.01085941709321105