3 0.17233860012869093 0.20098591549295775 0.018231214699363733 0.010369718309859147
3 0.2993002430828626 0.19852112676056338 0.018405483663401744 0.010827464788732423
3 0.17434939586759132 0.5960035211267605 0.018405483663401744 0.010985915492957854
3 0.8088895045399298 0.19415492957746477 0.018056945735325573 0.010739436619718342
3 0.6821289411596482 0.1948239436619718 0.01847251018803168 0.01133802816901408
3 0.4265702080503324 0.19734154929577463 0.01847251018803168 0.011478873239436591
3 0.5543495746049903 0.1960035211267605 0.018539536712661765 0.011443661971830986
3 0.301096553942947 0.5949823943661972 0.018539536712661838 0.010827464788732376
3 0.9366688710945877 0.19346830985915495 0.01847251018803168 0.011126760563380269
3 0.8109405161936084 0.5916197183098592 0.01819099878458574 0.010792253521126819
3 0.6836705512261385 0.5926232394366198 0.019169586044183735 0.011179577464788698
3 0.4286212197040109 0.5946478873239436 0.01894169586044183 0.010422535211267625
3 0.5564005862586687 0.5936443661971831 0.01868699506684783 0.011302816901408429
3 0.9392292843354543 0.5905985915492957 0.018767426896403816 0.01061619718309847
2 0.19410881532851934 0.26903169014084505 0.021622756845642393 0.01545774647887318
2 0.7041940730678486 0.2633978873239437 0.022038321298348502 0.01545774647887318
2 0.32085597340387506 0.2667605633802817 0.022038321298348575 0.016267605633802872
2 0.8309546364481303 0.26286971830985917 0.02257453349538859 0.015827464788732374
2 0.44838063916493887 0.26573943661971827 0.02215896904268248 0.01607394366197184
2 0.5764147065131908 0.26524647887323943 0.021957889468792374 0.01522887323943659
2 0.19628047472653173 0.6657570422535211 0.021622756845642393 0.01540492957746475
2 0.8330056481018088 0.6610387323943662 0.02237345392149863 0.01563380281690134
2 0.7057356831343391 0.6623767605633802 0.021247408307714277 0.015158450704225288
2 0.577446914992493 0.6627288732394366 0.021274218917566368 0.01540492957746475
2 0.3226522842639593 0.665088028169014 0.021622756845642393 0.01607394366197184
2 0.45017695002502317 0.6644014084507042 0.02297669264316865 0.016267605633802872
3 0.42965342818331304 0.9939788732394366 0.01847251018803168 0.010580985915493103
3 0.6852121612926289 0.9933098591549295 0.01868699506684783 0.01086267605633831
3 0.17704386215771786 0.9939788732394366 0.01861996854221775 0.010492957746478926
3 0.30289286480303135 0.9939788732394366 0.01868699506684783 0.010580985915493103
3 0.8119593193679846 0.9919542253521124 0.018325051833845904 0.010492957746478926
3 0.557942196325159 0.9939788732394366 0.01894169586044183 0.010704225352112644
3 0.9392292843354543 0.9912852112676056 0.017641381282619755 0.009683098591549423