3 0.17233502538071063 0.6858070175438596 0.017646273043013572 0.01126315789473684
0 0.04831685813518568 0.9423684210526314 0.009083622762490005 0.010701754385964933
2 0.19380176329147744 0.7543157894736842 0.020651883515896335 0.014596491228070173
3 0.29799625968474486 0.6851403508771929 0.017245524979962602 0.011000000000000038
3 0.42558108469142397 0.6844736842105262 0.01652417846647079 0.011175438596491177
2 0.3202377771840769 0.7536491228070175 0.021827411167512748 0.014526315789473566
3 0.9313384985305905 0.28235087719298246 0.016150146940956314 0.010298245614035105
2 0.7012156024579214 0.7516315789473683 0.02125300561047293 0.014210526315789593
3 0.5529121025915041 0.6831228070175438 0.016711194229227812 0.011438596491227979
3 0.8060512957520705 0.6814561403508771 0.016991717873363635 0.009982456140350943
2 0.44706118087095914 0.7529824561403508 0.0219609938551965 0.015228070175438499
2 0.5738845845578413 0.7529824561403508 0.02085225754742182 0.014315789473684126
2 0.31844776916911566 0.354719298245614 0.02166711194229229 0.014771929824561407
3 0.6797355062783863 0.6831228070175438 0.017111942292278925 0.01121052631578948
2 0.06896874165108201 0.7536491228070175 0.021092706385252454 0.01577192982456135
2 0.8275180336628374 0.750280701754386 0.0220812182741115 0.014877192982456221
2 0.06673791076676462 0.35773684210526313 0.0202110606465402 0.0144736842105263
2 0.4452711728559978 0.35336842105263155 0.021333155223083124 0.014771929824561407
2 0.5723483836494789 0.35270175438596485 0.020972481966337254 0.014649122807017629
3 0.8050227090569061 0.28335087719298246 0.016657761154154398 0.01063157894736842
2 0.19214533796419983 0.35638596491228064 0.020344643334223877 0.014596491228070173
3 0.17027785199038203 0.2883859649122807 0.01744589901148809 0.010947368421052678
3 0.5508682874699439 0.2847017543859649 0.017646273043013645 0.010824561403508804
2 0.6991717873363612 0.35168421052631577 0.020932407160032158 0.014877192982456128
3 0.2967272241517499 0.2873859649122807 0.016858135185679954 0.010263157894736898
3 0.4237910766764627 0.2862105263157894 0.017445899011488016 0.010947368421052678
3 0.9328613411701844 0.6801052631578948 0.01685813518567988 0.010070175438596417
3 0.6776916911568261 0.2837017543859649 0.01744589901148816 0.01063157894736842
2 0.8265028052364413 0.3506842105263157 0.021747261554902555 0.015350877192982466