3 0.17924578059071733 0.2101736111111111 0.016758966244725716 0.009965277777777809
3 0.6796017932489451 0.20425347222222223 0.01644251054852311 0.011232638888888905
3 0.4289820675105485 0.20628472222222222 0.01664029535864984 0.012048611111111095
3 0.5544171940928271 0.20491319444444445 0.016706223628691935 0.011666666666666667
3 0.18076213080168776 0.6010243055555556 0.016442510548523255 0.011545138888888763
3 0.3050632911392405 0.6006944444444445 0.015770042194092875 0.011284722222222286
3 0.6816191983122364 0.5983680555555556 0.016824894514768027 0.011024305555555619
3 0.9304588607594937 0.20208333333333336 0.01761603375527407 0.011232638888888905
3 0.4310785864978903 0.5996875 0.016890822784810126 0.011631944444444571
3 0.8057885021097048 0.5976909722222222 0.01644251054852311 0.010069444444444381
3 0.5559335443037975 0.5990277777777778 0.01782700421940933 0.011180555555555619
3 0.9324894514767933 0.5967013888888889 0.01644251054852311 0.011024305555555619
2 0.32474947257383974 0.27602430555555557 0.02078059071729953 0.015486111111111143
2 0.8259757383966245 0.2707118055555556 0.020978375527426256 0.015069444444444476
2 0.200329641350211 0.2768576388888889 0.020622362869198264 0.015607638888888857
2 0.5756197257383967 0.2727083333333334 0.020925632911392406 0.01449652777777781
2 0.7013053797468355 0.271875 0.022204641350210778 0.015017361111111047
2 0.4504351265822786 0.2751909722222222 0.021215717299578156 0.014670138888888858
2 0.20234704641350212 0.6694791666666667 0.02054324894514763 0.01524305555555543
2 0.3265163502109705 0.6688020833333335 0.021624472573839565 0.015607638888888952
2 0.7033227848101266 0.6668229166666667 0.021954113924050632 0.015364583333333333
2 0.07671413502109706 0.2786805555555556 0.020002637130801682 0.015364583333333333
2 0.4517009493670886 0.6681423611111112 0.021110232067510597 0.015190972222222286
2 0.5776371308016878 0.6678125000000001 0.021624472573839565 0.0153125
3 0.18303006329113924 0.9924652777777777 0.017497362869198264 0.010434027777777905
2 0.8279931434599157 0.6661458333333333 0.0214662447257383 0.0153125
3 0.6826213080168777 0.9919097222222223 0.018103902953586402 0.010677083333333334
3 0.43301687763713076 0.9931423611111111 0.01782700421940933 0.010677083333333334
3 0.5579509493670886 0.9924652777777777 0.01802478902953577 0.010399305555555429
3 0.8078059071729958 0.9911458333333333 0.01708860759493671 0.010121527777777525
3 0.30708069620253164 0.9924652777777777 0.016824894514767957 0.01
3 0.9329113924050633 0.9891493055555556 0.016890822784810126 0.01022569444444457
2 0.07684599156118144 0.670138888888889 0.02038502109704642 0.014010416666666666
3 0.30378428270042196 0.2079513888888889 0.017128164556962026 0.010468749999999952
3 0.8045886075949369 0.20378472222222224 0.017194092827004123 0.008923611111111096