3 0.33017616488433 0.9844154094827587 0.018249804772752135 0.010684098868534496
2 0.22440562254474028 0.27357219827586204 0.02095986161883456 0.015201121363146513
3 0.20748734859231777 0.9844154094827587 0.018328130115124373 0.0107666015625
3 0.7038820384111742 0.9837553879310345 0.018469115731394467 0.01052424989897645
3 0.5790627728066347 0.9844154094827587 0.018610101347664706 0.01052424989897645
3 0.2031011294194675 0.20707502693965518 0.017983498608686192 0.010524249898976308
3 0.45449414829768664 0.9844154094827587 0.018249804772752135 0.0107666015625
2 0.5986127782627674 0.6623248922413794 0.02111651230357919 0.014912361934267248
2 0.34797168267132256 0.2717571390086207 0.021194837645951575 0.01604677397629312
2 0.22628543076167615 0.6643049568965518 0.021649124631711068 0.01508768015894399
3 0.827698739633348 0.9830953663793105 0.017701527376145717 0.010122049265894474
3 0.3269178306416412 0.2052599676724138 0.017842512992415956 0.010684098868534496
2 0.4742947948494108 0.6629849137931035 0.02210341161747056 0.015613634832974222
2 0.4722896660846792 0.27043709590517245 0.021978091069674858 0.015861142914870736
3 0.45123581405499785 0.20393992456896554 0.018108819156481895 0.0107666015625
2 0.7239333260584898 0.6610048491379311 0.021774445179506628 0.014396720096982752
2 0.3494755292448713 0.6636449353448276 0.021038186961206948 0.015262998383620736
3 0.700373063072894 0.20162984913793106 0.01832813011512452 0.010983171134159496
3 0.5760550796595374 0.20311489762931037 0.017701527376145717 0.011375058930495688
2 0.7224294794849411 0.26845703125 0.021476808878491904 0.015139244342672385
3 0.8246910464862507 0.20080482219827586 0.01776418765004357 0.010323149582435368
2 0.5971089316892187 0.27010708512931036 0.020881536276462175 0.014572038321659497
2 0.8467474628982977 0.26763200431034484 0.022401047918485427 0.015675511853448256
3 0.20485561708860758 0.5966527478448276 0.018046158882584044 0.011199740705818991
2 0.8482513094718465 0.6600148168103449 0.021978091069674716 0.014396720096982752
3 0.3284216772151899 0.5956627155172414 0.017842512992415956 0.011106925175107751
3 0.9495103120907901 0.2004748114224138 0.017842512992415956 0.010725350215517248
3 0.7023781918376255 0.593682650862069 0.01832813011512452 0.010983171134159496
3 0.577558926233086 0.5946726831896553 0.017983498608686192 0.010900668440193991
3 0.452990301724138 0.5956627155172414 0.017701527376145717 0.010364400929418024
3 0.9520167230467046 0.9817753232758623 0.017842512992415956 0.00977656923491395
3 0.8266961752509822 0.5926926185344827 0.018108819156481895 0.010482998551993509
3 0.9515154408555216 0.5920325969827587 0.018187144498854283 0.010642847521551743