2 0.22239634790311044 0.2827684563758389 0.02037696317241851 0.014345637583892597
3 0.20186607842469254 0.21741610738255038 0.01760467413892957 0.010402684563758365
2 0.3428312267911287 0.28117449664429534 0.021002963921916095 0.01531879194630875
3 0.446760126733213 0.9743791946308726 0.017885735699928396 0.009932885906040382
3 0.20589036895717647 0.9743791946308726 0.01788573569992847 0.01
2 0.4646075358566416 0.2795637583892618 0.021565087043913755 0.015671140939597306
3 0.4438217558682247 0.21453020134228193 0.01766855176642942 0.010771812080536899
3 0.32278642728170887 0.21582214765100674 0.017464143358430155 0.010352348993288582
3 0.5658407999182368 0.2135738255033557 0.0174130412564303 0.011375838926174518
3 0.6871316390147516 0.2122818791946309 0.017464143358430297 0.010805369127516803
2 0.7081601539876674 0.27795302013422823 0.021194596804415076 0.014731543624161058
3 0.6905554798487378 0.9737248322147652 0.017745204919429127 0.01
3 0.5687791707832249 0.9743791946308726 0.01821789936292708 0.010083892617449616
3 0.8113608489762547 0.9730872483221479 0.01741304125643059 0.010117449664429614
2 0.5863838449221546 0.2792449664429531 0.020760228937416976 0.014446308724832211
3 0.8084224781112663 0.21132550335570477 0.017540796511429715 0.010234899328859062
2 0.8294509930841822 0.2769966442953021 0.021654515722413316 0.014966442953020192
3 0.5673099853507308 0.5928523489932886 0.017745204919428985 0.010805369127516921
3 0.324498347698702 0.5941275167785236 0.017413041256430374 0.010654362416107498
3 0.20357799884168573 0.5947651006711411 0.017464143358430155 0.010939597315436155
3 0.44603192177971596 0.5934899328859061 0.01760467413892957 0.010167785234899232
2 0.34478588219262085 0.6596476510067114 0.020530269478418 0.01501677852349
3 0.6890862944162437 0.5918791946308725 0.018077368582427953 0.010469798657718077
2 0.2246065138146016 0.6602852348993289 0.020875208666916462 0.01479865771812096
2 0.5878530303546486 0.6577181208053692 0.020453616325418148 0.014899328859060385
3 0.9301987871767793 0.21083892617449665 0.01741304125643059 0.01068791946308726
2 0.4665621912581338 0.6596476510067114 0.02148843389091405 0.015436241610738269
3 0.9326389125472695 0.9724496644295304 0.01741304125643059 0.009848993288590388
2 0.8314056484856744 0.6564261744966444 0.021194596804415076 0.014513422818791923
2 0.7101148093891596 0.6577181208053692 0.020926310768916535 0.013892617449664423
3 0.8103771335127586 0.5909228187919463 0.017668551766429133 0.010520134228187886
3 0.9321534425782715 0.590268456375839 0.017745204919429127 0.01023489932885904
0 0.08387132490716454 0.9075671140939598 0.008725683916465114 0.010687919463086927
3 0.32665741150819344 0.9769798657718121 0.01875447143392499 0.010637583892617309