2 0.33163383856438117 0.3274295774647887 0.022078537213126494 0.01540492957746475
2 0.45890380353185095 0.32591549295774647 0.02154232501608641 0.01545774647887318
2 0.08108868949739041 0.7280985915492957 0.021461893186530356 0.01670774647887318
2 0.8414778008150424 0.3230457746478873 0.021904268249088338 0.015528169014084483
2 0.7142078358475726 0.3240669014084507 0.021381461356974444 0.015052816901408429
2 0.2048866804890255 0.3287852112676056 0.021274218917566295 0.015105633802816858
2 0.5864284692929148 0.32524647887323943 0.021488703796382375 0.015052816901408429
3 0.18461785944090942 0.6593661971830985 0.01764138128261961 0.010792253521126819
3 0.4388896832773289 0.6583450704225352 0.017641381282619467 0.010915492957746551
2 0.07864892400085793 0.3302992957746479 0.020764817330378212 0.01570422535211274
3 0.4370933724172446 0.2580105633802817 0.01710516908557938 0.01073943661971839
3 0.6916333023521842 0.2554929577464789 0.017641381282619755 0.01014084507042251
3 0.18282154858082503 0.2605457746478873 0.017708407807249547 0.010704225352112644
3 0.3113650175162651 0.6586795774647887 0.017172195610209464 0.010264084507042337
3 0.6936843140058625 0.6563204225352113 0.017708407807249547 0.010545774647887356
2 0.46070011439193537 0.7267605633802817 0.022078537213126494 0.015528169014084672
3 0.819412668906842 0.254806338028169 0.017507328233359588 0.010299295774647893
3 0.9461598269821976 0.25396126760563376 0.016770036462429257 0.0103697183098591
2 0.33317544863087156 0.7274295774647886 0.02164956745549434 0.01563380281690134
2 0.5884794809465932 0.7260739436619719 0.02154232501608641 0.01540492957746475
3 0.30983681275470076 0.25936619718309856 0.017105169085579453 0.010211267605633812
3 0.8209542789733323 0.6549823943661971 0.01710516908557938 0.010070422535211303
3 0.947701437048688 0.6539612676056337 0.01723922213483926 0.010299295774647893
2 0.7162588475012511 0.7254049295774646 0.02174340458997637 0.014929577464788698
3 0.5664143490383927 0.6576760563380282 0.017507328233359445 0.011619718309859195
2 0.2066829913491099 0.7280985915492957 0.021783620504754433 0.014929577464788698
3 0.5648727389719025 0.2568309859154929 0.016394687924501283 0.011179577464788792
2 0.8430194108815328 0.7240669014084505 0.022199184957460472 0.01522887323943659
0 0.06119521698720241 0.9417429577464788 0.009088796739829846 0.010985915492957854