1 0.09832197100804325 0.3313395182291667 0.019244101480089676 0.011807123819986979
2 0.1005303105221519 0.7188042534722223 0.019843507919633428 0.015784369574652714
2 0.849599073707806 0.714816623263889 0.02085303455465444 0.015306684705946243
2 0.2234401783359705 0.7188042534722223 0.020774165286293514 0.015420913696289062
2 0.34836909941983124 0.7181396484375001 0.021215833189115196 0.015420913696289062
2 0.7244177709651899 0.7161458333333335 0.02050600977386613 0.015244377983941036
2 0.473298020503692 0.7181396484375001 0.021136963920754266 0.015545527140299479
2 0.5987317049050633 0.7168104383680556 0.02126315475013181 0.015130148993598026
1 0.22129493423655064 0.3318379720052083 0.020695296017932515 0.007861031426323753
1 0.3460976644910338 0.3306749131944445 0.021625953384592563 0.007388538784450987
0 0.0824850219211498 0.9321424696180556 0.009006870446828838 0.01055579715304892
1 0.47178373055116035 0.32967800564236116 0.019733090943928007 0.007186041937934059
1 0.828399014372363 0.6470269097222223 0.016310164697059502 0.008333524068196615
1 0.7027129483122364 0.6476915147569445 0.016562546355814875 0.008297178480360306
1 0.5775316455696203 0.6486884223090278 0.015229655720513532 0.008364677429199219
1 0.3269166584256329 0.6506822374131945 0.016065669965140427 0.007414499918619792
1 0.45184557950949367 0.6496853298611112 0.015639775915990903 0.008016798231336868
1 0.20287107314741562 0.6510145399305556 0.015048256403283227 0.008110258314344681