3 0.1942541150041042 0.2064334470989761 0.015708299131636915 0.009095563139931736
3 0.5631010498120707 0.20197952218430032 0.016537780273901567 0.0112627986348123
3 0.43980645440013816 0.20312286689419792 0.01616192163131297 0.011843003412969276
3 0.6886248757938395 0.5901877133105802 0.016537780273901712 0.010699658703071577
3 0.3180023329157126 0.5924744027303754 0.015669417203093297 0.011092150170648551
2 0.21505594677496004 0.27237201365187713 0.020568540199593886 0.014812286689419807
2 0.4601546636713181 0.26926621160409553 0.02030932734263615 0.014197952218430033
2 0.33735257268760527 0.27025597269624574 0.02046485505681078 0.014641638225255917
2 0.8300254892642674 0.2664846416382252 0.02042597312826723 0.014761092150170612
2 0.5839417635114701 0.26829351535836177 0.02113880848490073 0.014590443686006817
2 0.7069771460664448 0.2674744027303754 0.021968289627165453 0.014982935153583602
2 0.21690931870220762 0.6587713310580204 0.020568540199593886 0.014812286689419618
2 0.5859247418671966 0.657150170648464 0.02134617877046709 0.014641638225256012
2 0.3390892988292219 0.6584470989761092 0.02138506069901064 0.015051194539249196
2 0.46213764202704455 0.6577986348122867 0.02069814662807279 0.014419795221843022
3 0.19842744200112322 0.977235494880546 0.016926599559338132 0.010290102389078584
2 0.7094655894932388 0.6561604095563139 0.021579470341729103 0.014692832764505207
2 0.832008467619994 0.6555119453924914 0.02125545427053181 0.015153583617747397
2 0.09367952650451462 0.27433447098976105 0.019687216485937683 0.014982935153583602
3 0.5670670065235235 0.977235494880546 0.018067136129952182 0.010699658703071767
3 0.4440186633257009 0.9779010238907849 0.017587592344580405 0.010904436860068548
3 0.6891173802220589 0.9765870307167234 0.01745798591610143 0.010494880546075365
3 0.3202315634855488 0.977235494880546 0.0166673867023804 0.01034129692832759
3 0.8116732189916619 0.9752901023890784 0.016926599559338062 0.009761092150170802
3 0.9352140666177042 0.9739761092150171 0.0166673867023804 0.010290102389078584
2 0.09367952650451462 0.6597610921501706 0.0201537996284616 0.013037542662116076
3 0.316822914416555 0.20482935153583615 0.016485937702510122 0.009539249146757668
3 0.6863567632954596 0.20104095563139932 0.016926599559338062 0.008993174061433441
3 0.8091718149220202 0.200358361774744 0.017082127273512833 0.009061433447098987
3 0.9323238432626259 0.19977815699658702 0.01682291441655517 0.009709897610921512
3 0.4414135741132759 0.5922866894197951 0.01627856741694376 0.011331058020477751
3 0.5643841534540113 0.5917747440273037 0.016732189916619886 0.009846416382252603
3 0.8110381474921156 0.5897098976109214 0.016006393917138057 0.009795221843003408
3 0.9343457035468958 0.5887542662116041 0.015578692703158157 0.00854948805460746
3 0.19623709335983064 0.5931911262798635 0.016097118417073484 0.010273037542661996