2 0.7086524109545873 0.2773142565016779 0.021121412006971298 0.014732821675755
3 0.20186078855866524 0.21661663695469802 0.01760627107961707 0.010728464830641802
2 0.8294509930841822 0.2766719536493289 0.021518775763976473 0.015194476850880866
2 0.46460993126767286 0.27924116505872487 0.0213965099925902 0.015615988097734904
3 0.32278163645964636 0.21485030411073827 0.017270040208304922 0.010567889117554519
2 0.3430777545097605 0.28052577076342283 0.02087688046419875 0.01585685166736577
2 0.5863866395683577 0.27859886220637586 0.020204418721574385 0.014853253460570481
2 0.22252370392293805 0.2819709521812081 0.020724048249965907 0.014732821675755
3 0.6871336351906109 0.21131763842281884 0.01774382007242659 0.011019508310612427
3 0.4438247501320138 0.21340512269295303 0.017667403965310132 0.010567889117554519
3 0.8084212804057508 0.2103541841442953 0.017804952958119583 0.01043742135067113
0 0.08387431917095357 0.9075739303691277 0.008933042921906406 0.010858932597525002
3 0.2038170409008449 0.5947724412751679 0.017468722086807546 0.011069688220952117
3 0.5658459899754711 0.21276281984060405 0.017010225444109236 0.011280443844379207
2 0.7096305371256773 0.6564335151006713 0.020128002614457928 0.013960051056522692
2 0.3450340068519402 0.6590027265100672 0.020372534157230476 0.014732821675755
2 0.8314072454263619 0.6554700608221476 0.02132009388547374 0.014120626769609809
3 0.32424882571628116 0.5941301384228188 0.01766740396531017 0.010397277422399421
2 0.22435769049373153 0.6596450293624162 0.020632348921426274 0.014562209980599808
2 0.5878538288249924 0.6570758179530202 0.020754614692812475 0.014562209980599808
3 0.6890898875327907 0.5918820784395974 0.017942501950929324 0.010316989565855769
3 0.5673131792321058 0.5928455327181209 0.017468722086807546 0.010437421350671154
3 0.9301979887064356 0.2097118812919463 0.017545138193923858 0.010608033045826323
3 0.4462700655597384 0.5934878355704699 0.017545138193924004 0.009890460327967693
3 0.8103775327479305 0.5909186241610739 0.01774382007242659 0.01020157577207423
2 0.4663216520670801 0.6583604236577182 0.020601782478579706 0.014903433370910192
3 0.9321542410486152 0.5902763213087249 0.01727004020830496 0.010046018050020962
3 0.6905570767894254 0.9737311241610739 0.01774382007242659 0.010121287915530578
3 0.2061400905571833 0.9743734270134229 0.01774382007242659 0.010397277422399232
3 0.44700366018805576 0.9743734270134229 0.01774382007242659 0.010397277422399232
3 0.5687803684887406 0.9743734270134229 0.01812590060800859 0.010201575772074421
3 0.32596054651568834 0.9743734270134229 0.018187033493701692 0.010477565278943075
3 0.8113556589190203 0.972446518456376 0.01733117309399795 0.010161431843802499
3 0.9326433041341602 0.971804215604027 0.017667403965310132 0.009930604256239425