3 0.8256485693565402 0.6393839518229166 0.017146178941686543 0.010436375935872396
2 0.09708581594475212 0.7114935980902778 0.021026546945048775 0.015067842271592819
3 0.9513346354166667 0.6387193467881945 0.0166414156241758 0.010311762491861979
3 0.700467266613924 0.640380859375 0.017414334454113924 0.011100980970594681
3 0.32366145009229963 0.6427069769965278 0.017493203722474995 0.010675218370225632
3 0.4490951344936709 0.6423746744791666 0.01689379728293117 0.010436375935872396
3 0.5747812005537976 0.6413777669270834 0.01722504821004747 0.011017905341254276
3 0.19986824647283757 0.643039279513889 0.01649945094112603 0.01059733496771912
2 0.4710523388053797 0.7094997829861112 0.021594405677248105 0.01495361328125
2 0.34561865440400846 0.7101643880208335 0.021136963920754266 0.014444775051540735
2 0.22094211497890295 0.7114935980902778 0.020584879042227056 0.013894399007161459
2 0.7216673259493671 0.7075059678819445 0.020663748310587985 0.014060550265842077
3 0.9493155821466245 0.2422824435763889 0.01612876537982934 0.010233879089355469
2 0.8473533920094937 0.7068413628472223 0.022004525872725476 0.014226701524522507
3 0.5732669106012659 0.2452731662326389 0.016767606453553487 0.010799831814236143
3 0.8241342794040085 0.24311319986979166 0.015884270647909978 0.009922345479329428
2 0.5964860232067511 0.7081705729166667 0.020979225384032126 0.014008627997504276
3 0.6979434500263714 0.244110107421875 0.01735123903942501 0.010394838121202288
3 0.4475808445411392 0.24660237630208334 0.017019988112308856 0.01084136962890625
2 0.2190492525382384 0.3168843587239583 0.020458688212849442 0.014725155300564268
3 0.19772300237341772 0.24926079644097224 0.01714617894168647 0.011319054497612816
2 0.3435996011339663 0.3152228461371528 0.021594405677248105 0.01495361328125
2 0.5944669699367089 0.3125644259982639 0.020427140505505058 0.014278623792860212
3 0.32189477848101267 0.24759928385416666 0.01714617894168647 0.0104727215237088
2 0.09525604891877638 0.3178812662760417 0.020348271237143986 0.0157220628526476
2 0.719648272679325 0.3112352159288195 0.020900356115671054 0.014278623792860212
2 0.4690332855353376 0.31322903103298616 0.021468214847870565 0.014777077568901878
2 0.8453343387394515 0.3104044596354167 0.02183101348233132 0.014382468329535622
0 0.0895143661820939 0.5852186414930556 0.008596750251351542 0.010716756184895834
0 0.07721076031777427 0.9334716796875 0.0091803828372231 0.010976367526584076