2 0.4599771222106224 0.7024461909112849 0.021949398693396842 0.015498590326323907
2 0.7085080092653007 0.7011262843498948 0.021122003152322866 0.01484894881563979
2 0.3358365685762756 0.7031061441919801 0.02137178293830742 0.015137678375943842
2 0.08811746582604722 0.3138986969020446 0.02032583008449692 0.014570531025346504
3 0.190214953347253 0.24575852067027548 0.016532299584855824 0.010399420055953283
2 0.21282002397885944 0.7037660974726752 0.02091905707621034 0.014673648725455188
2 0.832398783113663 0.6998063777885045 0.02137178293830742 0.014910819435704945
2 0.5841176758449693 0.7017862376305899 0.02107516944245076 0.015137678375943842
2 0.706509770977424 0.3076291407354411 0.02107516944245076 0.015024248905824393
2 0.334337889860368 0.31109389545909044 0.021949398693396842 0.01561201979644345
2 0.4584784434947148 0.30960900057752644 0.021122003152322866 0.01573576103657376
2 0.5821194375570925 0.30878405897665756 0.02104394696920269 0.014622089875400798
3 0.4372471616860237 0.24311870754749507 0.015962489448078418 0.010523161296083591
3 0.31335638783766145 0.24443861410888526 0.01671963442434424 0.010203496425746868
2 0.2110715654769672 0.3125787903406544 0.02045071997748923 0.015086119525889547
2 0.8304005448257862 0.30680419913457224 0.021200059335443038 0.015137678375943842
3 0.5631361738222628 0.6344710029996896 0.01717236028644139 0.010559252491121692
3 0.4387458404019313 0.6351309562803847 0.017047470393448966 0.010523161296083591
2 0.09011570411392403 0.7037660974726752 0.021043946969202657 0.01598324351683447
3 0.31485506655356904 0.6354609329207324 0.016032740012886574 0.009626037305138668
3 0.6875265072425942 0.6331510964382995 0.016782079370840378 0.010007572795540452
3 0.8094190428030796 0.23981894114401958 0.016391798455239512 0.009548699030057227
3 0.561137935534386 0.24196378930627863 0.01710991533994525 0.011157335151751513
3 0.6850287093827482 0.2403139061045409 0.016532299584855824 0.00951260783501922
3 0.8109177215189872 0.6321611665172567 0.015658070333909598 0.008976395794454363
3 0.19158874217016833 0.6361208862014274 0.016594744531351964 0.01008491107062199
3 0.9343089357953802 0.6311712365962141 0.016329353508743375 0.00947651663998112
3 0.9333098166514419 0.23899399954315065 0.016266908562247235 0.009811649165334226
0 0.07131977521858279 0.9301300727510946 0.008945238585573527 0.010940787981523474