2 0.21948851912632572 0.28001280088682434 0.020611737225506795 0.015297142235008417
3 0.1986158738346733 0.21373192039695946 0.017618968231483057 0.01084136962890625
2 0.4624706663744441 0.2772645692567568 0.021578631823575948 0.015600256017736456
3 0.32323784425248037 0.9769320101351352 0.017741748497904535 0.01054835963893576
3 0.6891230381885051 0.9762853673986488 0.018018004097352845 0.010154311721389225
3 0.810429941412932 0.9749920819256757 0.017618968231483127 0.009805730871252081
2 0.34067264208433123 0.2783961940456081 0.021486546623759893 0.015842747043918925
3 0.44184358161563464 0.21098368876689189 0.01787987629762869 0.011053549276815886
3 0.4447903080097503 0.9769320101351352 0.017542230564969678 0.010346283783783671
3 0.2027904028930038 0.9762853673986488 0.018094741763866294 0.010467529296875
3 0.32004555732552176 0.21195365287162163 0.017143194699099817 0.010598878602723828
3 0.5673250138983921 0.9769320101351352 0.018202174496985097 0.010346283783783671
3 0.5638871664385905 0.20985206397804057 0.01740410276524552 0.011225313753695095
3 0.6861763117943894 0.20872043918918923 0.017818486164417988 0.010881784799936678
2 0.7072945176188847 0.2751629803631757 0.02121029102431144 0.015004132245038023
2 0.5850053722630859 0.27661792652027034 0.020887992824955032 0.014549461570945917
3 0.8079743360845022 0.20758881440033786 0.017204584832310663 0.010230090167071352
2 0.8290925419089976 0.2745163376266892 0.02148654662375975 0.015297142235008417
3 0.5658516507013343 0.5931495460304055 0.017542230564969678 0.01076053928684549
3 0.20058035809741706 0.5950894742398649 0.017404102765245448 0.01109396444784636
3 0.32176448105542255 0.5944428315033784 0.017741748497904535 0.01072012411581511
3 0.6881407960571332 0.5921795819256757 0.018018004097352845 0.01038669895481424
2 0.5864787354601437 0.6581371410472973 0.02021270135963686 0.01449894260715799
2 0.342391565814232 0.6600770692567568 0.020765212558533624 0.01495361328125
3 0.9327190867687309 0.9743454391891893 0.01795661396414214 0.009805730871252081
2 0.22145300338906945 0.6607237119932433 0.020841950225047076 0.01478184880437084
3 0.44380806587837845 0.5941195101351352 0.01795661396414214 0.009997702933646527
2 0.4644351506371878 0.6594304265202703 0.02177814975651081 0.015539633261190792
3 0.8099388203472461 0.591209617820946 0.017020414432678266 0.010230090167071352
3 0.9302634814403011 0.20710383234797297 0.017542230564969678 0.01084136962890625
2 0.7087678808159427 0.6578138196790541 0.020458261892479963 0.013842196077913892
2 0.8305659051060555 0.6565205342060811 0.021287028690824893 0.014438319850612325
3 0.9322279657030448 0.5905629750844594 0.017741748497904535 0.010154311721389414
0 0.08007152660472974 0.9103278082770271 0.008763441515833482 0.010720124115814921