2 0.09570664230719039 0.7176326586904802 0.020996998564530866 0.015860428231562338
2 0.093527339162208 0.32825914560562697 0.02001826960720344 0.015377719546253853
0 0.07610596372177997 0.9307830224459537 0.008743312018791574 0.010326517946419245
3 0.32007046848492754 0.6496569320415129 0.016468745921962683 0.010360997138227001
3 0.4442124494323371 0.6486570354790883 0.01704293357692801 0.010360997138227001
3 0.8161425029361867 0.6463469296279695 0.016533994519117867 0.010050684411957389
2 0.33955369959545867 0.3254490914732958 0.02145373874461711 0.01542943833396539
3 0.1966853712645178 0.65031203668586 0.017173430771238448 0.010395476330034757
3 0.6922484666579668 0.6470020342723166 0.017499673757014292 0.01044719511774639
2 0.4634477358736786 0.3241216425886977 0.021166644917134304 0.015619073888908049
2 0.7117316977684978 0.32181153673757884 0.020566357823306906 0.015257042374926802
2 0.21641654704423854 0.32675930076199006 0.020762103614772313 0.014963969244560877
2 0.8356257340467179 0.3213288280522704 0.02104919744225512 0.015084646415888024
3 0.31807386141197963 0.2589559700720615 0.016468745921962683 0.010567872289073537
2 0.5878376614902778 0.3233113815812157 0.021127495758841194 0.015377719546253853
3 0.6897429205272084 0.25483570665103605 0.01696463526034193 0.01032651794641934
3 0.19531515072425937 0.2601110229976209 0.01659924311627305 0.010636830672689048
3 0.44246378702857886 0.2574733648243285 0.017108182174083334 0.010809226631727733
3 0.8146417852016181 0.2538358100886115 0.016912436382617784 0.010516153501361997
3 0.568850319718126 0.6480019308347411 0.01696463526034193 0.012050477536806464
2 0.21816520944799683 0.7176326586904802 0.020918700247944608 0.015257042374926802
3 0.9395276001565965 0.6450367203392752 0.01704293357692815 0.010274799158707801
2 0.8376223411196658 0.7130124469882424 0.02104919744225512 0.014791573285522289
2 0.34155030666840663 0.7169603144502292 0.021166644917134304 0.015498396717580902
2 0.5893383792248467 0.715650105161535 0.020918700247944608 0.015015688032272512
3 0.9375309930836485 0.2533531014033031 0.016390447605376317 0.010481674309554146
2 0.7137283048414457 0.7143226562769369 0.020762103614772313 0.014395062579733098
2 0.46519639827743703 0.7163052098058821 0.021049197442254974 0.015308761162638245
3 0.5663578233067988 0.25566320725442193 0.01665144199399705 0.011860841981863903
0 0.0892731306276915 0.6219356618280867 0.01098786376092911 0.01348136399682795