3 0.32596054651568834 0.9743734270134229 0.0184009985936276 0.010437421350671154
3 0.2058955590144108 0.9743734270134229 0.01794250195092918 0.010201575772074421
3 0.5687803684887406 0.9743734270134229 0.018018918058045636 0.010527745189282693
3 0.4467591286452833 0.9743734270134229 0.01780495295811973 0.01035713349412769
3 0.6905570767894254 0.9737311241610739 0.01818703349370158 0.010161431843802499
3 0.20186078855866524 0.21741951552013422 0.01740758920111448 0.010086161978292789
2 0.22215690660877938 0.28261325503355705 0.020525366371463318 0.014401634267512595
2 0.22435769049373153 0.6622142407718121 0.020953296571315134 0.014793037568162692
3 0.8113556589190203 0.973088821308725 0.01733117309399795 0.010477565278943075
2 0.5878538288249924 0.6602873322147652 0.02055593281430989 0.014512030070260001
3 0.3227816364596464 0.21565318267617453 0.017667403965310205 0.010397277422399327
2 0.4663216520670801 0.6609296350671141 0.021365943549743704 0.01519447685088096
2 0.3430777545097605 0.28084692218959734 0.020953296571315064 0.015495556312919424
2 0.710119600211222 0.6596450293624162 0.021243677778357284 0.014180842662017691
2 0.3450340068519402 0.6615719379194632 0.02087688046419875 0.01508408104813346
3 0.4438247501320138 0.2145291526845638 0.018018918058045636 0.010527745189282716
3 0.6871336351906109 0.21195994127516782 0.017545138193923858 0.01072846483064178
2 0.46460993126767286 0.2798834679110738 0.021778590528172197 0.015314908635696345
3 0.5658459899754711 0.21340512269295303 0.017606271079617142 0.011019508310612405
2 0.7081633478690423 0.27763540792785235 0.021121412006971298 0.014622425873007595
2 0.5863866395683577 0.27892001363255037 0.0206323489214262 0.014451814177852308
3 0.8084212804057508 0.21115706270973159 0.017468722086807692 0.010201575772074254
3 0.20357250935807245 0.5970205012583893 0.01774382007242659 0.01068832090237
2 0.8294509930841822 0.27683252936241615 0.021518775763976473 0.014903433370910192
2 0.8314072454263619 0.6583604236577182 0.020922730128468566 0.014231022572357309
3 0.32424882571628116 0.5963781984060403 0.01754513819392397 0.010648176974098079
3 0.9301979887064356 0.21067533557046983 0.017010225444109236 0.010688320902369952
3 0.9326433041341602 0.971804215604027 0.017606271079617142 0.009775046534186154
3 0.5673131792321058 0.5947724412751679 0.017407589201114407 0.010899076525796924
3 0.6890898875327907 0.5938089869966443 0.01804948450089213 0.01072846483064173
3 0.44578100247419344 0.5954147441275168 0.017331173093998096 0.010161431843802499
3 0.8103775327479305 0.5928455327181209 0.017606271079617142 0.010241719700346152
3 0.9321542410486152 0.5922032298657718 0.017468722086807692 0.010121287915530578