3 0.17264283399935199 0.17193262411347515 0.016362458148828186 0.009450354609929027
3 0.5568500918025705 0.1673049645390071 0.0172264823415055 0.011702127659574443
3 0.42842099578788206 0.16849290780141846 0.016834971379198677 0.012304964539007084
3 0.6876012528350793 0.5706560283687944 0.01722648234150564 0.01111702127659574
3 0.3015444432444109 0.573031914893617 0.01632195701479646 0.011524822695035368
2 0.19431094070633978 0.24044326241134756 0.02142509990279731 0.015390070921985834
2 0.44961658926449943 0.2372163120567376 0.02115509234258559 0.01475177304964537
2 0.32170050761421326 0.23824468085106384 0.02131709687871256 0.015212765957446759
2 0.834890376930554 0.23432624113475176 0.021276595744680764 0.015336879432624073
2 0.5785586996435901 0.23620567375886523 0.02201911653526297 0.015159574468085092
2 0.7067177880980667 0.235354609929078 0.0228831407279405 0.015567375886524815
2 0.19624149476185335 0.6419148936170213 0.02142509990279731 0.015390070921985738
2 0.5806242574792094 0.6402304964539006 0.02223512258343232 0.015212765957446852
2 0.3235095582676315 0.6415780141843972 0.022275623717464044 0.01563829787234056
2 0.4516821471001188 0.640904255319149 0.02156010368290313 0.014982269503546112
3 0.1769899557187601 0.9728014184397163 0.01763149368182311 0.010691489361702224
2 0.7093098606760988 0.6392021276595744 0.022478129387622958 0.01526595744680852
2 0.8369559347661735 0.6385283687943262 0.022140619937358438 0.01574468085106389
2 0.06787990063721784 0.24248226950354607 0.020507074198077534 0.015567375886524815
3 0.5609812074738092 0.9728014184397163 0.01881952694675451 0.011117021276595552
3 0.4328086186413219 0.9734929078014183 0.018320012960362946 0.011329787234042593
3 0.6881142671994817 0.972127659574468 0.018185009180257193 0.010904255319149266
3 0.3038665082622313 0.9728014184397163 0.017361486121611393 0.0107446808510637
3 0.8157738416675667 0.9707801418439717 0.017631493681822895 0.010141843971631108
3 0.9444594448644563 0.9694148936170213 0.017361486121611393 0.010691489361702224
2 0.06787990063721784 0.6429432624113475 0.0209930878064586 0.013546099290780185
3 0.3003159088454477 0.17026595744680853 0.01717248082946327 0.00991134751773051
3 0.6852386866832272 0.16632978723404254 0.017631493681822895 0.009343971631205695
3 0.8131682687115239 0.1656205673758865 0.017793498217950083 0.009414893617021297
3 0.9414488605680958 0.16501773049645388 0.01752349065773858 0.01008865248226949
3 0.4300950426611945 0.5728368794326241 0.01695647478129385 0.011773049645389999
3 0.5581866292256183 0.572304964539007 0.01742898801166427 0.010230496453900742
3 0.8151123231450481 0.5701595744680851 0.016672966843071343 0.010177304964539075
3 0.9435549195377471 0.5691666666666667 0.016227454368722218 0.00888297872340426
3 0.1747083918349714 0.5737765957446809 0.016767469489145728 0.010673758865248146