2 0.22215690660877938 0.2802046193372484 0.020800464357082365 0.015314908635696345
3 0.20149399124450654 0.21533203125 0.017667403965310205 0.010939220454068775
3 0.3254714834301435 0.972446518456376 0.018018918058045636 0.010241719700345963
3 0.6900680137038804 0.971804215604027 0.01774382007242659 0.010161431843802499
3 0.2054064959288659 0.972446518456376 0.017667403965310205 0.010276845637583847
3 0.5682913054031956 0.972446518456376 0.01794250195092918 0.010161431843802499
2 0.22423542472234528 0.6602873322147652 0.020953296571315134 0.014853253460570386
3 0.4462700655597384 0.972446518456376 0.018018918058045636 0.01000587412174923
3 0.8108665958334753 0.9705196098993291 0.017606271079617142 0.009775046534186154
2 0.4660771205243076 0.6583604236577182 0.02194670596382829 0.01585685166736577
2 0.34283322296698804 0.27859886220637586 0.02132009388547374 0.015495556312919424
3 0.3222925733741015 0.21388684983221481 0.01774382007242659 0.010648176974098172
2 0.34454494376639533 0.6596450293624162 0.020678198585696164 0.01519447685088096
2 0.46412086818212794 0.27763540792785235 0.02132009388547374 0.015254692743288558
3 0.4435802185892414 0.21276281984060405 0.01794250195092918 0.010899076525796995
2 0.5873647657394475 0.6573969693791947 0.02055593281430989 0.014682641765415193
3 0.6871336351906109 0.21051475985738258 0.01774382007242659 0.010858932597525144
3 0.20308344627252753 0.5938089869966443 0.017468722086807546 0.010808752687185385
3 0.5653569268899261 0.21163878984899331 0.017468722086807546 0.011019508310612405
2 0.7081633478690423 0.27554792365771813 0.02104499589985484 0.014622425873007595
2 0.5863866395683577 0.27683252936241615 0.020601782478579706 0.014512030070260095
3 0.8079322173202059 0.2093907298657718 0.017606271079617142 0.01027684563758387
2 0.7091414740401323 0.6567546665268457 0.02032668449296066 0.014401634267512502
2 0.8309181823408169 0.6557912122483223 0.021197828114087467 0.014562209980599808
2 0.8289619299986373 0.2747450450922819 0.02173274086390238 0.014682641765415288
3 0.3240042941735087 0.5931666841442954 0.01754513819392397 0.010397277422399421
3 0.9297089256208906 0.2092301541526846 0.017208907322611967 0.010768608758913606
3 0.5673131792321058 0.5915609270134229 0.01774382007242659 0.011019508310612498
3 0.6886008244472457 0.5909186241610739 0.01812590060800859 0.01068832090237
3 0.8098884696623856 0.5899551698825504 0.017407589201114407 0.010276845637583847
3 0.9321542410486152 0.96987730704698 0.01727004020830496 0.009775046534186154
3 0.44553647093142107 0.5928455327181209 0.01774382007242659 0.010316989565855769
3 0.9316651779630702 0.5893128670302015 0.017606271079617142 0.010276845637583847