2 0.10087651746386418 0.6930558488175677 0.020182006293031546 0.01466060329127951
3 0.20075826419774206 0.627098289695946 0.016375818033965518 0.010270505338101733
3 0.8087661435169348 0.6222484691722973 0.016621378566808547 0.00914393244562916
2 0.46449027647109137 0.6917625633445946 0.02091868789156053 0.014276659166490617
3 0.6874592402925078 0.6238650760135136 0.01714319469909967 0.01050794446790538
3 0.32157404635648307 0.6264516469594595 0.016437208167176295 0.01034628378378386
3 0.443372070646596 0.6261283255912162 0.01668276870001925 0.010310920509132113
3 0.9310552888727335 0.6216018264358109 0.016759506366532704 0.009250022269584027
3 0.5656612160023948 0.6248350401182433 0.016314427900754744 0.01080095445787587
2 0.34244669164813546 0.6924092060810811 0.020212701359637004 0.013842196077913892
2 0.5862883007612043 0.6911159206081081 0.0201052686265182 0.01341783678209462
2 0.7080863250513173 0.6898226351351352 0.020366176692663763 0.013781573321368227
2 0.22126256869013 0.6930558488175677 0.019307196894778483 0.013569393673458687
2 0.8298843493414301 0.6891759923986487 0.021240986090916937 0.014216036409945142
2 0.09909620360075265 0.31234493771114863 0.019905750693583236 0.014781848804370744
3 0.4418987074495382 0.242992504222973 0.01694367676616496 0.01042711412584462
3 0.564187852805337 0.24186087943412166 0.016759506366532704 0.010598878602723781
3 0.8077839013855629 0.2399209512246622 0.015930739568187774 0.009805730871252081
2 0.46252579220834766 0.3079800992398649 0.020412219292571865 0.014104894689611456
2 0.21954364496022924 0.31153663429054057 0.02010526862651813 0.013993752969277864
3 0.9295819256756758 0.23895098711993246 0.015761916701858125 0.010033066208298181
2 0.5843238164984605 0.3073334565033784 0.019537409894318836 0.013781573321368227
2 0.3407277679182347 0.31008168813344594 0.020841950225047076 0.014498942607157896
3 0.685494756029764 0.24072925464527026 0.01688228663295411 0.010310920509132208
2 0.7066129618542594 0.3058785103462838 0.02021270135963686 0.013630016430004256
3 0.19879377993499833 0.24557907516891891 0.016621378566808478 0.010720124115815017
3 0.3196095620937393 0.24412412901182434 0.0165599884335977 0.010189674996040973
2 0.8284109861443723 0.3052318676097973 0.020719169958625525 0.013781573321368227
0 0.08166140576890181 0.9103278082770271 0.008832505415695578 0.010230090167071543