3 0.20614587946717547 0.9634563758389263 0.01668483630293323 0.009362416107382312
3 0.3262102681156952 0.9634563758389263 0.01668483630293323 0.009630872483221538
3 0.6900700098797397 0.9621644295302015 0.016493203420434106 0.009546979865771922
3 0.5687791707832249 0.9621644295302015 0.016748713930433083 0.00978187919463077
3 0.4474883316867101 0.9628187919463088 0.015982182400436012 0.009882550335570764
3 0.8113608489762547 0.9608892617449666 0.016301570537934695 0.009882550335570764
1 0.20382073382618474 0.5844966442953021 0.015982182400436085 0.009697986577181154
1 0.324498347698702 0.583540268456376 0.016046060027935793 0.009697986577181154
1 0.6890862944162437 0.5809563758389262 0.01593108029843645 0.009228187919463077
1 0.44577641126971695 0.5828859060402685 0.015982182400436012 0.009228187919463077
1 0.8103771335127586 0.5800000000000001 0.015560590058937913 0.008842281879194615
1 0.5678082308452288 0.5822483221476511 0.016429325792934255 0.00936241610738269
1 0.9292150717132832 0.9602348993288591 0.01050148196095812 0.010083892617449616
0 0.08399908016216401 0.9075671140939598 0.009645521752461417 0.010083892617449616
1 0.9297133172077814 0.5790436241610739 0.009351684665962515 0.008439597315436155
1 0.1036478383810854 0.2723322147651007 0.019814840050420748 0.01209731543624154