2 0.4628982104682656 0.3087870962667786 0.020403100600077117 0.014341418375104904
2 0.583941324140633 0.3081447934144296 0.01994460395737866 0.013799475343435385
3 0.4421130293326066 0.2442356596057047 0.01687267645129964 0.010567889117554519
2 0.7057180324413179 0.30702076342281887 0.020021020064495118 0.013638899630348172
3 0.3222925733741015 0.625924129614094 0.016246064372945238 0.010316989565855769
3 0.5634006745477464 0.243111629614094 0.016949092558416097 0.010567889117554519
3 0.19990453621648555 0.2464837195889262 0.016689277794220372 0.010808752687185385
2 0.10264211507873983 0.6917601719798658 0.020128002614458074 0.014622425873007501
3 0.6846883197628864 0.241827023909396 0.016368330144331512 0.010121287915530578
3 0.20161625701589275 0.626566432466443 0.016612861687103988 0.010046018050020962
3 0.9277526732787109 0.24054241820469802 0.01562709390530242 0.010086161978292789
3 0.4435802185892414 0.625281826761745 0.0161849314872521 0.0103571334941275
3 0.806465028063571 0.24134529677013422 0.016047382494442507 0.009850316399695866
3 0.686644572105066 0.6236760696308725 0.017407589201114407 0.010316989565855769
2 0.22215690660877938 0.6911178691275168 0.019531956978950167 0.013960051056522692
3 0.5653569268899261 0.6243183724832215 0.016123798601559106 0.0103571334941275
3 0.8079322173202059 0.622712615352349 0.01694909255841595 0.009549236937657307
3 0.9292198625353457 0.6220703125000001 0.016429463030024506 0.009514111000419424
2 0.8274947407420026 0.3062178848573826 0.02032668449296066 0.013899835164114905
2 0.34136603371035334 0.31039285339765105 0.020372534157230476 0.014341418375104904
2 0.3430777545097605 0.6911178691275168 0.020403100600077117 0.013899835164114999
3 0.3208253841174668 0.24535968959731547 0.015512469744627916 0.009624506803166923
2 0.22068971735214463 0.3119986105285235 0.019898754293108917 0.014070446859270096
2 0.5858975764828127 0.6898332634228188 0.020204418721574385 0.01332778418624154
2 0.7071852216979526 0.6885486577181209 0.020280834828690843 0.013428144006921154
2 0.46460993126767286 0.6904755662751679 0.020448950264346934 0.014451814177852308
2 0.8289619299986373 0.6879063548657719 0.02132009388547374 0.014010230966862498
2 0.10068586273656016 0.3132832162332215 0.019531956978950202 0.014341418375104904
0 0.0831407245426362 0.9062893246644296 0.009315123457488368 0.010567889117554614