2 0.4528939327804453 0.7048275862068966 0.022274116106503736 0.015741379310344805
2 0.32807507638585776 0.7048275862068966 0.021606285464862526 0.015499999999999924
2 0.7017852466171977 0.7028448275862069 0.021357485814054816 0.014965517241379303
2 0.2045133129637713 0.7054827586206897 0.02123963334788303 0.014965517241379303
3 0.18358795285901355 0.6384827586206897 0.017023134002618928 0.011155172413793176
3 0.9293714535137495 0.6338620689655172 0.01763858577040606 0.010517241379310462
2 0.5774639895242253 0.7041551724137932 0.021475338280226967 0.01513793103448279
3 0.42958533391532083 0.24677586206896554 0.017298123090353605 0.011068965517241432
3 0.8050501964207769 0.6348620689655173 0.017167175905717758 0.010051724137931047
2 0.3265691837625491 0.3155689655172414 0.022025316455696317 0.015310344827586182
2 0.08201222173723265 0.7061379310344829 0.021069402007856838 0.01586206896551725
3 0.43158882584024444 0.6378275862068966 0.0173766914011348 0.010758620689655156
3 0.3070187690964644 0.6381551724137932 0.016905281536446996 0.010396551724137832
2 0.07982540375381929 0.3180517241379311 0.02055870798777826 0.01555172413793097
2 0.4511392405063291 0.3142586206896552 0.021776516804888752 0.016362068965517267
3 0.6787254474028809 0.24412068965517245 0.017560017459624724 0.010517241379310368
2 0.8261065037101702 0.7021896551724138 0.022234831951113213 0.015206896551724185
2 0.2031383675250982 0.3167241379310345 0.02088607594936709 0.014741379310344863
2 0.7002793539938892 0.3117758620689655 0.021567001309472002 0.015137931034482695
2 0.5759580969009166 0.3132586206896552 0.021449148843299855 0.015137931034482695
3 0.9273679615888261 0.24281034482758623 0.01737669140113494 0.01098275862068969
3 0.1815844609340899 0.24941379310344827 0.017023134002618928 0.011275862068965524
3 0.6807289393278045 0.635844827586207 0.01763858577040606 0.01068965517241395
2 0.8250982103884767 0.3111206896551724 0.021724137931034386 0.015258620689655231
3 0.5564076822348321 0.636844827586207 0.017298123090353605 0.01124137931034473
3 0.8035443037974684 0.24379310344827587 0.01763858577040606 0.010568965517241414
3 0.5544041903099084 0.24544827586206902 0.016656481885639503 0.011379310344827616
3 0.3055259711916194 0.24791379310344827 0.016656481885639503 0.01048275862068967
0 0.06196420776953295 0.914051724137931 0.009703186381492791 0.010896551724137756