3 0.19566749314889725 0.20870254801227459 0.01658619339684194 0.009895528048822537
3 0.6908651963982774 0.20282384580905424 0.016273000130497133 0.011154018549805194
3 0.4428291791726477 0.20484087852980723 0.016468745921962683 0.01196427955728717
3 0.5669711601200573 0.20347895045340136 0.01653399451911772 0.011585008447402
3 0.19716821088346598 0.5968175705961452 0.016273000130497203 0.011464331276074807
3 0.32018791595980683 0.5964900182739716 0.01560746443951455 0.011205737337516829
3 0.6928618034712254 0.5941799124228528 0.01665144199399705 0.01094714339895885
3 0.9391361085736655 0.20066889632107024 0.017434425159858966 0.011154018549805194
3 0.4449040845621819 0.595490121711547 0.016716690591152234 0.011550529255594386
3 0.8157510113532558 0.5935075681826016 0.016273000130497133 0.009998965624245756
3 0.568471877854626 0.5948350170671999 0.017643220670755553 0.01110229976209375
3 0.9411457653660446 0.592524911216081 0.016273000130497133 0.01094714339895885
2 0.33967114707033796 0.2740923352756611 0.020566357823306763 0.015377719546253853
2 0.835730131802166 0.2688170189290763 0.020762103614772313 0.014963969244560877
2 0.21653399451911784 0.274919835879047 0.020409761190134393 0.015498396717580997
2 0.5879551089651571 0.2707995724580216 0.020709904737048167 0.014395062579733192
2 0.7123450345817564 0.2699720718546357 0.021975727521858293 0.014912250456849244
2 0.4640610726869372 0.27326483467227525 0.020996998564530973 0.014567458538771876
2 0.21853060159206575 0.6647932972451125 0.020331462873548173 0.015136365203599657
2 0.3414198094740963 0.6641209530048615 0.021401539866892822 0.015498396717580902
2 0.7143416416547043 0.6621556390718201 0.02172778285266874 0.015257042374926802
2 0.09419287485319065 0.27672999344895355 0.019796424376875885 0.015257042374926802
2 0.46531384575231627 0.6634658483605144 0.020892600809082534 0.015084646415888024
2 0.589951716038105 0.6631382960383408 0.021401539866892822 0.015205323587215169
3 0.19941276262560353 0.9855187394407473 0.01731697768497978 0.010360997138227001
2 0.8377267388751141 0.6614832948315691 0.021244943233720524 0.015205323587215169
3 0.6938535821479838 0.9849670723718236 0.017917264778807177 0.010602351480881293
3 0.44682239331854356 0.9861910836809984 0.017643220670755553 0.010602351480881293
3 0.570468484927574 0.9855187394407473 0.017838966462220957 0.010326517946419245
3 0.8177476184262037 0.9842085301520531 0.016912436382617784 0.0100506844119572
3 0.32218452303275474 0.9855187394407473 0.01665144199399705 0.009930007240630244
3 0.9415633563878376 0.9822259766231077 0.016716690591152092 0.010154121987380848
2 0.09432337204750096 0.6654484018894596 0.02017486624037584 0.013912353894424707
3 0.31892209317499665 0.20649587973657896 0.016951585540910894 0.010395476330034757
3 0.8145634868850319 0.20235837671964968 0.017016834138066077 0.008861152294590195