3 0.18802099413399195 0.18534843205574913 0.017346623737485148 0.011062717770034852
3 0.31287434393331276 0.18369337979094078 0.017081991796409873 0.010505226480836238
3 0.6904908922506947 0.18019163763066207 0.017015833811140947 0.010923344947735197
3 0.5648701098222556 0.1815156794425087 0.01741278172275393 0.010923344947735197
3 0.8156088739910907 0.17935540069686412 0.01649980152604436 0.01006968641114985
3 0.18979402813919644 0.5795121951219512 0.017743571649098056 0.010836236933798015
3 0.4387465267057734 0.18268292682926832 0.01741278172275393 0.011010452961672475
3 0.3143959775944957 0.5788327526132405 0.017346623737485148 0.010627177700348512
3 0.5663917434834385 0.5768466898954705 0.01741278172275393 0.010557491289198424
3 0.44051956071097786 0.5775087108013938 0.016698275481850707 0.010156794425087127
3 0.6925153265999205 0.5758362369337979 0.016883517840603383 0.01043554006968634
3 0.8176333083403168 0.5748432055749129 0.016433643540775433 0.010191637630661983
3 0.1923344947735192 0.9726480836236935 0.017889119216689436 0.010679442508710887
2 0.08513209544392009 0.2548780487804878 0.021342566047721945 0.01627177700348426
2 0.20954880254046665 0.25337979094076657 0.021130860494861785 0.015540069686411187
2 0.83789088342963 0.24738675958188153 0.021699819168173845 0.015783972125435544
2 0.3346667842808627 0.25170731707317073 0.021871829929872563 0.015836236933797824
0 0.06557579499845632 0.9179616724738675 0.009910466193269544 0.010975609756097432
2 0.7122701010011908 0.24855400696864108 0.02118378688307668 0.015836236933797824
2 0.4605257354562696 0.25038327526132403 0.022162925065055322 0.016027874564459903
2 0.5866625501698055 0.24904181184668991 0.021210250077184307 0.01614982578397208
3 0.3166850438847969 0.9726480836236935 0.017412781722754 0.01087108013937268
3 0.8186389097164029 0.9706620209059234 0.017081991796409873 0.010034843205575043
2 0.08722268777841485 0.6465331010452963 0.021699819168173592 0.016533101045296233
3 0.5679133771446213 0.9726480836236935 0.017611255678560277 0.010679442508710887
2 0.2112027521721872 0.6462020905923346 0.02091915494200148 0.015540069686411091
3 0.4420411943721607 0.9726480836236935 0.01741278172275393 0.010801393728222971
3 0.6940369602611036 0.9719860627177701 0.017280465752216364 0.010592334494773467
1 0.9376703568120672 0.17902439024390246 0.01046619326952761 0.010871080139372822
2 0.3364398182860671 0.6455400696864112 0.021263176465399422 0.015836236933798015
2 0.839915317778856 0.641864111498258 0.02118378688307668 0.014825783972125351
2 0.4620473691174525 0.6448606271777004 0.022123230273894023 0.01614982578397208
1 0.9402108234463902 0.5735017421602788 0.01091606756935556 0.01
2 0.7142945353504169 0.643205574912892 0.02118378688307668 0.014895470383275248
2 0.5881709522339347 0.6438675958188154 0.021104397300754228 0.015470383275261384
1 0.941732457107573 0.9706620209059234 0.010347108896043716 0.009808362369338207
0 0.07209897234596216 0.9032926829268293 0.006814272482688664 0.009686411149825744