2 0.2224014381515518 0.2819709521812081 0.020250268385844275 0.014341418375104904
3 0.20186078855866524 0.2169377883808725 0.017331173093998096 0.009890460327967693
2 0.3430777545097605 0.2802046193372484 0.02107556234270134 0.01555577220532721
3 0.32253710491687393 0.21549260696308725 0.017132491215495437 0.010316989565855673
2 0.46460993126767286 0.27892001363255037 0.021442359656860015 0.015194476850880866
3 0.6871336351906109 0.21163878984899331 0.017667403965310132 0.010608033045826346
3 0.44406928167478626 0.21436857697147654 0.017545138193924004 0.010005874121749135
2 0.7081633478690423 0.27699310507550334 0.02115197844981765 0.014562209980599808
2 0.5863866395683577 0.2782777107802014 0.020754614692812475 0.014682641765415288
3 0.5658459899754711 0.2129233955536913 0.017407589201114407 0.010858932597525192
3 0.8084212804057508 0.21083591128355705 0.01727004020830496 0.010276845637583942
2 0.8294509930841822 0.2763508022231544 0.021518775763976473 0.014853253460570481
3 0.20357250935807245 0.5950935927013423 0.01740758920111448 0.010808752687185385
2 0.22460222203650396 0.6609296350671141 0.02067819858569609 0.014793037568162692
3 0.32424882571628116 0.5941301384228188 0.017407589201114407 0.010527745189282693
3 0.9301979887064356 0.21035418414429533 0.01713249121549551 0.0103571334941275
2 0.3450340068519402 0.6602873322147652 0.020479516707193432 0.014963649263317886
3 0.6890898875327907 0.5918820784395974 0.017804952958119583 0.01072846483064173
3 0.5673131792321058 0.5928455327181209 0.01774382007242659 0.01068832090237
3 0.44602553401696593 0.5938089869966443 0.017667403965310132 0.010121287915530578
3 0.8103775327479305 0.5905974727348994 0.017545138193923858 0.010648176974098079
2 0.8314072454263619 0.6570758179530202 0.02107556234270148 0.014401634267512502
2 0.4663216520670801 0.6602873322147652 0.021518775763976473 0.015314908635696345
2 0.7096305371256773 0.6577181208053692 0.020204418721574385 0.014070446859270192
2 0.5878538288249924 0.6596450293624162 0.020678198585696164 0.014963649263317886
3 0.9321542410486152 0.5902763213087249 0.017407589201114407 0.0103571334941275
3 0.6905570767894254 0.972446518456376 0.01774382007242659 0.010437421350671154
3 0.44700366018805576 0.9737311241610739 0.017468722086807546 0.010316989565855769
3 0.32596054651568834 0.973088821308725 0.01788136906523604 0.010161431843802499
3 0.2061400905571833 0.973088821308725 0.01754513819392393 0.01004601805002115
3 0.5687803684887406 0.973088821308725 0.018018918058045636 0.010161431843802499
3 0.8113556589190203 0.9711619127516778 0.017545138193923858 0.010201575772074421
3 0.9326433041341602 0.9705196098993291 0.017468722086807692 0.009403715197671924