0 0.08085261980555794 0.9134067796610168 0.00884023057730362 0.010508474576271283
2 0.09783618687085952 0.30723728813559326 0.02018411769766841 0.01442372881355927
3 0.1985631936677278 0.24040677966101692 0.016596403682353968 0.0101864406779661
3 0.3202228340359632 0.23894915254237284 0.016467349221371337 0.00994915254237289
3 0.44273423384668326 0.23764406779661015 0.01628667297599587 0.010152542372881329
3 0.8122816828701711 0.6194915254237288 0.015860793254753366 0.009135593220339046
3 0.810797556568872 0.2342542372881356 0.016286672975995724 0.00932203389830505
2 0.21918609653273682 0.30577966101694914 0.020261550374257954 0.014322033898305052
3 0.6882732513120537 0.234728813559322 0.01646734922137148 0.009542372881355921
2 0.34096188591585647 0.3043220338983051 0.02170696033726234 0.015
2 0.09963004387851673 0.6902203389830509 0.020532564742321263 0.015474576271186417
3 0.32193925836703086 0.6230677966101694 0.016028564054030824 0.009796610169491562
3 0.2000473199690269 0.6240338983050847 0.01635120020648715 0.0101864406779661
3 0.4442183601479824 0.622406779661017 0.016919039834810294 0.010220338983050775
2 0.46348619117267487 0.30301694915254235 0.02133270240041289 0.01535593220338986
3 0.5652585391035017 0.2361864406779661 0.016725458143336598 0.01054237288135596
3 0.9347930826808913 0.6181864406779661 0.017241675987266548 0.009610169491525274
2 0.8315495138948636 0.3002711864406779 0.020932633571367276 0.01494915254237289
2 0.7090252086380452 0.3009152542372881 0.02073905187989329 0.014711864406779683
3 0.5672330723565344 0.6217627118644067 0.017125526972382357 0.010423728813559213
2 0.5865009033812268 0.3020508474576271 0.020842295448679254 0.014372881355932255
3 0.6897573776133529 0.6207966101694915 0.016660930912845463 0.009644067796610329
3 0.9323281424761247 0.23359322033898303 0.016286672975995724 0.009542372881355921
2 0.2209154263099028 0.6902203389830509 0.020455132065731792 0.014542372881355922
2 0.8335240471478963 0.686322033898305 0.021410135077002252 0.014711864406779492
2 0.46546072442570763 0.688915254237288 0.0215391895379851 0.01516949152542376
2 0.3426912156930225 0.6895593220338982 0.02125526972382353 0.014949152542372985
2 0.710999741891078 0.6869661016949152 0.02073905187989329 0.014542372881355922
2 0.5884754366342597 0.6882711864406779 0.021010066247956635 0.015118644067796557