2 0.10050246407948081 0.30718133913590606 0.020021020064495118 0.014281202482697116
2 0.22252370392293805 0.6872640520134229 0.020448950264346934 0.014341418375104808
2 0.46460993126767286 0.6853371434563759 0.02132009388547374 0.015254692743288653
2 0.3430777545097605 0.686621749161074 0.0206323489214262 0.014963649263317886
2 0.7081633478690423 0.6840525377516778 0.02060178247857985 0.014341418375104808
2 0.8289619299986373 0.683410234899329 0.02087688046419875 0.014682641765415193
3 0.5653569268899261 0.6195011010906041 0.01675041067991351 0.0103571334941275
2 0.5863866395683577 0.6853371434563759 0.02032668449296066 0.014562209980599808
3 0.3222925733741015 0.6207857067953021 0.015863983837363274 0.00947898506318154
3 0.6871336351906109 0.6185376468120806 0.01675041067991351 0.009930604256239425
3 0.9267745471076212 0.23476169253355705 0.01562709390530242 0.009478985063181634
0 0.08387431917095357 0.9075739303691277 0.009177574464678873 0.010437421350671154
3 0.4435802185892414 0.6204645553691276 0.016246064372945238 0.009890460327967693
2 0.34136603371035334 0.3046121277265101 0.02156462542824629 0.015023865155725673
2 0.7057180324413179 0.30107946203859065 0.020173852278728033 0.014622425873007595
3 0.8079322173202059 0.6172530411073825 0.01562709390530242 0.0090825637714975
2 0.46265367892549314 0.3033275220218121 0.02104499589985484 0.01555577220532721
3 0.6851773828484312 0.23572514681208057 0.015802850951670246 0.009478985063181634
2 0.5844303872261779 0.3023640677432886 0.02072404824996598 0.014512030070260095
2 0.22068971735214463 0.30605730914429535 0.019944603957378734 0.014732821675755
2 0.8270056776564576 0.3005977348993289 0.020479516707193574 0.014793037568162788
3 0.20161625701589275 0.6217491610738256 0.016184931487252172 0.009965730193477308
2 0.10245871642166049 0.6872640520134229 0.020372534157230515 0.015615988097734809
3 0.4418684977898341 0.23861550964765102 0.016123798601559106 0.010046018050020962
3 0.5634006745477464 0.23781263108221481 0.0161849314872521 0.010005874121749135
3 0.32058085257469426 0.2402212667785235 0.016123798601559033 0.009850316399695866
3 0.200149067759258 0.24134529677013422 0.016307197258638374 0.010276845637583847
3 0.806465028063571 0.23540399538590606 0.015565961019609428 0.009187941583210962
3 0.9287307994498009 0.616931889681208 0.01630719725863852 0.00925819345768673