2 0.21643986428940798 0.28315946917706875 0.02176677816930928 0.015893171874300453
3 0.19520043167690349 0.2185220683770683 0.017571626202488946 0.010993423276955051
2 0.33753286855803144 0.2809454449152542 0.021259012807311 0.015713966498940694
3 0.316536312698959 0.21589976165254238 0.017306719939720813 0.010421908103813564
2 0.4600539474533253 0.27980998411016944 0.021614101619633463 0.015288168697033862
3 0.43930440989847713 0.21460209216101694 0.01784707248021169 0.010584116790254257
3 0.6850876226017379 0.21216896186440679 0.01784707248021169 0.01083756786281782
2 0.5833160812612923 0.27948556673728814 0.021135503655198725 0.014375744835805051
2 0.7063311967650349 0.27786347987288135 0.021166380943226867 0.014487263307733068
3 0.5620725070979953 0.21362884004237287 0.017445667735847013 0.011222813493114358
3 0.807114664888583 0.2113579184322034 0.017306719939720813 0.010188733117055098
3 0.19623839854168457 0.6001721398305084 0.017584615531973213 0.010797015691207624
2 0.8288522756603286 0.27705243644067795 0.02203094500801221 0.014943475238347426
2 0.2174819727049815 0.6663532838983051 0.021011994503086523 0.014882646980932274
2 0.3390149783833778 0.6657044491525423 0.021212696875268933 0.015409825211864358
3 0.9301297803923255 0.21103350105932203 0.017306719939720813 0.010675359176377129
3 0.31826544082852964 0.5995233050847457 0.017847072480211616 0.010715911347987231
3 0.6865697324270842 0.5972523834745762 0.01798602027633789 0.01091867220603812
2 0.5843041544781898 0.6640823622881356 0.020811292130904255 0.01465961003707624
3 0.5640486535317905 0.5982256355932203 0.01792426570028175 0.011009914592160991
3 0.8090908113223779 0.5962791313559321 0.017646370108029205 0.010543564618644155
2 0.7078133065903811 0.6634335275423728 0.02073409891083405 0.01415270789194911
2 0.8303343854856748 0.6624602754237288 0.02161410161963361 0.014771128509004257
3 0.44103353802804784 0.5991988877118644 0.01778531790415555 0.010224216267214009
2 0.46178307558289594 0.6650556144067796 0.02166041755167553 0.015470653469279606
3 0.9325999634345693 0.5959547139830508 0.017785317904155697 0.010345872782044505
3 0.4420216112449453 0.9823358050847457 0.017445667735847013 0.010031593452065788
3 0.31974755065387594 0.9823358050847457 0.017847072480211616 0.010345872782044505
3 0.19846156327970405 0.9823358050847457 0.017723563328099486 0.010305320610434213
3 0.6875578056439816 0.981686970338983 0.01784707248021169 0.010107628773834752
3 0.5655307633571367 0.9823358050847457 0.018202161292534155 0.010345872782044505
3 0.8100788845392756 0.9803893008474577 0.017507422311903005 0.01006707660222446
3 0.9321059268261205 0.9797404661016949 0.017306719939720813 0.009762935315148222
0 0.07507592031962487 0.9161546610169491 0.009633713864750917 0.010381355932203557