3 0.19440964271827882 0.2002730375426621 0.02073702855661641 0.0137542662116041
2 0.09288892729079362 0.26883959044368594 0.025052922624962223 0.024607508532423217
3 0.31604527584568193 0.1981399317406143 0.016602583488140983 0.01052901023890783
3 0.5638657277400958 0.5830716723549488 0.017056205987816892 0.010648464163822572
1 0.9295373050503304 0.580136518771331 0.010783254849440387 0.010409556313993183
1 0.9311573854063162 0.9684982935153582 0.011081349634941886 0.01052901023890816
3 0.8099624141357412 0.5807849829351535 0.016485937702510122 0.0101023890784982
3 0.3170302847021212 0.5847098976109214 0.01666738670238047 0.010375426621160387
3 0.4388344061865468 0.19667235494880544 0.01699140277357755 0.01049488054607508
3 0.687406575366138 0.582098976109215 0.01712100920205638 0.010290102389078393
3 0.4405711323281635 0.5840443686006825 0.01660258348814091 0.010409556313993183
3 0.8079794357800145 0.19356655290102387 0.016485937702510122 0.009863481228668954
3 0.5623752538125891 0.19568259385665526 0.01745798591610143 0.010580204778156977
3 0.6854235970104117 0.19453924914675766 0.016602583488141056 0.010375426621160434
3 0.1948632652179548 0.5856825938566552 0.016926599559338132 0.010460750853242379
2 0.09432755864690888 0.652320819112628 0.02113880848490084 0.01600682593856656
2 0.21408389856136864 0.2659044368600682 0.020270445414092533 0.015102389078498295
2 0.8293126539076338 0.2605290102389078 0.020905516913639007 0.015102389078498295
2 0.33662677668812374 0.2642832764505119 0.02102216269926994 0.015153583617747397
2 0.46016762431416597 0.26296928327645047 0.021579470341728958 0.015392491467576784
2 0.7067568151380307 0.2610068259385665 0.02056854019959367 0.0149317406143345
2 0.5837214325830561 0.2619965870307167 0.020542618913898164 0.015341296928327685
1 0.9275413660517561 0.1930716723549488 0.01001857692141544 0.01046075085324233
2 0.33862271568669805 0.6516723549488055 0.02069814662807279 0.015153583617747397
2 0.7087397934937573 0.6490443686006825 0.021138808484900875 0.014982935153583602
2 0.8312956322633602 0.6477474402730375 0.020905516913639007 0.014982935153583602
2 0.2161964833455739 0.652320819112628 0.020425973128267157 0.014982935153583602
2 0.46165809824167275 0.6506825938566553 0.02170907677020779 0.01546075085324219
2 0.5847064414394954 0.6500341296928327 0.020931438199334657 0.01546075085324219
3 0.44230785846978 0.9724232081911263 0.0173154188447747 0.010255972696245787
3 0.811452888063248 0.9697952218430033 0.01673218991662003 0.010699658703071767
3 0.5653562016676026 0.9717576791808873 0.017522789130340773 0.010494880546075365
3 0.3190132630578476 0.9724232081911263 0.017198773059143767 0.010614334470989964
3 0.197209141573422 0.9717576791808873 0.017250615630535284 0.010409556313993183
3 0.6884045448654251 0.9711092150170647 0.016848835702250965 0.010460750853242568
0 0.07342204173326997 0.9162286689419794 0.009668639564522404 0.010904436860068548
0 0.07956538644316757 0.9025255972696246 0.00571564349591738 0.009607508532423405