2 0.2221536129186114 0.28052013422818795 0.020530269478417854 0.014966442953020192
3 0.20136783293019453 0.21565436241610741 0.01760467413892957 0.010469798657718148
2 0.3428312267911287 0.27859060402684566 0.021194596804415218 0.015369127516778557
3 0.32228818178721086 0.2143624161073826 0.017068102067931728 0.01023489932885904
0 0.08344973256566621 0.9075671140939598 0.009287807038462844 0.010906040268456535
2 0.46436480087214266 0.2776342281879195 0.021399005212414342 0.015134228187919424
2 0.7081601539876674 0.2757046979865772 0.021002963921915953 0.014228187919463077
2 0.5863838449221546 0.2768288590604027 0.02079855551391683 0.014228187919463077
3 0.6866461690457535 0.21067114093959732 0.017809082546928836 0.01057046979865774
3 0.5653553299492385 0.21179530201342284 0.017464143358430155 0.010855704697986563
3 0.20320750860218717 0.5951006711409397 0.01754079651142986 0.010721476510067116
3 0.8079370081422683 0.20971476510067116 0.017068102067931475 0.009932885906040264
2 0.22423602357510308 0.6602852348993289 0.021156270227915365 0.014563758389261732
2 0.8289655231151841 0.27474832214765105 0.021437331788914195 0.014446308724832211
3 0.9301987871767793 0.20907718120805371 0.01741304125643059 0.010687919463087236
3 0.32400010220420405 0.5944463087248323 0.017413041256430336 0.01043624161073827
2 0.34454314720812185 0.6596476510067114 0.02083688209041654 0.014848993288590578
3 0.6886008244472457 0.5921979865771813 0.01793683780192825 0.01060402684563769
3 0.8098916635437606 0.5909228187919463 0.017464143358430297 0.010285234899328847
2 0.8309201785166764 0.6564261744966444 0.021399005212414484 0.014446308724832307
3 0.44577641126971695 0.5938087248322149 0.017809082546928836 0.009848993288590577
3 0.5673099853507308 0.5931711409395973 0.01754079651142986 0.010771812080536923
2 0.7096293394201616 0.6573993288590605 0.019942595305420054 0.013691275167785193
2 0.46607672128913574 0.6596476510067114 0.021271249957414924 0.015083892617449616
2 0.5878530303546486 0.659010067114094 0.02027475896841888 0.014228187919463077
3 0.9316679726092735 0.5906040268456377 0.01741304125643059 0.010050335570469807
3 0.20564763397267743 0.9730872483221479 0.017745204919428985 0.010285234899329225
3 0.32571202262119714 0.9730872483221479 0.01793683780192825 0.010117449664429614
3 0.446760126733213 0.9730872483221479 0.0174130412564303 0.01020134228187923
3 0.5687791707832249 0.9724496644295304 0.018077368582427665 0.010117449664429614
3 0.6900700098797397 0.9724496644295304 0.018013490954927956 0.010167785234899232
3 0.8108626034817566 0.9711577181208054 0.017668551766429133 0.009882550335570764
3 0.9321534425782715 0.9698825503355706 0.017668551766429133 0.009513422818791924
1 0.4438217558682247 0.21323825503355706 0.01754079651142986 0.010352348993288582