3 0.20067968682784135 0.21208474576271183 0.01622214574550459 0.011288135593220403
2 0.22078637184892025 0.27796610169491526 0.020816484556482797 0.01535593220338986
2 0.3426912156930225 0.27611864406779657 0.020842295448679254 0.015779661016949168
2 0.46546072442570763 0.2749830508474576 0.02148756775359205 0.01552542372881362
2 0.7114901488428116 0.27303389830508473 0.020971349909661957 0.014881355932203348
3 0.32219736728899595 0.2094406779661017 0.017048094295792852 0.01054237288135596
2 0.5884754366342597 0.27416949152542375 0.020739051879893437 0.015050847457627109
3 0.44496687602168117 0.20815254237288136 0.018119246321947863 0.010508474576271187
3 0.6902477845650864 0.20603389830508473 0.017783704723393235 0.01076271186440683
2 0.8340144540996299 0.27222033898305087 0.021410135077002252 0.01511864406779665
3 0.8127720898219047 0.20506779661016947 0.01751269035532989 0.010338983050847426
3 0.20189279876107716 0.5940338983050847 0.017383635894347476 0.01088135593220329
3 0.567723479308268 0.20716949152542374 0.01744816312483861 0.01091525423728811
2 0.22313516303880238 0.6595762711864406 0.02104878258625139 0.014322033898305145
2 0.34442054547018836 0.6589322033898304 0.020338983050847387 0.014711864406779492
2 0.5899595629355587 0.6576271186440678 0.02076486277208989 0.014542372881355922
2 0.4671900542028736 0.6589322033898304 0.02146175686139545 0.01516949152542376
3 0.9357868020304568 0.20474576271186437 0.0177191774929021 0.010762711864406782
3 0.3239266970661619 0.5933898305084746 0.017512690355330037 0.010508474576271283
3 0.6922223178181192 0.5911186440677966 0.017990191860965447 0.010677966101694854
2 0.7134646820958445 0.6576271186440678 0.021139120708939196 0.013728813559321982
3 0.8147466230749377 0.5901525423728813 0.017848231953884373 0.010389830508474536
3 0.569710918007399 0.5921016949152542 0.017783704723393235 0.01071186440677972
2 0.8359889873526627 0.656 0.021577905876279783 0.014491525423728717
3 0.9377613352834896 0.5894915254237288 0.0177191774929021 0.010423728813559213
3 0.4466962057988471 0.5933898305084746 0.016777079927729508 0.01010169491525422
3 0.6932160371676847 0.9775084745762712 0.018119246321947717 0.010101694915254408
3 0.20437064441194183 0.9775084745762712 0.018235395336832123 0.009881355932203253
3 0.4476770197023143 0.9781525423728813 0.01784823195388466 0.0101864406779661
3 0.5706917319108663 0.9775084745762712 0.017990191860965447 0.010033898305085056
3 0.8157403424245031 0.9762033898305085 0.017383635894347334 0.010033898305085056
3 0.32539791792136274 0.9775084745762712 0.017783704723393235 0.00991525423728793
3 0.9382517422352232 0.9755593220338983 0.01764174481631245 0.009762711864406887