2 0.0647693402685012 0.7278919956140351 0.020774456067993587 0.015950520833333332
2 0.44280051930269837 0.726548793859649 0.02224464834357472 0.015352376302083333
2 0.31598045518300827 0.7272203947368421 0.021669355713999444 0.014995588336074471
2 0.569876269035533 0.726548793859649 0.02182915922221487 0.01437645627741233
3 0.16806632797889393 0.6593887061403508 0.016987112923290176 0.011007958127741139
2 0.1899274479027518 0.7278919956140351 0.021205925540175023 0.014932625753837669
2 0.6972077043815121 0.7252055921052631 0.021205925540175023 0.014596825315241138
3 0.2939914924525781 0.6583813048245614 0.01717887713314853 0.01046228241502187
3 0.42106724218541275 0.6580455043859649 0.01757838590368695 0.010787589089912331
2 0.062148562733769695 0.33097587719298244 0.020726515015528996 0.014880156935307032
2 0.5678307841303767 0.3262746710526315 0.020774456067993604 0.014596825315241233
3 0.675218741651082 0.6563665021929824 0.017242798536434813 0.010787589089912331
2 0.4410107200106866 0.32728207236842105 0.021205925540175023 0.015173982319078903
2 0.31419065589099654 0.3282894736842105 0.021909060976322437 0.014932625753837764
3 0.9293702411167513 0.6543516995614035 0.01698711292329025 0.010624935752467195
3 0.1665322143000267 0.26180098684210523 0.017450543097114597 0.011396227384868401
2 0.6951622194763559 0.3252672697368421 0.020966220277851885 0.014932625753837764
2 0.18788196299759552 0.32996847587719297 0.020806416769636675 0.014712256716008766
3 0.8025501769970611 0.655359100877193 0.01677936836261025 0.010026791221217196
2 0.8240277685012022 0.7245339912280702 0.022004943081251577 0.014827688116776396
3 0.5483986775313919 0.6577097039473684 0.01757838590368695 0.010829564144736802
3 0.2924573787737109 0.25995408442982454 0.016987112923290176 0.010105494449013198
3 0.4197888141196901 0.2591145833333333 0.017370641343006955 0.011049933182565799
3 0.5463531926262356 0.25743558114035087 0.017514464500400808 0.011133883292214932
3 0.6736846279722147 0.25626027960526315 0.017114955729862533 0.0101841976768092
2 0.8219822835960459 0.3242598684210526 0.02146161115331959 0.014932625753837764
3 0.927836127437884 0.25474917763157895 0.016715446959323966 0.0100267912212171
3 0.8010160633181939 0.2557565789473684 0.016275987311731976 0.010299629077576734
0 0.044314491216938284 0.921984649122807 0.009596200668330888 0.010955489309210406