3 0.20437064441194183 0.964271186440678 0.017512690355329964 0.010457627118644269
3 0.8157403424245031 0.9623220338983051 0.016596403682353753 0.00972881355932221
3 0.32539791792136274 0.964915254237288 0.01724167598726669 0.010881355932203482
0 0.08085261980555794 0.9117118644067795 0.009627462789297093 0.010576271186440635
3 0.20053772692076052 0.19864406779661017 0.016854512604319014 0.010627118644067792
3 0.6932160371676847 0.9636271186440678 0.016919039834810294 0.010305084745762466
3 0.4476770197023143 0.964271186440678 0.016854512604319014 0.010677966101694665
3 0.5706917319108663 0.964271186440678 0.016854512604319014 0.010389830508474916
3 0.6902477845650864 0.193135593220339 0.016596403682353753 0.010457627118644031
3 0.8122816828701711 0.19216949152542373 0.016144713068914938 0.00994915254237289
3 0.20189279876107716 0.5817796610169491 0.016919039834810294 0.010033898305084676
3 0.32193925836703086 0.1965423728813559 0.01659640368235404 0.009983050847457615
3 0.567723479308268 0.19427118644067798 0.01724167598726669 0.01083050847457623
3 0.4444635636238492 0.1955593220338983 0.017048094295792852 0.010457627118644031
2 0.22128968424675213 0.2645084745762712 0.020261550374257954 0.01494915254237289
2 0.09981072012389229 0.26628813559322034 0.020971349909661884 0.01608474576271192
3 0.32366858814419686 0.5811355932203389 0.01659640368235404 0.009881355932203443
2 0.7114901488428116 0.2597966101694915 0.020842295448679396 0.015237288135593208
2 0.8340144540996299 0.2589830508474576 0.020584186526714277 0.015169491525423667
3 0.4461928934010152 0.5801694915254237 0.01659640368235404 0.009949152542372795
2 0.22301901402391808 0.6473220338983051 0.020106685021078867 0.015118644067796557
3 0.5692076056095672 0.5795084745762712 0.016725458143336598 0.010220338983050775
3 0.8142562161232041 0.5772372881355932 0.016144713068914938 0.009694915254237345
3 0.6922223178181192 0.5782203389830508 0.016725458143336598 0.010067796610169542
2 0.3431945280908544 0.2630508474576271 0.02125526972382353 0.015593220338983069
2 0.7134646820958445 0.6444067796610169 0.020842295448679396 0.014661016949152478
2 0.4674352576787404 0.6460169491525423 0.021371418738707716 0.015237288135593304
1 0.9343026757291577 0.5759491525423729 0.011330981674266436 0.009576271186440598
2 0.5889787490320916 0.26061016949152543 0.020661619203303786 0.015237288135593208
2 0.46595113137744126 0.2619152542372882 0.02141013507700254 0.01552542372881362
2 0.5904499698872924 0.6450508474576271 0.02045513206573172 0.015050847457627204
2 0.8359889873526627 0.6434237288135594 0.020764862772089745 0.014491525423728717
2 0.10166910436204077 0.6476440677966102 0.02137141873870775 0.015830508474576278
2 0.34492385786802027 0.6466779661016949 0.021010066247956635 0.015474576271186417
1 0.9318377355243911 0.19216949152542373 0.010776047492041519 0.010457627118644031
1 0.9352963950787232 0.9616779661016949 0.010866385614729397 0.009949152542372606
1 0.08709885571711262 0.8916101694915254 0.006246235911554698 0.009355932203389632