3 0.20652826276735053 0.20591998922413793 0.017842512992415956 0.010524249898976308
2 0.2277074353448276 0.2729121767241379 0.0210695170981558 0.015139244342672385
2 0.35114817492361416 0.2714271282327586 0.021931095864251397 0.015984896955818992
3 0.33034496398952423 0.2044349407327586 0.017638867102247865 0.010400495858028004
2 0.47596744052815365 0.2702720905172414 0.021852770521879155 0.015737388873922384
2 0.7258566128328241 0.268292025862069 0.021649124631710925 0.015025803138469863
2 0.6010373472282846 0.26961206896551726 0.02124183285137489 0.014675166689116377
3 0.7043014786119598 0.2009698275862069 0.018249804772752135 0.0107666015625
3 0.45491358849847235 0.2032799030172414 0.018249804772752135 0.010983171134159496
3 0.8286194620253164 0.19997979525862072 0.017701527376145717 0.010400495858028004
2 0.8501745962461807 0.26713698814655173 0.021852770521879013 0.015262998383620736
3 0.20853339153208206 0.5943426724137931 0.017983498608686192 0.010859417093211239
3 0.5794822130074204 0.20195985991379312 0.018046158882584044 0.011282243399784496
2 0.22983788465735489 0.6623248922413794 0.021241832851374962 0.014850484913793024
3 0.953438727629856 0.19931977370689655 0.018046158882584044 0.010941919787176744
3 0.33209945165866434 0.593682650862069 0.017764187650043714 0.01060159617456899
2 0.35315330368834574 0.6616648706896552 0.02111651230357919 0.015675511853448256
2 0.8516784428197295 0.6580347521551725 0.021931095864251397 0.014963926117995735
2 0.6020399116106504 0.6596848060344829 0.021038186961206948 0.014963926117995735
2 0.7273604594063728 0.6593547952586207 0.02106951709815573 0.01467516668911647
3 0.8301233085988652 0.5903825431034484 0.017905173266313808 0.010642847521551743
3 0.45666807616761246 0.5930226293103449 0.018187144498854283 0.010524249898976261
3 0.7058053251855085 0.5910425646551725 0.01871975682698616 0.010818165746228488
2 0.4777219281972938 0.6610048491379311 0.022025086275098176 0.015984896955818992
3 0.581487341772152 0.5920325969827587 0.017905173266313808 0.011416310277478487
3 0.9554438563945876 0.5893925107758621 0.018108819156481895 0.010323149582435272
3 0.21078916139240506 0.9837553879310345 0.018108819156481895 0.010323149582435463
3 0.4576706405499782 0.9837553879310345 0.017983498608686192 0.010281898235452521
3 0.33385393932780444 0.9837553879310345 0.017983498608686192 0.010323149582435463
3 0.5824899061545178 0.9837553879310345 0.018249804772752135 0.010441747205010945
3 0.7068078895678743 0.9824353448275862 0.018108819156481895 0.010441747205010945
3 0.831125872981231 0.9817753232758623 0.017701527376145717 0.010240646888469958
3 0.9554438563945876 0.9804552801724139 0.017435221212079778 0.00974047430630397