3 0.19045198926660575 0.22011125465469086 0.017172360286441316 0.010363328860915276
3 0.3137183136500065 0.21895633641347445 0.017312861416057698 0.010399420055953283
3 0.5617496411327156 0.2159865466503465 0.017578252438666286 0.011157335151751513
3 0.4373593077123841 0.2171414648915629 0.01784364346127502 0.01098203506156691
3 0.6876386532689547 0.606678888821846 0.01770314233165871 0.010559252491121692
3 0.5632483198486232 0.6076688187428886 0.018764706422093207 0.011373882321979552
3 0.8100307484014093 0.21367671016791365 0.017921699644395193 0.010239587620784921
3 0.3154667721518987 0.6093187019446263 0.017843643461274948 0.010399420055953283
2 0.5847293814432989 0.6756440066544839 0.021824508800404565 0.015137678375943842
3 0.19195066798251337 0.6099786552253215 0.017437751309049974 0.011105776301697219
3 0.439357546000261 0.6086587486639313 0.018405647979740265 0.01119858223179495
2 0.3366980539605898 0.6769639132158741 0.022199178479381396 0.016416337857290547
3 0.6856404149810778 0.21483162840913006 0.016969414210328795 0.010007572795540546
2 0.4605888278089521 0.6763039599351791 0.02127811551856321 0.015797631656639007
2 0.7091197148636303 0.6743241000930937 0.02160595148766794 0.015312978466128445
3 0.812028986689286 0.6060189355411508 0.017921699644395193 0.01008491107062199
2 0.21318194979120447 0.6776238664965692 0.02137178293830742 0.01585950227670416
3 0.6873417721518987 0.9949832775919732 0.017721518987341773 0.010033444816053512
3 0.31518987341772153 0.9949832775919732 0.017721518987341773 0.010033444816053512
3 0.43924050632911393 0.9949832775919732 0.017721518987341773 0.010033444816053512
2 0.8330104887119926 0.6736641468123987 0.02212112229626137 0.015374849086193599
3 0.19367088607594937 0.9949832775919732 0.017721518987341773 0.010033444816053512
3 0.8113924050632911 0.9949832775919732 0.017721518987341773 0.010033444816053512
3 0.5632911392405063 0.9949832775919732 0.017721518987341773 0.010033444816053512
3 0.9334219626778023 0.2131817452073923 0.01770314233165871 0.010724240811295388
2 0.09216364348166513 0.2892413608075027 0.014612117480099171 0.015199548996008996
3 0.9354202009656791 0.6050290056201082 0.017921699644395193 0.010523161296083591
2 0.3349495954586976 0.2861065827242009 0.021496672831299697 0.016292596617160333
2 0.7071214765757535 0.2824768396803779 0.02202745487651716 0.01573576103657376
2 0.45884036930705985 0.28511665280315823 0.021449839121427592 0.015436719706258848
2 0.21130860139631996 0.28759147760576487 0.02160595148766801 0.016045114136899623
2 0.5827311431554221 0.2836317579215943 0.021824508800404565 0.01561201979644345
2 0.8305126908521466 0.28165189807950897 0.021122003152322866 0.015498590326324002
3 0.9364193201096175 0.9944014412302175 0.017172360286441243 0.010363328860915372
2 0.09441166155552655 0.6782838197772644 0.013425663496672324 0.015199548996008996
0 0.07380482921179693 0.9284061131607073 0.00933551950117448 0.010940787981523474