3 0.18284798290141596 0.18591228070175436 0.016190221747261552 0.009350877192982427
3 0.56301095378039 0.18133333333333332 0.017045150948437046 0.01157894736842105
3 0.43593374298690885 0.18250877192982456 0.016657761154154398 0.012175438596491214
3 0.6923857868020304 0.5804385964912281 0.017045150948437192 0.011000000000000038
3 0.31039273310179 0.5827894736842105 0.016150146940956456 0.011403508771929865
2 0.204288004274646 0.25370175438596493 0.021199572535399443 0.015228070175438594
2 0.45690622495324607 0.25050877192982457 0.020932407160032012 0.014596491228070173
2 0.33033662837296285 0.2515263157894737 0.0210927063852524 0.015052631578947361
2 0.8381244990649211 0.2476491228070175 0.021052631578947448 0.015175438596491233
2 0.5844910499599252 0.24950877192982457 0.021787336361207506 0.015
2 0.7113010953780391 0.24866666666666665 0.022642265562383145 0.015403508771929732
2 0.20619823670852258 0.6509473684210527 0.021199572535399443 0.015228070175438499
2 0.5865348650814854 0.6492807017543859 0.022001068661501453 0.015052631578947361
2 0.3321266363879241 0.6506140350877193 0.02204114346780655 0.015473684210526433
2 0.4589500400748063 0.6499473684210526 0.021333155223083124 0.014824561403508862
3 0.18714934544483033 0.9783508771929824 0.01744589901148809 0.010578947368420966
2 0.7138658829815655 0.6482631578947369 0.02224151749933218 0.01510526315789472
2 0.8401683141864815 0.6475964912280701 0.02190756078012294 0.015578947368420965
2 0.07918781725888324 0.255719298245614 0.02029121025915041 0.015403508771929732
3 0.5670985840235105 0.9783508771929824 0.01862142666310457 0.010999999999999848
3 0.4402751803366283 0.979035087719298 0.01812717071867495 0.011210526315789669
3 0.6928934010152284 0.9776842105263157 0.017993588030991343 0.010789473684210786
3 0.3126903553299492 0.9783508771929824 0.0171787336361208 0.010631578947368325
3 0.8192091904889125 0.9763508771929823 0.01744589901148816 0.010035087719298114
3 0.9465402083889928 0.975 0.017178733636120654 0.010578947368420966
2 0.07918781725888324 0.6519649122807017 0.02077210793481166 0.01340350877192975
3 0.3091771306438685 0.18426315789473682 0.016991717873363635 0.009807017543859663
3 0.6900480897675662 0.18036842105263157 0.01744589901148816 0.009245614035087755
3 0.8166310446166177 0.17966666666666667 0.01760619823670855 0.00931578947368422
3 0.9435613144536468 0.17907017543859646 0.017339032861341332 0.009982456140350848
3 0.43759016831418646 0.5825964912280701 0.016777985573069688 0.01164912280701761
3 0.5643334223884584 0.5820701754385964 0.017245524979962533 0.010122807017543778
3 0.8185546353192625 0.5799473684210525 0.01649746192893401 0.010070175438596417
3 0.9456452043815121 0.5789649122807018 0.016056639059577944 0.00878947368421052
3 0.1848917980229762 0.5835263157894737 0.016590969810312592 0.010561403508771909