2 0.10228085715259089 0.6904697986577182 0.020274758968418915 0.014731543624160964
3 0.8084224781112663 0.6220637583892619 0.016301570537934695 0.009697986577181154
3 0.6866461690457535 0.6230369127516778 0.017004224440432057 0.010687919463087307
3 0.9306842571457774 0.6214261744966443 0.01612271318093528 0.009077181208053654
3 0.32204544680271185 0.625285234899329 0.016365448165434546 0.010083892617449616
3 0.2016105679146936 0.6259228187919463 0.016608183149933595 0.01043624161073827
3 0.5653553299492385 0.623993288590604 0.016429325792934255 0.010570469798657693
2 0.46436480087214266 0.6891946308724832 0.02136067863591463 0.014446308724832307
3 0.4435790208837257 0.6246476510067115 0.016493203420433963 0.010285234899328847
2 0.3428312267911287 0.6898322147651007 0.020453616325418148 0.013892617449664423
2 0.7076746840186693 0.6879026845637585 0.02027475896841888 0.01395973154362423
2 0.2221536129186114 0.6904697986577182 0.019904268728920343 0.01395973154362423
2 0.5858983749531566 0.6891946308724832 0.020760228937416976 0.01374161073825519
2 0.10031342622559876 0.3134395973154363 0.01963598269342148 0.015016778523489904
3 0.8064678227097742 0.24053691275167788 0.01586720267093674 0.009848993288590577
2 0.8289655231151841 0.6866275167785235 0.021731168875413022 0.014345637583892502
3 0.9287296017442853 0.2395805369127517 0.015803325043436744 0.010167785234899328
2 0.22056944775661774 0.3123154362416108 0.02005757503491976 0.01417785234899327
2 0.7057200286171772 0.30701342281879196 0.020376963172418584 0.013842281879194616
2 0.5839437195516642 0.3081375838926175 0.01986594215242049 0.014010067114094037
2 0.34136204135863457 0.31087248322147654 0.02040251422341844 0.014513422818791923
3 0.3203335263857187 0.24471476510067117 0.01625046843593506 0.010083892617449616
2 0.46265288045514946 0.30879194630872486 0.020376963172418584 0.014395973154362404
3 0.5629152045787484 0.24231543624161073 0.01700422444043191 0.010285234899328847
3 0.6846915136442614 0.24119127516778524 0.016812591557932934 0.010083892617449616
2 0.8274963376826902 0.3060570469798658 0.02083688209041654 0.014127516778523556
3 0.4421098354512316 0.24359060402684568 0.016812591557932646 0.010604026845637595
3 0.19978366776820086 0.2461577181208054 0.016493203420434033 0.010855704697986635
0 0.08314311995366742 0.9062919463087248 0.009351684665962588 0.010939597315436155