2 0.3430777545097605 0.6853371434563759 0.021151978449817796 0.015254692743288653
2 0.10031906542240146 0.30750249056208057 0.019822338185992494 0.014512030070260095
3 0.4433356870464689 0.6191799496644296 0.016612861687103915 0.010046018050020962
2 0.2224014381515518 0.6859794463087249 0.020448950264346934 0.014853253460570386
2 0.46436539972490043 0.684694840604027 0.021778590528172197 0.015615988097734809
2 0.8289619299986373 0.6821256291946309 0.021365943549743558 0.015134260958473079
2 0.7076742847834976 0.683410234899329 0.020555932814309744 0.014622425873007501
3 0.5653569268899261 0.6185376468120806 0.01687267645129964 0.010437421350671154
2 0.5858975764828127 0.6840525377516778 0.020953296571315064 0.015375124528104038
3 0.9277526732787109 0.23427996539429533 0.016490595915717787 0.00977504653418625
3 0.3222925733741015 0.6195011010906041 0.01604738249444265 0.009293319394924424
3 0.686644572105066 0.6172530411073825 0.01655172880141078 0.00958938086592904
3 0.20161625701589275 0.6204645553691276 0.016490595915717714 0.010086161978292693
0 0.08387431917095357 0.9069316275167787 0.009101158357562478 0.010437421350671154
3 0.8084212804057508 0.6162895868288591 0.01592511672305652 0.009117689708735383
2 0.7057180324413179 0.30156118917785235 0.020724048249965835 0.014622425873007595
2 0.34136603371035334 0.3049332791526846 0.021778590528172197 0.015084081048133366
2 0.46265367892549314 0.3034880977348994 0.020953296571315064 0.015314908635696345
2 0.22068971735214463 0.30605730914429535 0.020250268385844275 0.014401634267512595
2 0.8274947407420026 0.3005977348993289 0.020999146235585023 0.014963649263317981
2 0.5844303872261779 0.3026852191694631 0.020922730128468566 0.014512030070260095
2 0.10227531776458115 0.6859794463087249 0.020479516707193467 0.015736419882550385
3 0.6851773828484312 0.23556457109899331 0.01592511672305652 0.009514111000419424
3 0.5629116114622015 0.23733090394295303 0.01675041067991351 0.010648176974098172
3 0.4421130293326066 0.23861550964765102 0.01604738249444265 0.010086161978292789
3 0.9292198625353457 0.6153261325503356 0.016429463030024506 0.009117689708735383
3 0.806465028063571 0.2352434196728188 0.016184931487252245 0.009549236937657307
3 0.32082538411746675 0.23990011535234904 0.015802850951670173 0.00966465073143875
3 0.200149067759258 0.24118472105704702 0.016123798601559033 0.010005874121749135