0 0.07460052191320511 0.92237676056338 0.009182633874311858 0.01091549295774674
2 0.09224190319582469 0.29272887323943664 0.020965896904268227 0.014982394366197128
3 0.19687030814327589 0.22330985915492954 0.017239222134839475 0.010580985915492912
3 0.3232421176807035 0.2217957746478873 0.017105169085579453 0.010334507042253544
3 0.4504986773432473 0.2204401408450704 0.016917494816615468 0.010545774647887356
3 0.834359583899335 0.6170774647887324 0.016475119754057414 0.0094894366197182
3 0.8328179738328447 0.21691901408450703 0.016917494816615322 0.00968309859154933
2 0.21829198541502823 0.29121478873239437 0.021046328733824247 0.014876760563380269
3 0.705548008865375 0.21741197183098593 0.01710516908557938 0.00991197183098592
2 0.3447844426967899 0.2897007042253521 0.02254772288553664 0.015580985915493006
2 0.09410524058053907 0.6905457746478872 0.021327840137270297 0.01607394366197184
3 0.32502502323586185 0.6207922535211268 0.016649388718095424 0.01017605633802816
3 0.19841191820976617 0.6217957746478873 0.01698452134124548 0.010580985915492912
3 0.45204028740973756 0.6201056338028169 0.017574354757989526 0.01061619718309847
2 0.4720544076642596 0.2883450704225352 0.02215896904268248 0.015950704225352108
3 0.5777686423107171 0.21892605633802817 0.01737327518409957 0.010950704225352203
3 0.9616161435618789 0.6157218309859155 0.017909487381139507 0.009982394366197127
2 0.8543737041538572 0.2854929577464788 0.02174340458997637 0.015528169014084483
2 0.7271037391863874 0.28616197183098585 0.02154232501608641 0.015281690140845114
3 0.5798196539643955 0.6194366197183098 0.017788839636805533 0.010827464788732376
2 0.5998337742189175 0.28734154929577466 0.02164956745549434 0.014929577464788792
3 0.7070896189318653 0.6184330985915493 0.017306248659469628 0.010017605633802874
3 0.9590557303210122 0.21623239436619718 0.016917494816615322 0.00991197183098592
2 0.22008829627511262 0.6905457746478872 0.02124740830771435 0.015105633802817047
2 0.8564247158075354 0.6864964788732394 0.02223940087223846 0.01528169014084502
2 0.4741054193179381 0.6891901408450704 0.02237345392149863 0.015757042253521262
2 0.34658075355687423 0.6898591549295774 0.022078537213126494 0.015528169014084672
2 0.7291547508400656 0.6871654929577464 0.02154232501608641 0.015105633802817047
2 0.601884785872596 0.6885211267605633 0.021823836419532353 0.015704225352112643