2 0.708262358191667 0.27526845637583897 0.021041290498415948 0.014362416107382595
3 0.2016105679146936 0.21453020134228187 0.01713197969543147 0.010167785234899328
0 0.08344973256566621 0.9062919463087248 0.009032296528463869 0.010721476510067305
2 0.5863838449221546 0.2761912751677853 0.020926310768916243 0.014077181208053654
2 0.46436480087214266 0.2768288590604027 0.021437331788914195 0.015134228187919424
3 0.32228818178721086 0.21308724832214768 0.016876469185432463 0.010201342281879184
2 0.34307396177562777 0.2774832214765101 0.020760228937416976 0.015251677852348943
2 0.8289655231151841 0.2741107382550336 0.022025005961911853 0.015083892617449711
2 0.22252410315810994 0.27939597315436243 0.020325861070418734 0.01468120805369125
3 0.4438217558682247 0.21147651006711415 0.017745204919428985 0.010402684563758414
3 0.6871316390147516 0.20954697986577184 0.017540796511429715 0.01065436241610738
3 0.8079370081422683 0.20859060402684568 0.017208632848431177 0.01016778523489935
3 0.20345024358668623 0.5938087248322149 0.01713197969543147 0.010570469798657693
3 0.5653553299492385 0.21098993288590606 0.017068102067931766 0.011241610738255
2 0.8309201785166764 0.6554697986577183 0.0215139849419139 0.014513422818791923
2 0.5873675603856505 0.6570805369127517 0.020721902360917123 0.014966442953020001
2 0.34454314720812185 0.659010067114094 0.020249207917419024 0.014681208053691346
2 0.7096293394201616 0.6564261744966444 0.02045361632541829 0.014278523489932885
3 0.32400010220420405 0.5931711409395973 0.017668551766429313 0.01023489932885904
2 0.46607672128913574 0.6583557046979867 0.021513984941914047 0.014966442953020001
3 0.44577641126971695 0.59251677852349 0.018192348311927224 0.010050335570469807
2 0.22410826832010358 0.6596476510067114 0.02072190236091705 0.014614093959731539
3 0.9297133172077814 0.20810402684563759 0.017336388103430595 0.010520134228187957
3 0.6886008244472457 0.5909228187919463 0.01821789936292708 0.010654362416107498
3 0.5673099853507308 0.5918791946308725 0.017885735699928396 0.010855704697986539
3 0.8098916635437606 0.5899496644295303 0.017809082546928836 0.01043624161073827
3 0.9316679726092735 0.5889932885906042 0.017464143358430297 0.010318791946308655
3 0.44651739174871397 0.9730872483221479 0.017809082546928836 0.01020134228187923
3 0.32546928763669813 0.9730872483221479 0.017668551766429313 0.010285234899329225
3 0.20564763397267743 0.9730872483221479 0.017272510475930886 0.010050335570469996
3 0.6900700098797397 0.9718120805369129 0.017809082546928836 0.010234899328858849
3 0.5682937008142268 0.9724496644295304 0.017809082546928836 0.010469798657718077
3 0.8108626034817566 0.9711577181208054 0.017464143358430297 0.010117449664429614
3 0.9321534425782715 0.9698825503355706 0.01741304125643059 0.009546979865771922