2 0.46485027084114067 0.7013926174496644 0.0209518618199161 0.01501677852349
2 0.3433166967601268 0.702030201342282 0.020453616325418148 0.014513422818791923
2 0.22289459339760845 0.7026845637583893 0.020325861070418734 0.0143959731543625
2 0.5868820904166525 0.700755033557047 0.02027475896841888 0.014446308724832307
2 0.7081601539876674 0.7001174496644296 0.020376963172418584 0.014228187919463077
2 0.2210549177256158 0.3234060402684564 0.019674309269921295 0.014614093959731539
2 0.7062054985861753 0.3189093959731544 0.020134228187919465 0.014563758389261732
2 0.5844291895206623 0.31969798657718124 0.020134228187919465 0.014127516778523556
2 0.46313835042414747 0.32067114093959737 0.0209518618199161 0.01531879194630875
2 0.3421030218376316 0.3216275167785235 0.021437331788914195 0.015016778523489904
2 0.10105440670459578 0.3248489932885907 0.019712635846421148 0.014513422818791923
2 0.8279818076516883 0.3179362416107383 0.02083688209041654 0.014966442953020192
2 0.8294509930841822 0.6988255033557048 0.02095186181991624 0.014563758389261732
2 0.10337955234558649 0.7026845637583893 0.01963598269342148 0.01585570469798673
3 0.20026913773719893 0.25756711409395977 0.01674871393043301 0.010973154362416153
3 0.3222881817872109 0.63748322147651 0.015560590058937805 0.010352348993288463
3 0.3208317718802167 0.25644295302013426 0.016186590808435243 0.010402684563758365
3 0.5638861445167445 0.2537080536912752 0.015982182400436012 0.01043624161073827
3 0.5658407999182368 0.6358724832214766 0.015394508227438356 0.010520134228187886
3 0.20272203863318916 0.6378020134228188 0.015739447415937035 0.010520134228187886
3 0.8089079480802644 0.6339597315436243 0.016046060027935863 0.01
3 0.4426080809457296 0.25531879194630874 0.015330630599938647 0.010402684563758365
3 0.9282441317752872 0.2513087248322148 0.01562446768643762 0.010167785234899328
3 0.6881153544782476 0.6352348993288591 0.015509487956938205 0.010469798657718077
3 0.6856624535822574 0.252751677852349 0.01562446768643762 0.009966442953020098
3 0.9306842571457774 0.6333053691275168 0.015509487956938205 0.009697986577181154
3 0.4443200013627228 0.6368456375838927 0.015624467686437476 0.010771812080536923
3 0.8074387626477703 0.2513087248322148 0.015036793513439964 0.009446308724832212
0 0.08356471229516574 0.9075671140939598 0.00893009232446428 0.010771812080536923