3 0.19990453621648555 0.24728659815436246 0.016490595915717714 0.010979364382340578
2 0.10050246407948081 0.31440724622483224 0.019975170400225267 0.014853253460570481
3 0.3205808525746943 0.24584141673657722 0.01630719725863841 0.010241719700346057
3 0.5634006745477464 0.24375393246644297 0.016490595915717787 0.010768608758913558
3 0.4421130293326066 0.24503853817114096 0.016949092558416097 0.010648176974098172
3 0.6851773828484312 0.24262990247483227 0.01655172880141078 0.010527745189282693
3 0.806954091149116 0.24214817533557048 0.01586398383736324 0.00977504653418625
3 0.20149399124450654 0.6268875838926175 0.016949092558416097 0.010086161978292693
3 0.9282417363642559 0.24118472105704702 0.01586398383736324 0.010121287915530578
2 0.10245871642166049 0.6917601719798658 0.02017385227872789 0.014903433370910192
3 0.3222925733741015 0.626566432466443 0.016429463030024648 0.010086161978292693
2 0.22081198312353081 0.3134437919463087 0.020204418721574458 0.014120626769609904
3 0.6871336351906109 0.623997221057047 0.016689277794220227 0.010608033045826346
3 0.4438247501320138 0.6262452810402686 0.016612861687103915 0.00985031639969596
3 0.8084212804057508 0.6230337667785235 0.016047382494442507 0.009930604256239425
2 0.8279838038275475 0.30718133913590606 0.020724048249965835 0.014070446859270096
3 0.5658459899754711 0.625281826761745 0.016123798601559106 0.01020157577207423
2 0.34136603371035334 0.31183803481543626 0.02052536637146325 0.015084081048133366
2 0.7062070955268627 0.3081447934144296 0.020128002614457928 0.013799475343435385
2 0.5844303872261779 0.3092688234060403 0.019822338185992532 0.013899835164114905
2 0.46265367892549314 0.3102322776845638 0.020280834828690843 0.014281202482697116
3 0.9306870517919805 0.622712615352349 0.01586398383736324 0.010046018050020962
0 0.08344638897110178 0.9069316275167787 0.008795493929096902 0.010397277422399232
2 0.22215690660877938 0.6911178691275168 0.01963893952891312 0.013749295433095578
2 0.8289619299986373 0.6879063548657719 0.0213965099925902 0.014281202482697116
2 0.3430777545097605 0.6911178691275168 0.020922730128468566 0.014120626769609809
2 0.7076742847834976 0.6885486577181209 0.02005158650734176 0.013689079540687885
2 0.5858975764828127 0.6898332634228188 0.020372534157230476 0.013849655253775192
2 0.46460993126767286 0.6904755662751679 0.020831030799928933 0.014401634267512502