0 0.04462997595511621 0.9132105263157894 0.00948437082554101 0.010947368421052489
2 0.06291744589901148 0.3379824561403509 0.019796954314720804 0.015649122807017572
2 0.1899278653486508 0.7345614035087719 0.02111942292278918 0.015228070175438499
2 0.06496126102057173 0.7345614035087719 0.02093240716003203 0.01564912280701738
2 0.31623029655356666 0.7338947368421053 0.021466737910766805 0.015526315789473794
2 0.3144402885386054 0.33529824561403504 0.022121293080416743 0.015771929824561444
3 0.9288538605396741 0.2615964912280702 0.017045150948437192 0.010508771929824547
2 0.18813785733368954 0.33664912280701753 0.021333155223083124 0.015280701754385954
2 0.5703847181405289 0.7325438596491228 0.02166711194229236 0.014719298245613952
2 0.4415174993320865 0.3342982456140351 0.021199572535399374 0.01582456140350871
2 0.5683409030189687 0.3336140350877193 0.02111942292278918 0.015
2 0.6977157360406091 0.7318771929824561 0.021707186748597458 0.014368421052631674
3 0.8015228426395938 0.2624385964912281 0.01621693828479833 0.010070175438596512
2 0.4430537002404488 0.7332280701754386 0.021827411167512748 0.015701754385964932
2 0.6956719209190488 0.3319473684210526 0.02130643868554649 0.015175438596491233
2 0.8245391397274913 0.7305438596491228 0.0220010686615016 0.014596491228070173
3 0.2947635586427999 0.6660701754385965 0.016924926529521756 0.010508771929824547
3 0.5489046219609939 0.6647192982456139 0.017512690355330037 0.010789473684210406
2 0.822495324605931 0.33092982456140346 0.021880844242586305 0.015280701754385954
3 0.2929735506278386 0.26678947368421047 0.016924926529521687 0.010578947368420966
3 0.6741918247395138 0.263438596491228 0.016991717873363635 0.010666666666666628
3 0.16665776115415437 0.2684736842105263 0.017245524979962602 0.01117543859649127
3 0.4215736040609136 0.6653859649122806 0.017512690355330037 0.010508771929824547
3 0.42005076142131975 0.26612280701754387 0.017445899011488016 0.010701754385964933
3 0.16806037937483304 0.6660701754385965 0.017365749398877896 0.010789473684210406
3 0.675728025647876 0.6633859649122807 0.017579481699171912 0.010789473684210406
3 0.5468608068394336 0.2647894736842105 0.017512690355330037 0.010701754385964933
3 0.9303900614480364 0.6620350877192982 0.017312316323804408 0.010508771929824547
3 0.8030590435479561 0.6627017543859649 0.017111942292278925 0.010578947368420966
0 0.05537002404488379 0.6119999999999999 0.006024579214533791 0.014473684210526395