2 0.7114933752043362 0.2764201536016949 0.021660417551675675 0.014943475238347426
3 0.19979495800352748 0.2154296875 0.017723563328099486 0.01054356461864406
2 0.5884782597005936 0.27771782309322035 0.02108918772315666 0.014831956766419505
2 0.8335204174911813 0.2757713188559322 0.022000067719984067 0.015054993710275445
0 0.08023809875892626 0.9127648305084745 0.009093361324260077 0.010634807004767027
3 0.32194550944248473 0.21364539194915252 0.01778531790415555 0.010503012447033862
2 0.4652161258926267 0.2786910752118644 0.02166041755167553 0.015653138241525446
3 0.4442195700335541 0.2123477224576271 0.01812496807246409 0.01087812003442797
3 0.6902498010410393 0.2100768008474576 0.017785317904155697 0.01091867220603812
2 0.3424480286931085 0.27950211864406777 0.021459715179493192 0.015957279528601685
2 0.22054449555837563 0.2814486228813559 0.02088848535097439 0.015004303495762676
3 0.20127706782887375 0.5964578919491524 0.01792426570028175 0.010715911347987231
3 0.8127708799363331 0.20926575741525424 0.017306719939720813 0.010148180945444901
3 0.5672346855372967 0.21137447033898304 0.018233038580562293 0.011222813493114407
2 0.7129754850296824 0.6593948622881356 0.020456203318581646 0.014325054621292375
2 0.34417715682267913 0.6616657838983051 0.021212696875268933 0.01505499371027535
3 0.32342761926783103 0.5958090572033898 0.01778531790415555 0.010462460275423762
2 0.8354965639249763 0.6584216101694915 0.0215369083995634 0.01454809156514822
3 0.9357859954400758 0.20877913135593223 0.018063213496408097 0.01091867220603812
2 0.5894663329174912 0.6600436970338983 0.020934801283016388 0.015237478482521093
3 0.5692108319710918 0.5945113877118644 0.01764637010802935 0.010837567862817726
2 0.2226441511442829 0.6623146186440677 0.020934801283016457 0.014771128509004257
3 0.6922259474748343 0.5935381355932203 0.01844917959675856 0.010675359176377129
3 0.4461957164673492 0.5954846398305084 0.01826391586859029 0.010107628773834752
3 0.8142529897616795 0.5925648834745763 0.017646370108029205 0.010264768438824111
2 0.46694525402219733 0.6610169491525424 0.022123576872096342 0.01565313824152535
3 0.9377621418738706 0.5919160487288135 0.01798602027633789 0.010305320610434402
3 0.20362374171900544 0.9802436440677966 0.017723563328099486 0.010107628773834752
3 0.32490972909317734 0.9795948093220339 0.01812496807246409 0.010305320610434213
3 0.6932140206917318 0.9789459745762711 0.01826391586859029 0.0102647684388243
3 0.44718378968424677 0.9802436440677966 0.01784707248021169 0.010188733117054956
3 0.5701989051879893 0.9795948093220339 0.018233038580562293 0.010462460275423762
3 0.8152410629785769 0.9782971398305085 0.017584615531973213 0.009991041280455496
3 0.9377621418738706 0.9776483050847458 0.017445667735847013 0.00987445378707624