2 0.7154262503859217 0.2618106217334495 0.021875422101729033 0.015297494283536632
3 0.19054275046310593 0.19878661258710803 0.018234794689719013 0.011139660346798762
2 0.8405372028403829 0.26114370100174217 0.022286971287434416 0.01577684355945119
2 0.462671735103427 0.26381138392857145 0.022160340768755737 0.01621451028963416
3 0.3157803334362458 0.19695258057491288 0.0178865607633529 0.010972930163871932
2 0.33680099953689413 0.2651452253919861 0.02162216106437168 0.01646460556402436
2 0.588795731707317 0.26314446319686413 0.02092569321163945 0.015422541920731685
2 0.21194330811979006 0.2666457970383275 0.021463872916023436 0.015297494283536632
3 0.6931392790984873 0.19328451655052267 0.018377254023232436 0.011441858803353662
3 0.44114454692806426 0.19545200892857142 0.01829810994905828 0.010972930163871932
3 0.818756753627663 0.1922841354529617 0.018440569282571703 0.010837461890243911
0 0.06834429993825254 0.9162265897212545 0.00925194227095554 0.011275128620426737
3 0.1925688387619636 0.591436193379791 0.01809233535620559 0.011493961985518315
3 0.5675218045693116 0.19478508819686413 0.0176174709111608 0.011712795350609753
2 0.7164392945353504 0.6554605836236934 0.020846549137465295 0.014495105278201284
2 0.3388270878357518 0.6581282665505227 0.021099810174822507 0.015297494283536632
2 0.8425632911392406 0.6544602025261325 0.022081196694581723 0.014661835461128021
3 0.317299899660389 0.5907692726480837 0.018298109949058353 0.010795779344512273
2 0.21384276589996914 0.65879518728223 0.021368900027014536 0.015120343464176926
2 0.5903152979314603 0.6561275043554008 0.021495530545693142 0.015120343464176737
3 0.695165367397345 0.5884350500871081 0.01858302861608513 0.010712414253048716
3 0.5690413707934548 0.589435431184669 0.01809233535620559 0.010837461890243958
3 0.944880750231553 0.19161721472125437 0.018171479430379747 0.011014612709603662
3 0.4436771573016363 0.5901023519163764 0.018171479430379747 0.010269537204649359
3 0.8207828419265205 0.5874346689895471 0.018377254023232436 0.010592576934070053
2 0.4644445623649275 0.6574613458188153 0.02133724239734483 0.015474645102896338
3 0.9469068385304106 0.5867677482578398 0.0178865607633529 0.010431057069359706
3 0.6966849336214881 0.9849194250871082 0.018377254023232436 0.010509211842606874
3 0.1949748186168571 0.9855863458188154 0.01837725402323251 0.010795779344512084
3 0.44443694041370796 0.9855863458188154 0.018377254023232436 0.010795779344512084
3 0.570560937017598 0.9855863458188154 0.01877297439410307 0.010592576934070242
3 0.3190727269218895 0.9855863458188154 0.018836289653442483 0.010879144435975452
3 0.8217958860759493 0.9835855836236934 0.017949876022692168 0.010550894388338368
3 0.947413360605125 0.9829186628919862 0.01829810994905828 0.010311219750381042