2 0.07706371565297933 0.31650492704703836 0.02057745928527323 0.015964415015243864
3 0.17963443578264898 0.2473119011324042 0.01688934542875887 0.011181342892530494
3 0.30449212719975305 0.2458113294860627 0.01688934542875887 0.010509211842606685
3 0.5562335983328188 0.2433103767421603 0.0178865607633529 0.011181342892530494
3 0.43036286276628594 0.24497767857142858 0.01768078617050021 0.0109312476181402
3 0.6818510728619944 0.24214326546167247 0.017348381058968698 0.010972930163871979
3 0.8079750694658846 0.24164307491289197 0.01625619283536598 0.010149699885670695
3 0.30626495446125346 0.640128212108014 0.01768078617050014 0.0107540967987804
3 0.9335925439950602 0.2409761541811847 0.016430309798548894 0.010191382431402473
2 0.07889985817381909 0.7091545078397213 0.021004837285813534 0.015068240282012273
3 0.18191378511886386 0.6407951328397213 0.01655694031722757 0.010269537204649359
3 0.6843836832355665 0.6374605291811848 0.017348381058968698 0.011014612709603662
3 0.8100011577647422 0.6364601480836237 0.01707929120677674 0.010431057069359706
3 0.4321356900277864 0.6397947517421603 0.016952660688098208 0.010592576934070053
2 0.20116162395801176 0.3156712761324042 0.021004837285813534 0.014432581459603662
3 0.5582596866316765 0.6384609102787456 0.01707929120677674 0.011139660346798716
2 0.8297555186786045 0.30900206881533104 0.02162216106437168 0.014547208460365842
3 0.9361251543686323 0.6357932273519165 0.01682603016941967 0.01019138243140238
2 0.3260193153751158 0.31400397430313587 0.021289755952840453 0.015005716463414653
2 0.7041380441494288 0.30966898954703836 0.020814891507795516 0.01421374809451218
2 0.4523965730163631 0.3126701328397213 0.02092569321163945 0.014661835461128021
2 0.5775075254708244 0.3121699422909408 0.02081489150779566 0.013734398818597527
2 0.20306108173819082 0.708487587108014 0.02049831521109911 0.014213748094512273
2 0.3280454036739735 0.7078206663763066 0.021210611878666297 0.014495105278201284
2 0.8312750849027478 0.7044860627177701 0.022381944176443458 0.014432581459603662
2 0.7056576103735721 0.7051529834494774 0.020846549137465295 0.014057438548018315
2 0.579533613769682 0.7058199041811848 0.02100483728581346 0.013994914729420695
2 0.45391613924050633 0.7071537456445993 0.021495530545693142 0.014776462461890294
0 0.05895555148193887 0.9332398736933798 0.009038253270685404 0.010837461890243958