3 0.19866643723651378 0.21366101694915254 0.01640282199088013 0.00972881355932202
3 0.688389400326938 0.20788135593220336 0.01609309128452203 0.010966101694915267
3 0.44309558633743434 0.209864406779661 0.01628667297599587 0.011762711864406772
3 0.5658650950701196 0.20852542372881355 0.01635120020648715 0.011389830508474575
3 0.20015056353781296 0.5952372881355932 0.0160930912845221 0.011271186440678017
3 0.32181020390604836 0.5949152542372881 0.015434913533511152 0.011016949152542376
3 0.6903639335799707 0.5926440677966102 0.01646734922137148 0.010762711864406735
3 0.93391551234621 0.20576271186440678 0.017241675987266548 0.010966101694915267
3 0.4451475522670567 0.5939322033898305 0.016531876451862614 0.011355932203389898
3 0.8118945194872236 0.5919830508474575 0.01609309128452203 0.00983050847457624
3 0.5673492213714187 0.5932881355932204 0.01744816312483861 0.010915254237288157
3 0.9359029510453412 0.5910169491525423 0.01609309128452203 0.010762711864406735
2 0.3410780349307408 0.27794915254237285 0.020338983050847387 0.01511864406779665
2 0.8316527574636496 0.27276271186440676 0.02053256474232137 0.014711864406779683
2 0.2193022455476211 0.27876271186440676 0.020184117697668372 0.015237288135593208
2 0.5866170523961112 0.2747118644067797 0.02048094295792832 0.014152542372881384
2 0.7096317646046632 0.2738983050847457 0.021732771229458794 0.014661016949152478
2 0.46409274713929277 0.277135593220339 0.02076486277208989 0.014322033898305052
2 0.22127677880065386 0.6620677966101695 0.020106685021078867 0.014881355932203254
2 0.3428073647079067 0.6614067796610169 0.02116493160113565 0.015237288135593304
2 0.7116062978576959 0.6594745762711863 0.02148756775359219 0.015
2 0.09831368837649489 0.280542372881356 0.019577561731050477 0.015
2 0.4653316699647251 0.6607627118644068 0.020661619203303786 0.014830508474576239
2 0.5885915856491439 0.6604406779661017 0.02116493160113565 0.014949152542372985
3 0.20237030026671257 0.9773898305084744 0.017125526972382288 0.0101864406779661
2 0.8336272907166824 0.6588135593220339 0.021010066247956635 0.014949152542372985
3 0.691344747483438 0.9768474576271187 0.0177191774929021 0.010423728813559591
3 0.4470446528434999 0.9780508474576269 0.01744816312483861 0.010423728813559591
3 0.5693237546244515 0.9773898305084744 0.01764174481631245 0.010152542372881422
3 0.8138690527402564 0.9761016949152541 0.016725458143336598 0.009881355932203253
3 0.32378473715908107 0.9773898305084744 0.016467349221371406 0.009762711864406887
3 0.9363159253204851 0.9741525423728814 0.016531876451862614 0.009983050847457662
2 0.0984427428374774 0.6627118644067796 0.019951819667899853 0.013677966101694968
3 0.3205583756345177 0.21149152542372882 0.01676417448163128 0.010220338983050824
3 0.8107201238922825 0.2074237288135593 0.016828701712122415 0.008711864406779644