2 0.09982060085606125 0.738082627118644 0.020379010098511584 0.015409825211864358
2 0.4646666361954745 0.7367849576271186 0.021336206027381063 0.01505499371027535
2 0.34214555730018065 0.7374337923728813 0.02108918772315666 0.014943475238347522
2 0.5871877150907683 0.736136122881356 0.02073409891083405 0.014213536149364358
2 0.22036553331756 0.738082627118644 0.02010111450625911 0.01454809156514822
3 0.19961599576271186 0.6712526483050848 0.0164112785869074 0.010264768438824111
2 0.7102028305945108 0.7348384533898304 0.020764976198862188 0.01415270789194911
3 0.3213960197453325 0.6712526483050848 0.0165347877390196 0.010224216267214009
2 0.4629375080659038 0.3513771186440678 0.02057971247069392 0.015054993710275445
2 0.34041642917061 0.3523503707627118 0.02116638094322672 0.015004303495762676
3 0.6889592564312139 0.6686573093220338 0.017044262991482338 0.010503012447033862
2 0.09747392696592962 0.35494570974576267 0.019792341625978677 0.014882646980932179
2 0.7082266841607158 0.34943061440677964 0.020147430438301105 0.01465961003707624
2 0.5857056052654219 0.35072828389830507 0.020178307726329246 0.014325054621292375
2 0.21851289603587712 0.3539724576271186 0.02040988738653958 0.01442643505031782
3 0.44391709864062634 0.670603813559322 0.016858999263314068 0.010107628773834752
2 0.8322298728813559 0.733540783898305 0.02108918772315666 0.014325054621292375
3 0.5669322141443689 0.6699549788135593 0.016858999263314068 0.010148180945444854
3 0.31966689161576184 0.2864936440677966 0.016473033162963464 0.010188733117055052
3 0.4421879705110557 0.28535818326271184 0.017244965363664676 0.010305320610434307
3 0.9340014142218016 0.6667108050847458 0.016658296891131876 0.010148180945444854
3 0.5649560677105738 0.28406051377118646 0.016658296891131876 0.010462460275423762
3 0.19825739508947773 0.28844014830508474 0.016349524010851334 0.010715911347987325
3 0.8114803353265078 0.6673596398305084 0.017044262991482338 0.010188733117055145
2 0.8307477630560095 0.3481329449152542 0.02073409891083405 0.014710300251589009
3 0.6874771466058677 0.2829250529661017 0.01614882163866914 0.009686899993379256
3 0.8099982255011614 0.28227621822033894 0.015307415539904685 0.009610864671610196
3 0.9325193043964553 0.2816273834745762 0.01608706706261286 0.009838970636917375
0 0.07956509990966187 0.9100238347457625 0.009124238612288128 0.010224216267214009