2 0.09903535573985159 0.7215172413793104 0.021724137931034494 0.015672413793103412
2 0.09646879092099521 0.3330862068965518 0.020833697075512865 0.015310344827586182
3 0.3243037974683544 0.6532068965517243 0.016970755128764704 0.01068965517241395
3 0.6977520733304234 0.6512241379310345 0.01797904845045823 0.01068965517241395
2 0.34385421213443906 0.33012068965517244 0.02193365342645128 0.015258620689655231
3 0.573430816237451 0.6518793103448275 0.0173766914011348 0.01124137931034473
2 0.4681623745089481 0.3287931034482759 0.021724137931034528 0.015379310344827578
2 0.22016150152771716 0.33177586206896553 0.02055870798777826 0.014913793103448257
2 0.7173024879965081 0.32665517241379316 0.02144914884330014 0.015310344827586182
3 0.44861195984286334 0.6525344827586208 0.01723264949803568 0.010637931034482713
3 0.8220733304233959 0.649896551724138 0.01723264949803597 0.01015517241379314
2 0.5929812309035356 0.32813793103448274 0.021121780881711096 0.015086206896551744
2 0.22191619380183328 0.7215172413793104 0.020676560453950263 0.01474137931034477
2 0.8421213443910956 0.3256551724137931 0.021972937581842093 0.015500000000000019
3 0.32230030554343087 0.2626379310344828 0.016381492797904827 0.01068965517241376
3 0.6957485814054998 0.2588448275862069 0.01737669140113494 0.010637931034482809
3 0.8205674378000873 0.2577241379310345 0.01737669140113494 0.010568965517241414
3 0.5709297250109123 0.25998275862068965 0.017429070274989023 0.011517241379310312
3 0.20036228721082497 0.6535344827586207 0.017494543867306873 0.011551724137931197
3 0.4468572675687473 0.26148275862068965 0.0174945438673068 0.011517241379310312
3 0.19872544740288084 0.26427586206896553 0.017101702313400264 0.01132758620689657
2 0.8436272370144042 0.7175517241379311 0.02244434744653011 0.014913793103448257
2 0.34560890440855524 0.7208448275862069 0.02197293758184195 0.015258620689655231
3 0.9463945875163684 0.6492413793103449 0.01723264949803597 0.010241379310344882
0 0.07930161501527717 0.9274310344827587 0.008668703622872101 0.011017241379310387
2 0.7193059799214316 0.7182068965517242 0.02180270624181601 0.014396551724137983
2 0.5944871235268442 0.7195344827586206 0.021606285464862526 0.015499999999999924
2 0.4701658664338717 0.7201896551724138 0.02223483195111307 0.01598275862068969
3 0.9448886948930599 0.25718965517241377 0.01710170231340012 0.010810344827586202
0 0.09257965953731995 0.622844827586207 0.010475774770842433 0.012155172413793025