2 0.10596246180707115 0.7194482758620689 0.020637276298559562 0.015793103448275853
2 0.4767132256656482 0.7174655172413794 0.02135748581405496 0.014965517241379303
2 0.3524050632911393 0.7187931034482758 0.021449148843299855 0.014965517241379303
2 0.7258533391532082 0.7161551724137932 0.020676560453950193 0.014517241379310234
2 0.2285814054997818 0.7194482758620689 0.0209122653862942 0.014344827586206936
2 0.6015451767786993 0.7174655172413794 0.02075512876473153 0.014965517241379303
3 0.20740724574421648 0.6514655172413794 0.017101702313400264 0.010362068965517134
2 0.8506721955477957 0.7148275862068966 0.02131820165866429 0.014568965517241472
2 0.10395896988214753 0.3287241379310345 0.02012658227848102 0.01555172413793097
2 0.7243474465298997 0.3221206896551725 0.020833697075512865 0.014965517241379303
2 0.47495853339153205 0.32410344827586207 0.0212396333478831 0.015206896551724091
2 0.35040157136621564 0.3254137931034483 0.021684853775643716 0.014913793103448257
2 0.22670886075949367 0.3273965517241379 0.020637276298559597 0.014620689655172422
2 0.5995285901353121 0.3237758620689655 0.020323003055434323 0.014620689655172422
3 0.33058926233085995 0.6508103448275863 0.017023134002618928 0.010396551724137832
3 0.45567001309471855 0.6504827586206897 0.016656481885639503 0.010724137931034458
3 0.5799781754692275 0.6498103448275863 0.01697075512876485 0.01098275862068969
3 0.704797031863815 0.6488275862068966 0.01697075512876485 0.01068965517241395
3 0.953937145351375 0.6465172413793104 0.016708860759493727 0.01027586206896558
2 0.8486687036228723 0.32112068965517243 0.021357485814054816 0.014913793103448257
3 0.20552160628546487 0.2600689655172414 0.016905281536446996 0.01132758620689657
3 0.8291182889567874 0.6475000000000001 0.016708860759493727 0.010051724137931047
3 0.5784853775643823 0.2557931034482759 0.017429070274989023 0.010810344827586202
3 0.3290964644260148 0.2585862068965517 0.01723264949803568 0.010206896551724185
3 0.4539153208206024 0.2572758620689655 0.017638585770405918 0.010810344827586202
3 0.7027935399388914 0.25446551724137934 0.016905281536447214 0.01048275862068967
3 0.9524312527280665 0.2529827586206897 0.016014840680925405 0.010396551724137927
3 0.8281230903535575 0.2536379310344828 0.016446966390222608 0.010206896551724185
0 0.08584897424705369 0.9115172413793103 0.00908773461370582 0.011206896551724034