2 0.10141945736487754 0.31504954907718125 0.020128002614458074 0.015194476850880866
3 0.20076039661618916 0.24857120385906042 0.016429463030024648 0.010316989565855673
3 0.3210699156602392 0.24696544672818793 0.016368330144331512 0.009890460327967693
3 0.44260209241815146 0.24584141673657722 0.017010225444109236 0.010005874121749135
3 0.5643788007188363 0.2447173867449665 0.016307197258638374 0.010437421350671154
3 0.6856664459339761 0.24359335675335572 0.01661286168710406 0.010316989565855673
3 0.806954091149116 0.24262990247483227 0.015451336858934886 0.009699776668676633
3 0.2025943831869826 0.6275298867449666 0.016246064372945238 0.010241719700345963
3 0.9277526732787109 0.24230875104865773 0.01586398383736324 0.00977504653418625
3 0.32302616800241885 0.6272087353187921 0.016689277794220372 0.0103571334941275
2 0.10319231104997786 0.6936870805369127 0.020280834828690843 0.014341418375104808
3 0.6871336351906109 0.6249606753355705 0.017010225444109236 0.010567889117554614
3 0.44431381321755875 0.6268875838926175 0.016429463030024648 0.009930604256239425
2 0.22142331198046197 0.3139255190855705 0.020128002614458074 0.014010230966862405
3 0.8084212804057508 0.6236760696308725 0.016246064372945238 0.009815190462458077
3 0.5658459899754711 0.625924129614094 0.01655172880141078 0.010121287915530578
2 0.8279838038275475 0.3076630662751678 0.020754614692812475 0.013849655253775192
3 0.9301979887064356 0.6230337667785235 0.01675041067991351 0.009890460327967693
2 0.3418550967958982 0.312319761954698 0.020479516707193432 0.014622425873007595
2 0.7062070955268627 0.3086265205536913 0.02005158650734176 0.013327784186241634
2 0.5849194503117229 0.30975055054530204 0.01963893952891312 0.013428144006921154
2 0.4633872735538106 0.3108745805369128 0.02055593281430989 0.014070446859270096
2 0.22301276700848296 0.6930447776845639 0.019226292550484626 0.013227424365562115
2 0.8294509930841822 0.6891909605704699 0.021121412006971298 0.013638899630348079
2 0.34356681759530544 0.6924024748322148 0.02020441872157453 0.013960051056522692
2 0.7081633478690423 0.6904755662751679 0.0199751704002253 0.013377964096581346
2 0.5863866395683577 0.6911178691275168 0.02017385227872789 0.01347832391726096
2 0.4650989943532178 0.6917601719798658 0.020922730128468566 0.014231022572357309
0 0.08375205339956734 0.9088585360738256 0.008726719432692149 0.010477565278943075