2 0.5844291895206623 0.309261744966443 0.019712635846421078 0.013422818791946345
2 0.46313835042414747 0.31023489932885906 0.020632473682417416 0.014077181208053654
3 0.20026913773719893 0.24793624161073832 0.016429325792934327 0.01043624161073827
3 0.5638861445167445 0.24422818791946313 0.016748713930433083 0.010352348993288654
3 0.32278642728170887 0.6275335570469799 0.01681259155793279 0.010352348993288463
3 0.8069532926787722 0.24246644295302014 0.015739447415937035 0.009546979865771826
3 0.4423525704357306 0.24552013422818797 0.016429325792934255 0.01
2 0.7062054985861753 0.30766778523489935 0.020249207917418882 0.013791946308724903
3 0.8084224781112663 0.623993288590604 0.016250468435934987 0.009697986577181154
3 0.5658407999182368 0.6262416107382551 0.016493203420433963 0.010117449664429425
3 0.6851769836132595 0.2431040268456376 0.01642932579293411 0.010167785234899328
3 0.20210881340919157 0.6278523489932887 0.01668483630293323 0.010318791946308655
3 0.6871316390147516 0.625285234899329 0.01713197969543147 0.01020134228187923
3 0.4438217558682247 0.6268959731543625 0.016748713930433083 0.009882550335570386
2 0.10337955234558649 0.6943288590604028 0.019789288999420857 0.014563758389261732
3 0.9282441317752872 0.24119127516778524 0.015982182400436157 0.00988255033557048
3 0.32131724184921473 0.24647651006711413 0.01598218240043605 0.009630872483221538
3 0.9301987871767793 0.6236744966442953 0.01642932579293411 0.009781879194630961
2 0.223009573127108 0.6936912751677853 0.01879279801042481 0.013221476510067115
2 0.3418602868531326 0.31184563758389267 0.02079855551391683 0.014563758389261732
2 0.3438149422546248 0.693036912751678 0.020095901611419612 0.014345637583892502
2 0.8279818076516883 0.3066946308724832 0.020530269478417712 0.013842281879194616
2 0.2210549177256158 0.31328859060402686 0.019904268728920343 0.014127516778523556
2 0.7081601539876674 0.6904697986577182 0.019865942152420345 0.013540268456375959
2 0.4650930058256397 0.691761744966443 0.021041290498415806 0.014278523489932885
2 0.5868820904166525 0.6911241610738256 0.020198105815419174 0.013473154362416154
2 0.8294509930841822 0.6891946308724832 0.02127124995741507 0.013791946308724807
2 0.10068391646509726 0.3144127516778524 0.020019248458419906 0.014395973154362404
0 0.08387132490716454 0.9082214765100671 0.008751234967464995 0.010520134228188075