2 0.7314020470727848 0.26784600151909727 0.021799465774986718 0.01524437798394094
3 0.20834105930247893 0.20504082573784724 0.018171479430379747 0.011100980970594634
2 0.8560785864978904 0.267181396484375 0.02220958597046423 0.0157220628526476
2 0.47952515163502113 0.2698398166232639 0.022083395141086547 0.01615820990668406
3 0.333143789556962 0.20321316189236113 0.017824454649591294 0.010934829711914062
2 0.3540914672336498 0.2711690266927083 0.02154708411623149 0.016407436794704893
2 0.6052112176951477 0.2691752115885417 0.020853034554654582 0.015368991427951357
2 0.2296673094672996 0.2726643880208333 0.021389345579509493 0.01524437798394094
3 0.7091924611023207 0.1995578342013889 0.01831344411342959 0.011402130126953125
3 0.4580727106408228 0.20171780056423613 0.01823457484506852 0.010934829711914062
3 0.8343737638449367 0.19856092664930558 0.018376539528118505 0.010799831814236095
0 0.08656690895305907 0.9199896918402779 0.0092198174714036 0.011235978868272696
3 0.21036011257252113 0.5963270399305556 0.018029514747329906 0.011454052395290735
3 0.5840111583597046 0.2010531955295139 0.017556299137163767 0.011672125922309012
2 0.732411573707806 0.660129123263889 0.020774165286293514 0.014444775051540735
2 0.356110520503692 0.6627875434027778 0.021026546945048737 0.015244377983941036
2 0.8580976397679326 0.6591322157118056 0.022004525872725476 0.014610926310221354
3 0.33465807950949367 0.5956624348958334 0.01823457484506852 0.010758293999566036
2 0.23156017190796416 0.6634521484375 0.021294702457476267 0.015067842271592819
2 0.6067255076476793 0.6607937282986112 0.02142089328685395 0.015067842271592819
3 0.711211514372363 0.5933363172743056 0.018518504211168345 0.010675218370225632
3 0.5855254483122363 0.594333224826389 0.018029514747329906 0.010799831814236048
3 0.9600598299050633 0.19789632161458337 0.018108384015690832 0.010976367526584218
3 0.4605965272283756 0.5949978298611112 0.018108384015690978 0.010233879089355469
3 0.8363928171149789 0.5923394097222223 0.01831344411342959 0.010555797153049109
2 0.4812918232463081 0.6621229383680556 0.02126315475013181 0.015420913696289062
3 0.9620788831751055 0.5916748046875 0.017824454649591148 0.010394838121202194
3 0.7127258043248946 0.9884440104166666 0.01831344411342959 0.010472721523708893
3 0.2127577383306962 0.989108615451389 0.01831344411342959 0.010758293999565845
3 0.46135367220464135 0.989108615451389 0.01831344411342959 0.010758293999565845
3 0.587039738264768 0.989108615451389 0.018707790455234657 0.01055579715304892
3 0.33642475112078063 0.989108615451389 0.01877088586992357 0.01084136962890625
3 0.83740234375 0.9871148003472223 0.017887550064280063 0.010514259338378906
3 0.9625836464926162 0.9864501953125 0.01823457484506866 0.010275416904025482