3 0.3153277047072785 0.9925808376736113 0.01899171982133441 0.010799831814236237
3 0.19140831025843885 0.9925808376736113 0.018518504211168272 0.01055579715304892
3 0.5659426918512659 0.9925808376736113 0.01859737347952927 0.01089329189724405
3 0.44000424413238404 0.9925808376736113 0.01837653952811836 0.010716756184895834
3 0.6916287579113924 0.991916232638889 0.018770885869923426 0.010514259338378906
3 0.18724401288897682 0.20934380425347224 0.01796641933264106 0.010436375935872396
2 0.20819169056566456 0.2768012152777778 0.021184285481770808 0.014901691012912294
2 0.21046312549446203 0.6695827907986112 0.021625953384592563 0.015306684705946243
3 0.8163052973364979 0.9912516276041666 0.017887550064280063 0.01084136962890625
2 0.5856284612341773 0.6675889756944445 0.021215833189115196 0.015015920003255209
3 0.3120467431434599 0.20751614040798613 0.018234574845068588 0.010758293999565988
2 0.4601947768328059 0.6682535807291667 0.02205184743374209 0.015722062852647507
2 0.3329944208201477 0.2749735514322917 0.021625953384592563 0.016033596462673643
2 0.7118192906118144 0.6669243706597223 0.021925656604364546 0.014673233032226562
2 0.3350134740901899 0.668918185763889 0.02154708411623149 0.015607833862304688
3 0.4369756642273207 0.20635308159722224 0.01859737347952927 0.010893291897243907
3 0.6880954146888186 0.20369466145833337 0.018108384015690832 0.011100980970594634
2 0.458428105221519 0.2739766438802083 0.022477741482891615 0.015846676296658018
3 0.5629141119462026 0.20519002278645837 0.018171479430379747 0.011402130126953125
2 0.7098002373417721 0.2716505262586806 0.021799465774986718 0.015130148993598122
2 0.5841141712816457 0.272979736328125 0.021294702457476267 0.01495361328125
3 0.8132767174314346 0.20286390516493058 0.018029514747329906 0.010555797153049062
3 0.18901068450026373 0.6021253797743056 0.01831344411342959 0.011059443155924479
2 0.8349815400843883 0.2708197699652778 0.02220958597046423 0.015420913696289062
2 0.8370005933544303 0.6655951605902778 0.02159440567724825 0.014725155300564173
3 0.3135610330959916 0.6014607747395834 0.018108384015690905 0.011017905341254276
3 0.9389627834915613 0.2023654513888889 0.017556299137163767 0.011059443155924479
3 0.9414866000791139 0.9899224175347223 0.018171479430379747 0.010114457872178946
3 0.5644284018987342 0.5997992621527778 0.017966419332641134 0.011277516682942709
3 0.6901144679588608 0.5988023546006945 0.018628921186873586 0.011100980970594681
3 0.4389947174973629 0.6004638671875 0.017887550064280063 0.010514259338378906
3 0.8152957707014769 0.5978054470486112 0.018171479430379747 0.01059733496771912
3 0.9409818367616035 0.597140842013889 0.018029514747329906 0.010472721523708704