2 0.10385480527499669 0.6954355400696864 0.021369029241829502 0.0169163763066202
2 0.10144665461121159 0.30195121951219517 0.020019406342345506 0.015714285714285646
3 0.33114717946456135 0.6267421602787456 0.01683059145238827 0.010348432055749299
3 0.8341331098663608 0.6234146341463415 0.016618885899527966 0.009756097560975643
2 0.3509019538658316 0.29895470383275263 0.021951219512195162 0.015592334494773468
3 0.7085123274379219 0.624076655052265 0.01720107616989377 0.010261324041811879
3 0.457019362237022 0.626411149825784 0.017611255678560277 0.011062717770034852
2 0.4765227362942707 0.2976132404181185 0.021342566047722018 0.015418118466899007
2 0.728267101839192 0.29578397212543556 0.021130860494861712 0.015296167247386734
0 0.08410003087372647 0.9075087108013936 0.009063643981828613 0.010714285714285931
3 0.5828915450094826 0.6257491289198607 0.01728046575221622 0.0118466898954703
3 0.20591011335068143 0.6277351916376307 0.01701583381114102 0.010679442508710887
2 0.8538878842676312 0.29479094076655055 0.021210250077184307 0.015418118466899007
2 0.22604860406651084 0.300609756097561 0.02091915494200148 0.015470383275261288
3 0.832611476205178 0.22726480836236937 0.01720107616989377 0.010191637630662076
2 0.6026463194107529 0.2969512195121951 0.020813302165571472 0.015069686411149802
3 0.706487893088696 0.22792682926829272 0.017015833811140947 0.01034843205574911
2 0.8553962863317602 0.6914285714285715 0.0220306090945179 0.015069686411149709
3 0.4552463282318176 0.23059233449477357 0.01708199179640973 0.011219512195121979
3 0.32963877740043224 0.23175958188153312 0.016499801526044217 0.010383275261323963
3 0.204137079345477 0.2330836236933798 0.017558329290345308 0.011010452961672475
2 0.22768932210117762 0.6954355400696864 0.021461650421205767 0.014895470383275248
3 0.9577162263485203 0.6216202090592334 0.017015833811140947 0.010313588850174067
2 0.7302915361884179 0.6927700348432055 0.021461650421205767 0.015069686411149709
2 0.35267498787103607 0.6947735191637632 0.021369029241829502 0.015365853658536632
3 0.5808671106602568 0.22925087108013942 0.015997000838001152 0.011637630662020892
3 0.9573722048251223 0.22642857142857142 0.017015833811140947 0.010435540069686434
2 0.4785471706434967 0.6940940766550524 0.022030609094517612 0.015592334494773657
2 0.6046707537599789 0.6934320557491289 0.021051470912539116 0.015
0 0.09624663696908217 0.5943902439024391 0.008110968993957563 0.012456445993031291