3 0.20186607842469254 0.6609228187919465 0.016876469185432497 0.010771812080536923
0 0.08325809968316697 0.9062919463087248 0.00868735733996526 0.010234899328858849
2 0.22239634790311044 0.7264429530201343 0.019750962422921004 0.01395973154362423
3 0.32204544680271185 0.6602852348993289 0.01649320342043407 0.010520134228187886
3 0.44406449085272376 0.6596476510067114 0.015803325043436744 0.010687919463087307
2 0.3433166967601268 0.7258053691275168 0.020875208666916535 0.013892617449664423
3 0.9277586618062891 0.2750671140939598 0.015445610329438208 0.009848993288590577
2 0.7076746840186693 0.7238758389261746 0.020325861070418876 0.013590604026845768
3 0.5658407999182368 0.6583557046979867 0.015982182400436012 0.010939597315436155
3 0.8079370081422683 0.6567617449664431 0.016250468435934987 0.009546979865771922
2 0.4646075358566416 0.7251677852348994 0.021002963921916095 0.014563758389261732
2 0.5858983749531566 0.7251677852348994 0.019942595305420197 0.013691275167785193
2 0.34160477634313363 0.34427852348993293 0.020721902360917123 0.014127516778523556
3 0.6871316390147516 0.6583557046979867 0.016365448165434403 0.010721476510067116
2 0.10300906210608797 0.7258053691275168 0.02017255476441932 0.015083892617449616
2 0.8284672776206862 0.7225838926174498 0.021117943651415366 0.014228187919463077
2 0.1008755493475965 0.3471644295302014 0.019329370081422687 0.013842281879194616
2 0.4628956154396484 0.34298657718120806 0.02040251422341844 0.014127516778523556
2 0.5844291895206623 0.34234899328859064 0.02005757503491976 0.014010067114094037
3 0.8069532926787722 0.2760234899328859 0.01593108029843645 0.010167785234899328
2 0.22081218274111677 0.3458724832214765 0.019457125336422174 0.013959731543624135
3 0.19989864749770042 0.2808389261744967 0.01668483630293323 0.010469798657718172
3 0.5638861445167445 0.27731543624161076 0.016876469185432497 0.010352348993288654
2 0.7057200286171772 0.34137583892617457 0.02001924845842005 0.014228187919463077
3 0.3208317718802167 0.27988255033557047 0.016122713180935534 0.009815436241610768
3 0.4423525704357306 0.27875838926174495 0.01668483630293323 0.010469798657718172
3 0.9292150717132832 0.6554697986577183 0.01612271318093528 0.009630872483221538
3 0.6851769836132595 0.2763590604026846 0.01668483630293323 0.010167785234899328
2 0.8274963376826902 0.3404194630872483 0.02079855551391683 0.01468120805369125