3 0.1954983367175012 0.2073720136518771 0.016978442130729722 0.012645051194539292
2 0.2176091934159934 0.2750853242320819 0.02361429126884693 0.017730375426621096
3 0.44142653475612387 0.20389078498293517 0.01800233291571255 0.01078498293515357
2 0.3392189052577008 0.2719795221843003 0.0213072968419234 0.015938566552900966
2 0.46226724845552336 0.2706825938566553 0.021825722555838867 0.015699658703071672
3 0.3183911522011491 0.2051877133105802 0.017380222059014187 0.010836177474402764
3 0.5649673823821662 0.20274744027303754 0.01785976584438582 0.011399317406143344
3 0.6880157255799887 0.20143344709897612 0.018067136129952182 0.011211604095563104
2 0.7093489437076077 0.2687201365187713 0.02150170648464143 0.0150511945392491
3 0.8110640687778113 0.20061433447098975 0.018002332915712838 0.010375426621160387
2 0.8323972869054305 0.26790102389078496 0.021825722555838725 0.015392491467576784
2 0.5858080960815656 0.27035836177474404 0.02090551691363886 0.014761092150170612
3 0.5664578563096729 0.588976109215017 0.017587592344580405 0.010784982935153758
3 0.19757203957316283 0.5912627986348122 0.0173154188447747 0.010955631399317364
3 0.31986866548580806 0.5902901023890785 0.01785976584438582 0.010580204778156977
2 0.5872985700090724 0.6549658703071672 0.020983280770726247 0.01510238907849839
2 0.21854235970104116 0.6572525597269623 0.02102216269926994 0.014863481228669002
3 0.6905041690067827 0.5880034129692832 0.018417073486844984 0.010614334470989775
2 0.34095563139931734 0.6566040955631398 0.020827753056551622 0.015392491467576784
3 0.4434224737546982 0.5899658703071672 0.01800233291571255 0.010051194539249195
2 0.46400397459714 0.6566040955631398 0.02204605348425284 0.015392491467576784
3 0.9346049164038536 0.19996587030716723 0.01785976584438582 0.010904436860068216
3 0.8135395515617574 0.5870307167235495 0.017924569058625165 0.010460750853242379
2 0.7113319220633343 0.6543174061433447 0.02067222534237714 0.014078498293515432
2 0.8343802652611568 0.6533276450511946 0.021968289627165453 0.014641638225256012
3 0.9365878947595799 0.5863651877133106 0.018067136129952182 0.01022184300341299
3 0.1998790340000864 0.9782764505119452 0.017963450987169 0.012286689419795115
3 0.32244783341253724 0.9783447098976107 0.018974381129304 0.011877133105801931
3 0.44461485289670366 0.9784300341296929 0.018728128915194237 0.01078498293515357
3 0.691489177863222 0.9760409556313994 0.01814489998703928 0.010409556313993183
3 0.5679483302371797 0.9773549488054607 0.01814489998703942 0.010136518771331187
3 0.814045016632825 0.9760409556313994 0.01745798591610143 0.01034129692832759
3 0.9375858642588671 0.9747440273037542 0.01785976584438582 0.009982935153583412