3 0.695105197217782 0.23701365187713308 0.01673218991662003 0.010648464163822572
3 0.820136518771331 0.6250682593856655 0.016602583488141056 0.01022184300341299
3 0.8186460448438242 0.23636518771331055 0.01573422041733293 0.010102389078498296
3 0.3274636021946688 0.6286518771331058 0.017198773059143767 0.010580204778156977
3 0.5740398323756859 0.6273549488054607 0.016926599559338062 0.010375426621160387
3 0.9426793968980861 0.6240784982935152 0.016485937702510122 0.0101023890784982
3 0.4504989847496435 0.6283276450511944 0.01699140277357755 0.010136518771331187
3 0.20366354171166887 0.24192832764505118 0.016278567416943904 0.010648464163822572
3 0.9416943880416468 0.23571672354948803 0.016032315202833852 0.010170648464163795
3 0.2054002678532855 0.6289761092150169 0.016602583488140983 0.010614334470989775
3 0.3254806238389424 0.2402901023890785 0.016732189916619886 0.010409556313993183
3 0.6970881755735084 0.6260409556313993 0.01745798591610143 0.010648464163822572
3 0.44876225860802693 0.2393003412969283 0.01699140277357755 0.010580204778156977
2 0.7164384153454011 0.3031569965870307 0.020270445414092748 0.013976109215017043
2 0.10468311228236919 0.695938566552901 0.020192681557005255 0.014761092150170612
3 0.5725623190910268 0.2381569965870307 0.016485937702510122 0.010750853242320868
2 0.5928975677193588 0.3052901023890785 0.02011491769991783 0.013293515358361768
2 0.4703546895926038 0.305938566552901 0.02069814662807279 0.014027303754266238
2 0.3468138419665615 0.30740614334470984 0.02090551691363886 0.0149317406143345
2 0.8394867585432237 0.302679180887372 0.020905516913639007 0.013976109215017043
2 0.22463386183954723 0.3087201365187713 0.020270445414092533 0.014129692832764438
2 0.7184213937011273 0.692679180887372 0.020309327342636296 0.01365187713310585
2 0.4718322028772627 0.6939761092150171 0.0213072968419234 0.014590443686006817
2 0.5948805460750853 0.6933276450511945 0.020425973128267084 0.01377133105802064
2 0.3487968203222879 0.6946245733788395 0.020542618913898164 0.01431740614334463
2 0.10270013392664275 0.30969283276450504 0.0203870911997235 0.01522184300341299
2 0.8414697368989501 0.6913651877133105 0.021579470341729103 0.013976109215017232
2 0.226240981552685 0.695938566552901 0.020076035771374283 0.01377133105802064