2 0.343322286052533 0.27008834941275167 0.020678198585696164 0.014622425873007595
2 0.22435769049373153 0.6503316380033558 0.020097436171611506 0.014732821675755
2 0.4650989943532178 0.2686431679949665 0.02104499589985484 0.015134260958473172
3 0.32424882571628116 0.5848167470637584 0.01661286168710395 0.010241719700345963
2 0.22276823546571053 0.2716941065436242 0.01963893952891312 0.014010230966862405
2 0.7076742847834976 0.26655568372483224 0.01994460395737866 0.014070446859270096
3 0.4452919393886486 0.583853292785235 0.01687267645129964 0.00973992059694846
3 0.5673131792321058 0.5835321413590605 0.01707135832980237 0.010046018050020962
3 0.6886008244472457 0.582568687080537 0.017545138193923858 0.010241719700346152
2 0.3452785383947127 0.6500104865771813 0.020448950264346934 0.014401634267512502
2 0.5863866395683577 0.26719798657718125 0.020372534157230476 0.014451814177852308
2 0.4665661836098525 0.6490470322986578 0.02107556234270134 0.014562209980599808
2 0.8289619299986373 0.26575280515939603 0.0206323489214262 0.014231022572357404
2 0.5878538288249924 0.6484047294463088 0.020448950264346934 0.014963649263317886
3 0.20369477512945866 0.585137898489933 0.017132491215495437 0.0103571334941275
3 0.32253710491687393 0.20473403418624164 0.017270040208304922 0.010688320902369952
2 0.10282551373581916 0.2728181365352349 0.02099914623558495 0.01543534042051173
3 0.20577329324302457 0.9653811870805369 0.016612861687103988 0.01000587412174923
3 0.8098884696623856 0.5809629299496645 0.016368330144331512 0.00985031639969596
3 0.44406928167478626 0.20361000419463088 0.01727004020830496 0.010858932597525144
2 0.7096305371256773 0.6480835780201343 0.020250268385844202 0.014010230966862498
3 0.44700366018805576 0.9647388842281881 0.016612861687103915 0.010201575772074421
3 0.32571601497291597 0.9653811870805369 0.01720890732261182 0.010397277422399232
3 0.20234985164421015 0.2063397913171141 0.017331173093998023 0.011200155987835577
3 0.8079322173202059 0.20055906564597317 0.01661286168710406 0.00977504653418625
3 0.6871336351906109 0.20136194421140943 0.016689277794220227 0.010608033045826346
3 0.5653569268899261 0.20216482277684564 0.017331173093998096 0.010979364382340625
2 0.8309181823408169 0.6467989723154364 0.020678198585696018 0.014451814177852308
3 0.6900680137038804 0.9640965813758391 0.01694909255841595 0.009815190462458077
3 0.5682913054031956 0.9647388842281881 0.01707135832980237 0.010121287915530578
2 0.10447610164953328 0.6506527894295303 0.020831030799928898 0.015977283452181155
3 0.8108665958334753 0.96345427852349 0.016490595915717787 0.009965730193477308
1 0.9292198625353457 0.9621696728187921 0.011393641571054372 0.01004601805002115
1 0.9262854840220762 0.20039848993288595 0.010469006674946015 0.009815190462458077
1 0.9282417363642559 0.5803206270973155 0.01108797714258883 0.009965730193477308
0 0.08375205339956734 0.9075739303691277 0.008864268425501663 0.010397277422399232