2 0.0643021422568582 0.7026401817375886 0.021237716238085923 0.015388434660350185
3 0.16940864969219138 0.6334081338652482 0.0172324283087739 0.010780388581837315
3 0.8092210956906793 0.6283175421099291 0.017490833981632828 0.009597886538674629
2 0.4469363423425856 0.7012826906028369 0.022012933256662436 0.01498542947972074
3 0.6815686932984123 0.6300144060283688 0.018039946036457696 0.011029615469858148
3 0.2965442407387407 0.6327293882978723 0.01729702972698858 0.01085992907801426
3 0.4247134544767253 0.6323900155141844 0.017555435399847434 0.01082281017979824
3 0.9379071207743817 0.6276387965425532 0.017636187172615905 0.009709243233322316
3 0.5533994795604277 0.6310325243794326 0.017167826890559224 0.011337172055075371
2 0.3185087229317421 0.7019614361702128 0.021270016947193247 0.014529397301639999
2 0.5751055560805702 0.700603945035461 0.021156964465317542 0.014083970523049629
2 0.7032747698185549 0.6992464539007092 0.02143152049273012 0.014465764904698517
2 0.1909855233759045 0.7026401817375886 0.020317146028526297 0.014243051515403332
2 0.8314439835565396 0.6985677083333334 0.02235209070228962 0.01492179708277926
2 0.0624287011286316 0.30302872894503546 0.02094700985611973 0.015515699454233148
3 0.4231630204395723 0.2302332668439716 0.017829991427260012 0.010944772273936204
3 0.5518490455232746 0.22904546210106383 0.017636187172615763 0.01112506406527037
3 0.808187472999244 0.22700922539893617 0.016764068026717142 0.010292540205285926
2 0.4448690969597149 0.29844719636524825 0.021479971556391145 0.014805137688386481
2 0.18917668366589263 0.3021802969858156 0.021156964465317542 0.014688478293993796
3 0.9363566867372286 0.2259911070478723 0.016586414126626908 0.01053116169381648
2 0.5730383106976995 0.29776845079787234 0.020559401346831502 0.014465764904698612
2 0.3166998832217302 0.30065311945921985 0.021932181483894107 0.015218748268506204
3 0.6795014479155416 0.22785765735815602 0.017765390009045118 0.010822810179798333
2 0.7017243357814018 0.2962412732712766 0.021270016947193174 0.014306683912344813
3 0.16734140430932065 0.2329482491134752 0.017490833981632755 0.011252328859153332
3 0.29447699535586996 0.23142107158687944 0.017426232563418007 0.010695545385915372
2 0.8298935495193865 0.2955625277039007 0.021802978647464753 0.014465764904698612
0 0.04408189835565396 0.9306986923758864 0.00929452904564141 0.0107379669838762