2 0.46531128940689287 0.30673999451754386 0.021573473609070304 0.0155832391036184
2 0.5923870391397275 0.3060683936403509 0.0210461220319596 0.015530770285087763
2 0.08862245984170451 0.7065104166666667 0.02146161115331952 0.01607644599780694
2 0.3382355396740582 0.30858689692982455 0.02224464834357472 0.015289413719846531
2 0.21384448887924126 0.7065104166666667 0.021014161330316597 0.014932625753837669
2 0.21205468958722948 0.309594298245614 0.021014161330316597 0.014596825315241233
2 0.7197184744857066 0.3045572916666667 0.021957002028787007 0.015352376302083333
2 0.34002533896606996 0.7058388157894736 0.021909060976322437 0.015173982319078997
3 0.19006572685679934 0.2414268092105263 0.017370641343006955 0.011217833401864065
2 0.7212525881645738 0.7038240131578947 0.021493571854962732 0.014533862733004336
3 0.1918555261488111 0.637671326754386 0.01764230730697302 0.01165857147752187
3 0.31675794816991715 0.23957990679824562 0.01671544695932404 0.011259808456688631
2 0.8465385386053967 0.30371779057017545 0.021957002028787007 0.015289413719846531
3 0.6992636254341437 0.634984923245614 0.017642307306973092 0.010913514254385935
2 0.4671010886989046 0.7051672149122806 0.02182915922221487 0.015646201685855204
3 0.6977295117552765 0.23605400219298248 0.01717887713314853 0.010745614035087765
2 0.5944325240448838 0.7044956140350876 0.021413670100854876 0.01522645113760973
2 0.0861934465168314 0.31076959978070173 0.020726515015528996 0.015467807702850868
3 0.5729549325407427 0.636328125 0.016587604152751827 0.011616596422697398
3 0.5703980764092973 0.2372293037280702 0.01717887713314853 0.012172765899122832
2 0.848072652284264 0.7024808114035088 0.022548275009183855 0.015111019736842195
3 0.8260836895538338 0.6339775219298246 0.017306719939720813 0.010262900904605203
3 0.44357801228960725 0.2387404057017544 0.01665152555603797 0.011753015350877168
3 0.8245495758749666 0.2355503015350877 0.017051034326576245 0.010787589089912236
3 0.9518810112209457 0.23387129934210524 0.01717887713314853 0.011753015350877168
3 0.3182920618487844 0.6373355263157894 0.016715446959324108 0.010787589089912331
3 0.44536781158161903 0.6366639254385964 0.01677936836261025 0.01135425233004393
0 0.06823153219342773 0.9167214912280701 0.00937247575682941 0.010745614035087859
3 0.953415124899813 0.6333059210526315 0.017722209061080806 0.011889434279056938