3 0.19990453621648555 0.24535968959731547 0.01655172880141085 0.011019508310612405
2 0.10050246407948081 0.31248033766778527 0.019944603957378734 0.014562209980599808
3 0.32082538411746675 0.24407508389261745 0.015925116723056448 0.010477565278942981
3 0.5634006745477464 0.2415058724832215 0.01727004020830496 0.01068832090237
3 0.806954091149116 0.2402212667785235 0.016047382494442507 0.010005874121749135
3 0.6846883197628864 0.24070299391778524 0.016689277794220227 0.010005874121749135
3 0.4418684977898341 0.243111629614094 0.016429463030024648 0.010808752687185385
3 0.9277526732787109 0.23925781250000006 0.015565961019609428 0.010477565278942981
2 0.10245871642166049 0.6898332634228188 0.020280834828690843 0.014682641765415193
3 0.20137172547312032 0.624639523909396 0.016949092558416097 0.010567889117554614
3 0.322048041831329 0.623997221057047 0.016750410679913473 0.010086161978292693
3 0.8079322173202059 0.6204645553691276 0.01675041067991351 0.009293319394924424
3 0.4435802185892414 0.6236760696308725 0.016368330144331512 0.010397277422399421
3 0.686644572105066 0.6217491610738256 0.01694909255841595 0.010397277422399421
2 0.22081198312353081 0.31151688338926176 0.020204418721574458 0.014070446859270096
3 0.5658459899754711 0.622712615352349 0.01604738249444265 0.010567889117554614
2 0.8274947407420026 0.30541500629194634 0.020831030799928933 0.014120626769609904
2 0.3416105652531258 0.30942939911912754 0.02099914623558488 0.014281202482697116
2 0.7057180324413179 0.3062178848573826 0.020280834828690843 0.013899835164114905
3 0.9297089256208906 0.6198222525167786 0.016490595915717787 0.009223067520448845
2 0.583941324140633 0.30750249056208057 0.019822338185992532 0.013588719720008366
2 0.46265367892549314 0.3081447934144296 0.020448950264346934 0.014010230966862405
2 0.22215690660877938 0.6898332634228188 0.019944603957378734 0.013849655253775192
2 0.8289619299986373 0.6859794463087249 0.021365943549743558 0.014010230966862498
2 0.3430777545097605 0.6891909605704699 0.02072404824996598 0.014070446859270192
2 0.7076742847834976 0.6872640520134229 0.0206323489214262 0.013799475343435385
2 0.5858975764828127 0.6885486577181209 0.020204418721574385 0.013689079540687885
2 0.46460993126767286 0.6885486577181209 0.021151978449817796 0.014512030070260001