2 0.5895313034553541 0.6595101351351351 0.02104002736914121 0.015118243243243228
3 0.44631799521040033 0.5944425675675676 0.0177429011289772 0.010185810810810759
3 0.201676359904208 0.21559121621621624 0.01728104686965447 0.01118243243243247
2 0.4674863154293534 0.660472972972973 0.02145056448853916 0.015472972972972912
3 0.5684143003763258 0.5938682432432433 0.017678754704071063 0.01087837837837848
3 0.32458091002394807 0.5954898648648649 0.017075778309955426 0.010422297297297215
2 0.7118200478959974 0.6588513513513515 0.020719295244611826 0.014831081081081075
3 0.32260520013684574 0.21412162162162166 0.016755046185425893 0.010591216216216235
3 0.6902155319876839 0.5929054054054055 0.01781987683886419 0.010540540540540632
3 0.44440643174820393 0.21283783783783786 0.017204071159767267 0.010878378378378385
3 0.20339548409168665 0.5961317567567569 0.017345193294560392 0.010540540540540632
2 0.3456979131029764 0.6611148648648649 0.02014197742045847 0.014898648648648797
2 0.8336212795073555 0.6578885135135136 0.020719295244611826 0.014662162162162151
3 0.8120167635990422 0.5916047297297298 0.01728104686965454 0.010270270270270316
3 0.5664514197742045 0.21138513513513515 0.017614608279165216 0.010929054054054083
3 0.6887401642148478 0.21040540540540542 0.017345193294560392 0.01064189189189193
3 0.810541395826206 0.20927364864864867 0.016947485460143727 0.010354729729729732
2 0.22438419432090323 0.6617736486486487 0.02077061238453646 0.014712837837837849
2 0.46552343482723235 0.277820945945946 0.020770612384536532 0.015540540540540538
2 0.3434784468012317 0.27895270270270267 0.02084758809442352 0.01584459459459462
2 0.5875684228532331 0.2768581081081081 0.02109134450906606 0.015
2 0.7103575094081425 0.2757263513513513 0.020616660964762123 0.015
2 0.22266507013342457 0.2807263513513514 0.02124529592884026 0.015540540540540538
3 0.9318422853232982 0.20912162162162165 0.01667807047553876 0.01047297297297296
2 0.8316583989052344 0.27491554054054057 0.020809100239479954 0.015
3 0.9338179952104003 0.590641891891892 0.017139924734861273 0.010118243243243228
2 0.10381457406773863 0.6624155405405405 0.02084758809442352 0.0157263513513512
2 0.10215959630516593 0.28202702702702703 0.019949538145740707 0.016402027027026995
3 0.5698896681491619 0.9779729729729731 0.017486315429353375 0.010641891891891646
3 0.3263000342114266 0.9786148648648649 0.01728104686965454 0.010726351351351013
3 0.69169089976052 0.9773310810810812 0.017345193294560392 0.010422297297297595
3 0.44808843653780367 0.9786148648648649 0.017075778309955426 0.010675675675675697
3 0.20584587752309272 0.9779729729729731 0.01728104686965447 0.010675675675675697
3 0.8134921313718783 0.9760304054054054 0.01702446117003086 0.010354729729729874
3 0.9347930208689703 0.9747466216216217 0.016562606910708346 0.009797297297297215