2 0.09005497315088432 0.7108150043554008 0.02113146780449214 0.015360018102134063
2 0.3388839423543422 0.7101480836236934 0.021210611878666297 0.014724359279725641
2 0.46475467792087505 0.7094811628919862 0.021289755952840453 0.01489108946265238
2 0.7162428880165836 0.7081473214285715 0.02097317965614383 0.014380478277439011
2 0.21377298989988092 0.7108150043554008 0.02007093721055884 0.014109541730182968
3 0.19300558483658978 0.6424556293554008 0.016762714910080263 0.010509211842606685
2 0.5906254134874079 0.7088142421602788 0.020894035581969672 0.014276271913109706
3 0.31710349314162223 0.6421221689895471 0.0176174709111608 0.011014612709603662
2 0.8418603625457594 0.7068134799651569 0.022081196694581723 0.014661835461128021
2 0.33711111509284175 0.31633139155052264 0.021210611878666297 0.015005716463414653
3 0.6949689608785781 0.6394544860627178 0.017617470911160945 0.011400176257621979
2 0.4627285896220174 0.3144973595383275 0.021210611878666297 0.014547208460365842
2 0.08783893907400873 0.31899907447735193 0.0206091169149429 0.015599692740091485
3 0.4429742287081551 0.6417887086236934 0.017015975947437475 0.010712414253048716
3 0.5693514863494024 0.6407883275261325 0.01655694031722757 0.01131681116615861
2 0.5885993251885503 0.3133302482578397 0.02002345076605439 0.013838605182926832
2 0.7142167997177259 0.3123298671602788 0.020498315211099183 0.013838605182926832
3 0.9462039099369295 0.6371202635017422 0.017554155651821675 0.00976413633765238
2 0.21225342367573768 0.3179986933797909 0.020894035581969745 0.014432581459603662
3 0.1907262355003749 0.2494725881968641 0.016952660688098208 0.01122302543826218
3 0.31533066588012176 0.24797201655052267 0.0176174709111608 0.010754096798780494
3 0.44145466248401183 0.24730509581881535 0.01741169631830811 0.010972930163871979
3 0.8205864354077538 0.6384541049651569 0.01728506579962943 0.010311219750381042
2 0.8403407963216161 0.31132948606271776 0.021258098323170674 0.014109541730182968
3 0.5668188759758304 0.24563779398954708 0.017348381058968843 0.010837461890243863
3 0.6929428725797203 0.24447068270905925 0.01707929120677674 0.010972930163871979
3 0.9441778216380717 0.2431368412456446 0.016556940317227428 0.010592576934070147
3 0.8190668691836105 0.24397049216027877 0.016620255576566982 0.010347691977896338
0 0.069667459643629 0.9175604311846691 0.008864136307502312 0.011056295255335347