3 0.20063718782073214 0.20395270270270272 0.016190557646253823 0.00979729729729731
1 0.9310596989394458 0.9635979729729731 0.010879233664043775 0.009881756756756583
3 0.2044474854601437 0.9668412162162163 0.01702446117003079 0.01
2 0.10087666780704756 0.2712162162162162 0.01961597673622989 0.014949324324324399
3 0.321578857338351 0.20217905405405406 0.016190557646253823 0.009729729729729731
1 0.9295843311666097 0.5794932432432434 0.010224940130003428 0.009324324324324304
3 0.5656560041053712 0.19976351351351354 0.01637016763599037 0.009915540540540538
3 0.44336725966472806 0.2008952702702703 0.01625470407115967 0.009695945945945965
3 0.8117088607594938 0.9648986486486488 0.01649846048580221 0.009881756756756583
3 0.3247605200136846 0.9668412162162163 0.016819192610331886 0.010152027027027088
3 0.6904079712624016 0.9655405405405406 0.016755046185425893 0.009881756756756583
3 0.5686067396510435 0.9661824324324325 0.016947485460143727 0.010118243243243417
3 0.6874572357167295 0.1987837837837838 0.016254704071159812 0.009543918918918924
3 0.44631799521040033 0.9668412162162163 0.016434314060896217 0.010236486486486457
2 0.10253164556962027 0.650945945945946 0.02104002736914132 0.01584459459459462
3 0.20198426274375644 0.5846790540540541 0.016947485460143654 0.010152027027027088
3 0.4453429695518304 0.5833783783783785 0.016819192610331886 0.010067567567567721
3 0.8107338351009238 0.580793918918919 0.016318850496065664 0.009510135135135064
3 0.32304139582620595 0.5843412162162163 0.016883339035237734 0.010185810810810759
3 0.6894201163188506 0.5820777027027026 0.016819192610331744 0.01003378378378386
1 0.22126667807047554 0.2704054054054054 0.018371536093055047 0.012804054054053987
0 0.08154293534040372 0.9086317567567568 0.009532158741019515 0.010540540540540632
3 0.5671313718782074 0.5830574324324325 0.016819192610331886 0.010270270270270316
2 0.22298580225795417 0.6506250000000001 0.019911050290797067 0.015067567567567532
2 0.8318508381799521 0.6470777027027028 0.02096305165925422 0.014712837837837849
3 0.8087709544988027 0.19829391891891895 0.015279678412589938 0.007956081081081076
2 0.7100496065685941 0.6480405405405405 0.020719295244611826 0.014222972972972911
2 0.3441712281902155 0.6503040540540542 0.020809100239479954 0.014949324324324303
2 0.5877608621279508 0.6486824324324325 0.02096305165925422 0.015
2 0.46595963051659256 0.6496621621621622 0.02187393089291825 0.015236486486486456
1 0.5862854943551147 0.26555743243243246 0.018717926787547075 0.013209459459459462
1 0.3426958604173794 0.2689527027027027 0.018871878207321342 0.01417229729729731
1 0.7085742387957578 0.2647466216216216 0.01901300034211418 0.012753378378378387
1 0.4644842627437565 0.26750000000000007 0.019385049606568564 0.014273648648648607
1 0.830862983236401 0.26393581081081086 0.01928241532671915 0.01331081081081076
0 0.08853489565514884 0.8853547297297298 0.007594936708860759 0.010675675675675697