2 0.46265367892549314 0.3086265205536913 0.0199751704002253 0.014120626769609904
3 0.9282417363642559 0.23957896392617453 0.01586398383736324 0.01020157577207423
3 0.5658459899754711 0.623997221057047 0.01586398383736324 0.010397277422399421
2 0.583941324140633 0.30782364198825507 0.01986818785026235 0.013960051056522692
3 0.19978227044509933 0.24616256816275167 0.016368330144331512 0.010608033045826346
3 0.4421130293326066 0.24343278104026847 0.016811543565606647 0.010527745189282693
3 0.686644572105066 0.6230337667785235 0.0168115435656065 0.01068832090237
3 0.4435802185892414 0.624639523909396 0.016490595915717787 0.01072846483064173
3 0.3222925733741015 0.625281826761745 0.016551728801410814 0.01000587412174923
3 0.5634006745477464 0.24230875104865773 0.01713249121549551 0.010477565278942981
3 0.806465028063571 0.24054241820469802 0.015802850951670246 0.010241719700346057
2 0.10227531776458115 0.6904755662751679 0.020128002614458074 0.014451814177852308
2 0.22203464083739313 0.6904755662751679 0.019715355636029507 0.013799475343435385
3 0.20137172547312032 0.625924129614094 0.017132491215495437 0.0103571334941275
3 0.8079322173202059 0.6220703125000001 0.016429463030024506 0.009514111000419424
2 0.7057180324413179 0.3066996119966443 0.020173852278728033 0.013899835164114905
3 0.6851773828484312 0.24134529677013422 0.01630719725863852 0.010046018050020962
2 0.34136603371035334 0.3102322776845638 0.020953296571315064 0.014451814177852308
2 0.3430777545097605 0.6904755662751679 0.020999146235585023 0.013849655253775192
3 0.9301979887064356 0.6214280096476511 0.016490595915717787 0.0090825637714975
2 0.8274947407420026 0.30605730914429535 0.0206323489214262 0.014070446859270096
3 0.32058085257469426 0.24439623531879198 0.015565961019609357 0.010046018050020962
2 0.5854085133972677 0.6891909605704699 0.020128002614458074 0.013749295433095578
2 0.7076742847834976 0.6879063548657719 0.020250268385844202 0.013960051056522692
2 0.46436539972490043 0.6891909605704699 0.02104499589985484 0.014451814177852308
2 0.22056745158075838 0.31183803481543626 0.02017385227872789 0.014281202482697116
2 0.8289619299986373 0.6872640520134229 0.021197828114087467 0.014281202482697116
2 0.10031906542240146 0.312962064807047 0.019715355636029542 0.014793037568162788