2 0.10300906210608797 0.7071812080536913 0.021194596804415218 0.015251677852349039
2 0.10050505910809798 0.3291778523489933 0.020325861070418696 0.014899328859060385
3 0.32278642728170887 0.6407046979865773 0.01655708104793378 0.01040268456375846
3 0.6871316390147516 0.6387751677852349 0.017540796511429715 0.01040268456375846
2 0.3418602868531326 0.3262919463087249 0.021399005212414342 0.014848993288590672
3 0.5658407999182368 0.6394127516778524 0.016953122338432203 0.010939597315436155
2 0.46313835042414747 0.325 0.021194596804415218 0.014966442953020192
2 0.22118267298061528 0.32790268456375843 0.02005757503491976 0.014513422818791923
2 0.7062054985861753 0.32291946308724834 0.020926310768916535 0.014899328859060385
3 0.44406449085272376 0.6400503355704699 0.016812591557932646 0.010352348993288463
3 0.8084224781112663 0.63748322147651 0.016812591557932934 0.009882550335570386
2 0.5849146594896604 0.32436241610738253 0.02060692263141756 0.01468120805369125
2 0.22289459339760845 0.7071812080536913 0.02017255476441932 0.014345637583892502
2 0.8279818076516883 0.32194630872483226 0.021437331788914195 0.015083892617449711
3 0.3208317718802167 0.2606208053691276 0.01598218240043605 0.010402684563758365
3 0.6851769836132595 0.2569295302013423 0.01695312233843206 0.010352348993288654
3 0.8069532926787722 0.25583892617449666 0.01695312233843206 0.010285234899328847
3 0.5634006745477464 0.2580369127516779 0.01700422444043191 0.011208053691275192
3 0.20186607842469254 0.6410234899328859 0.017068102067931766 0.01124161073825519
3 0.4423525704357306 0.259496644295302 0.017068102067931766 0.011208053691275192
3 0.20026913773719893 0.26221476510067115 0.0166848363029333 0.011023489932885867
2 0.8294509930841822 0.7033221476510069 0.021897250706912435 0.014513422818791923
2 0.3435722072701258 0.706526845637584 0.021437331788914195 0.014848993288590578
3 0.9297133172077814 0.6368456375838927 0.016812591557932934 0.009966442953020191
0 0.08375634517766499 0.9075671140939598 0.008457397880966175 0.010721476510067305
2 0.7081601539876674 0.7039597315436242 0.02127124995741507 0.014010067114094037
2 0.5863838449221546 0.705251677852349 0.02107961707491566 0.015083892617449616
2 0.4650930058256397 0.7058892617449665 0.021692842298913315 0.015553691275167694
3 0.9282441317752872 0.25531879194630874 0.01668483630293323 0.010520134228187886
0 0.09671072803461317 0.6111577181208054 0.01022042039995911 0.011828859060402692