2 0.7076254910519424 0.260448275862069 0.021567001309472002 0.014758620689655211
3 0.1883151462243562 0.19803448275862068 0.017560017459624655 0.010448275862068973
0 0.06720209515495416 0.9088793103448275 0.009257965953731994 0.011017241379310387
2 0.5827018769096465 0.26139655172413795 0.021449148843299855 0.014465517241379284
2 0.4576342208642515 0.2620517241379311 0.02197293758184195 0.01555172413793097
3 0.3120078568310782 0.19655172413793107 0.017298123090353532 0.010482758620689623
2 0.33331296377127895 0.2627241379310345 0.021278917503273626 0.015672413793103412
2 0.8313443910955916 0.2592586206896552 0.022575294631165383 0.015500000000000019
2 0.2097512003491925 0.26468965517241383 0.020833697075512938 0.015086206896551744
3 0.4365779135748581 0.19489655172413797 0.018188563945875126 0.01068965517241376
3 0.6859668267132257 0.1929137931034483 0.01797904845045823 0.010948275862068944
3 0.8097904845045832 0.19193103448275864 0.01763858577040606 0.010448275862068973
3 0.1902007856831078 0.5877758620689656 0.017560017459624655 0.010862068965517249
3 0.5611479703186382 0.19439655172413794 0.0174945438673068 0.011551724137931008
2 0.833347883020515 0.6511379310344828 0.02205150589262314 0.014913793103448257
2 0.5837101702313401 0.6527931034482759 0.0212396333478831 0.015379310344827483
2 0.3348188563945875 0.6547758620689655 0.02075512876473153 0.015086206896551744
2 0.7090266259275426 0.6521206896551726 0.020964644260148425 0.014672413793103373
3 0.3137625491051943 0.5871206896551724 0.018109995635093933 0.010517241379310462
2 0.45938891313836755 0.6541034482758622 0.022051505892623287 0.015379310344827483
3 0.4385814054997818 0.586448275862069 0.018646879092099587 0.010327586206896626
2 0.21137494543867305 0.6554310344827586 0.021239633347882956 0.01501724137931035
3 0.9346093408991708 0.19143103448275864 0.017769532955041335 0.010810344827586249
3 0.6874727193365343 0.5848103448275862 0.018673068529026556 0.010948275862068991
3 0.5631514622435618 0.5857931034482758 0.018332605848974243 0.011155172413793176
3 0.8117939764295069 0.5838103448275863 0.01825403753819305 0.010724137931034458
3 0.9366128328240944 0.5828275862068967 0.017900480139677183 0.010603448275862017
3 0.4393408991706679 0.9775172413793105 0.01825403753819305 0.010482758620689385
3 0.3152684417285029 0.9775172413793105 0.018109995635093933 0.010568965517241699
3 0.19245307725883895 0.9775172413793105 0.017704059362723696 0.010327586206896437
3 0.688978611959843 0.9762068965517242 0.01825403753819305 0.010517241379310083
3 0.5641597555652553 0.9768620689655173 0.01825403753819305 0.010758620689655345
3 0.812789175032737 0.9755344827586206 0.017900480139677183 0.010396551724137832
3 0.9371104321257094 0.9742241379310345 0.01784810126582296 0.009810344827586354