2 0.4628982104682656 0.30942939911912754 0.020601782478579706 0.014281202482697116
3 0.4423575608753791 0.24503853817114096 0.016949092558416097 0.010437421350671154
3 0.20027133353064425 0.24728659815436246 0.016368330144331512 0.010437421350671154
3 0.9282417363642559 0.2408635696308725 0.01586398383736324 0.009850316399695866
3 0.32253710491687393 0.625924129614094 0.01655172880141085 0.010161431843802499
3 0.5638897376332913 0.24343278104026847 0.01675041067991351 0.010477565278942981
2 0.5844303872261779 0.3083053691275168 0.019822338185992532 0.013638899630348172
2 0.7062070955268627 0.30718133913590606 0.020097436171611575 0.013689079540687885
3 0.6871336351906109 0.6230337667785235 0.01694909255841595 0.010567889117554614
3 0.807443154234661 0.24166644819630875 0.015451336858934886 0.009589380865929134
3 0.5658459899754711 0.6243183724832215 0.016246064372945238 0.010808752687185385
3 0.44406928167478626 0.625281826761745 0.016429463030024648 0.010397277422399421
3 0.2021053201014377 0.6262452810402686 0.016490595915717714 0.010086161978292693
3 0.6851773828484312 0.24230875104865773 0.016689277794220227 0.010161431843802405
2 0.10300891239289853 0.6917601719798658 0.019944603957378734 0.014622425873007501
3 0.8084212804057508 0.6220703125000001 0.0168115435656065 0.009664650731438846
2 0.22276823546571053 0.6917601719798658 0.01930270865760101 0.014070446859270192
3 0.3210699156602392 0.24600199244966447 0.015802850951670208 0.009589380865929134
3 0.9301979887064356 0.6211068582214765 0.01630719725863852 0.009152815645973079
2 0.3416105652531258 0.31119573196308725 0.020800464357082292 0.014562209980599808
2 0.8279838038275475 0.30653903628355705 0.02052536637146339 0.013849655253775192
2 0.34356681759530544 0.6911178691275168 0.020448950264346934 0.014180842662017691
2 0.2210565146663033 0.3128014890939598 0.02005158650734169 0.014010230966862405
2 0.5858975764828127 0.6898332634228188 0.01979177174314589 0.013227424365562115
2 0.7081633478690423 0.6885486577181209 0.02005158650734176 0.013638899630348079
2 0.4648544628104453 0.6904755662751679 0.020678198585696164 0.014180842662017691
2 0.8294509930841822 0.6872640520134229 0.021197828114087467 0.014120626769609809
2 0.1008692613936395 0.31360436765939603 0.019944603957378734 0.014622425873007595
0 0.0839965849423398 0.9075739303691277 0.008528037554189526 0.010276845637583847