3 0.44233389524769584 0.21481294251303035 0.016764481246289945 0.00838328206549799
2 0.3404270815514882 0.2811279296875 0.020642432292112073 0.015600256017736456
0 0.08025569700436197 0.9138311252847441 0.009108761015143888 0.010033066208298275
3 0.5638871664385905 0.21403874577702703 0.017542230564969678 0.011275832717483069
3 0.6861763117943894 0.21242213893581086 0.017818486164417988 0.01084136962890625
2 0.4624706663744441 0.28015796558277034 0.021455851557154397 0.015418387748099652
3 0.3197999967926788 0.21630199535472974 0.01708180456588904 0.010467529296875
2 0.21924295859348272 0.28274453652871623 0.020488956959085244 0.01495361328125
2 0.7072945176188847 0.27821803737331086 0.020811255158441722 0.014610084327491583
2 0.5850053722630859 0.2795113228462838 0.020366176692663763 0.014104894689611456
3 0.1986158738346733 0.21791860219594597 0.017818486164417988 0.010548359638935854
3 0.8079743360845022 0.21177549619932434 0.017204584832310663 0.010230090167071352
3 0.5658516507013343 0.5981445312500001 0.01787987629762869 0.01076053928684549
2 0.8290925419089976 0.27740973395270274 0.0217474546899056 0.015125377758129256
3 0.44380806587837845 0.5991144953547298 0.01795661396414214 0.01038669895481424
2 0.34214600528138905 0.6653953758445946 0.021087510757890032 0.015186000514674825
3 0.6881407960571332 0.5971745671452703 0.018094741763866294 0.01076053928684549
3 0.3215189205225796 0.599437816722973 0.017480840431758828 0.010932303763724652
3 0.20021201729815258 0.6000844594594594 0.018018004097352915 0.011356663059543925
2 0.46418959010434485 0.6647487331081081 0.0216553694900894 0.015297142235008512
2 0.22145300338906945 0.6660420185810811 0.021087510757890032 0.014892990524704336
2 0.7087678808159427 0.6634554476351352 0.02121029102431144 0.014104894689611456
2 0.5859876143944578 0.6647487331081081 0.020642432292112073 0.014721226047825175
3 0.8099388203472461 0.5962046030405407 0.017342712632034817 0.01034628378378386
3 0.9302634814403011 0.21112885346283786 0.017480840431758973 0.010720124115815017
2 0.8305659051060555 0.6621621621621623 0.021240986090916937 0.01416551744615712
3 0.9322279657030448 0.5958812816722973 0.017480840431758973 0.010310920509132113
3 0.5673250138983921 0.9796637457770271 0.018018004097352845 0.010467529296875
3 0.6891230381885051 0.9790171030405407 0.01823286956359045 0.010507944467905568
3 0.4447903080097503 0.9803103885135136 0.017342712632034674 0.010427114125844432
3 0.32323784425248037 0.9803103885135136 0.01795661396414214 0.01059887860272397
3 0.810429941412932 0.9783704603040542 0.01768035836469383 0.010113896550359035
3 0.2027904028930038 0.9803103885135136 0.017741748497904535 0.01038669895481424
3 0.9327190867687309 0.9777238175675678 0.018018004097352845 0.009881509316934019