3 0.1821741008748245 0.21996453900709217 0.017158980451452623 0.010177304964538982
3 0.6944729452424667 0.21391843971631208 0.01683497137919853 0.011471631205673797
3 0.437871260395291 0.21599290780141842 0.017037477049357447 0.01230496453900713
3 0.5663003564099794 0.21459219858156028 0.017104978939410178 0.011914893617021296
3 0.1837266443460417 0.6191312056737589 0.016834971379198677 0.011790780141843886
3 0.3109947078518199 0.6187943262411347 0.01614645210065884 0.011524822695035368
3 0.6965385030780863 0.6164184397163122 0.01722648234150564 0.01125886524822704
3 0.9513176368938329 0.21170212765957447 0.018036505022140437 0.01147163120567375
3 0.440017820498974 0.6177659574468085 0.01729398423155837 0.01187943262411352
3 0.8236715628037584 0.6157269503546099 0.01683497137919853 0.010283687943262407
3 0.5678528998811967 0.6170921985815603 0.018252511070309927 0.011418439716312226
3 0.953396695107463 0.6147163120567376 0.01683497137919853 0.01125886524822704
2 0.33115077222162226 0.2872163120567376 0.021276595744680764 0.015815602836879446
2 0.8443406415379631 0.281790780141844 0.021479101414839823 0.015390070921985834
2 0.2037612053137488 0.2880673758865248 0.02111459120855379 0.01593971631205676
2 0.588008964250999 0.2838297872340426 0.021425099902797236 0.014804964539007131
2 0.7166945674478885 0.28297872340425534 0.02273463656982374 0.015336879432624073
2 0.4598363754185117 0.2863652482269503 0.021722108219030176 0.014982269503546112
2 0.2058267631493682 0.6890425531914893 0.02103358894049034 0.015567375886524815
2 0.33295982287504045 0.6883510638297872 0.022140619937358146 0.015939716312056665
2 0.7187601252835079 0.6863297872340425 0.022478129387622958 0.015691489361702223
2 0.077195161464521 0.2899290780141844 0.020480073442056365 0.01569148936170213
2 0.4611324117075278 0.687677304964539 0.02161410519494543 0.015514184397163148
2 0.5900745220866184 0.6873404255319149 0.022140619937358146 0.01563829787234056
2 0.8464061993735825 0.6856382978723403 0.021978615401231246 0.01563829787234056
2 0.07733016524462685 0.6897163120567376 0.020871584404363333 0.014308510638297965
3 0.30968517118479316 0.21769503546099292 0.017536991035749013 0.010691489361702035
3 0.8224430284047954 0.21343971631205672 0.017604492925801744 0.009113475177304906