3 0.8092572645826207 0.6274941934121623 0.016314427900754744 0.009957287762616148
3 0.9315464099384195 0.6268475506756757 0.015577746302226013 0.01034628378378386
2 0.10087651746386418 0.6986248944256757 0.020412219292571865 0.014892990524704336
3 0.6874592402925078 0.6287874788851352 0.016621378566808547 0.010598878602723781
3 0.5656612160023948 0.6297574429898649 0.01668276870001925 0.01054835963893576
3 0.3210829252907971 0.6310507284628378 0.017020414432678266 0.01034628378378386
3 0.443372070646596 0.6307274070945946 0.01668276870001925 0.010113896550359035
3 0.20088104446416352 0.6316973711993245 0.01625303776754404 0.010598878602723781
2 0.22126256869013 0.6979782516891893 0.02018200629303158 0.013943234005489937
2 0.830375470407116 0.6934517525337839 0.021363766357338342 0.013943234005489937
3 0.685494756029764 0.24452003272804054 0.016375818033965445 0.010346283783783767
2 0.4642447159382484 0.6966849662162162 0.021240986090916937 0.01437769709406666
3 0.9300730467413617 0.2433884079391892 0.015930739568187774 0.010230090167071352
2 0.34244669164813546 0.6979782516891893 0.02068847489202017 0.013892715041701914
3 0.4418987074495382 0.2471066036739865 0.01688228663295411 0.01042711412584462
3 0.8077839013855629 0.24371172930743246 0.015692852801996046 0.01007348137932856
3 0.5632056106739651 0.24548999683277026 0.017618968231483127 0.01080095445787587
2 0.7085774461170031 0.6947450380067568 0.0201052686265182 0.013468355745882642
3 0.3203462436922682 0.24791490709459463 0.016114909967819883 0.009881509316934114
3 0.19879377993499833 0.24953151393581086 0.01625303776754404 0.010639293773754256
2 0.5862883007612043 0.6953916807432433 0.0199517932934913 0.013680535393792184
2 0.0987278628014882 0.3164590371621622 0.01972158029395098 0.015004132245038023
2 0.21954364496022924 0.31548907305743246 0.020289439026150383 0.014438319850612325
2 0.34048220738539176 0.31387246621621623 0.020366176692663763 0.014549461570945917
2 0.4627713527411906 0.3127408414273649 0.020135963693123555 0.01416551744615712
2 0.8284109861443723 0.30950762774493246 0.020719169958625525 0.013993752969277864
2 0.5843238164984605 0.3119325380067568 0.02018200629303151 0.013518874709670569
2 0.7066129618542594 0.31031593116554057 0.0199517932934913 0.013518874709670569
0 0.0813544551028481 0.9126636402027027 0.008663682549366034 0.01038669895481424