2 0.19878726674769426 0.6568838028169014 0.02404911703724889 0.017764084507042335
2 0.5803290555515837 0.6545246478873239 0.023459283620504697 0.017693661971830844
2 0.5782780438979052 0.2563732394366197 0.02395527990276679 0.0175704225352113
2 0.19672284978908988 0.26024647887323943 0.023030313862872687 0.0175704225352113
2 0.3229740115821834 0.25857394366197184 0.02297669264316865 0.0174295774647887
2 0.4510080789304353 0.2577288732394366 0.02466576106384503 0.017834507042253544
2 0.7075856152141274 0.6538556338028169 0.021649567455494484 0.016971830985915516
2 0.07228140416100665 0.6575528169014084 0.022494101665832548 0.01676056338028161
2 0.07073979409451632 0.26177816901408446 0.021743404589976405 0.016830985915492914
1 0.1790278472867663 0.9864436619718309 0.018539536712661765 0.01086267605633831
3 0.937486594695074 0.1851056338028169 0.017426896403803606 0.011091549295774664
1 0.8138226567526989 0.9844366197183098 0.017842460856509423 0.01033450704225326
1 0.1761993279473797 0.5894894366197182 0.0175743547579896 0.011302816901408429
1 0.4325355687424037 0.9864436619718309 0.018767426896403816 0.01061619718309847
1 0.6870620933724172 0.9851056338028169 0.018123972259955656 0.010580985915493103
1 0.5592827268177593 0.9857746478873237 0.018405483663401744 0.010739436619718011
3 0.17491241867448343 0.19133802816901407 0.017788839636805606 0.01156690140845067
1 0.3052656037749339 0.9864436619718309 0.018767426896403816 0.011126760563380078
3 0.8102300350325301 0.18561619718309857 0.01723922213483926 0.011091549295774664
1 0.9405698148280546 0.9830809859154929 0.01723922213483926 0.01010563380281686
0 0.9636671552155572 0.21290492957746476 0.00844534210338176 0.014700704225352156
3 0.30089547436905695 0.1903345070422535 0.01764138128261961 0.01133802816901408
1 0.3029598913276614 0.5877992957746478 0.01819099878458574 0.011566901408450765
3 0.6829600700650604 0.1867957746478873 0.017641381282619755 0.011619718309859148
3 0.5561995066847787 0.18779929577464788 0.017708407807249693 0.011795774647887308
3 0.42816543933652673 0.18882042253521125 0.01797651390576959 0.011707746478873227
2 0.8328045685279187 0.25434859154929573 0.022293022091942644 0.016267605633802872
1 0.5582639236433831 0.5864612676056338 0.01847251018803168 0.011302816901408429
2 0.32502502323586185 0.6565492957746479 0.022199184957460472 0.016443661971831034
2 0.8348555801815971 0.6528345070422534 0.02174340458997637 0.01528169014084502
1 0.43021645099020517 0.5877992957746478 0.017708407807249693 0.011214788732394444
2 0.7055346035604488 0.25519366197183097 0.021904268249088338 0.01639084507042251
1 0.6855204833059269 0.5859683098591549 0.01819099878458574 0.011091549295774522
2 0.4522815828984056 0.6555281690140844 0.022721991849574654 0.016566901408450577
1 0.9395510116536783 0.5837499999999999 0.01882104811610771 0.011179577464788698
1 0.8127904482733967 0.5844366197183097 0.01847251018803168 0.011091549295774522