3 0.19822007171555708 0.21389078498293515 0.01758759234458026 0.010614334470989775
3 0.4434483950403939 0.21127986348122865 0.01819674255843087 0.011211604095563151
3 0.5669892426664362 0.20964163822525592 0.017665356201667645 0.011467576791808938
3 0.3206463040566812 0.2125767918088737 0.017665356201667575 0.01049488054607508
3 0.6920205642199853 0.5975085324232081 0.017794962630146478 0.010255972696245787
3 0.8135784334903011 0.20784982935153581 0.017587592344580117 0.01025597269624574
3 0.44543137339612043 0.5994709897610921 0.01819674255843087 0.010784982935153758
3 0.568479716593943 0.598174061433447 0.019129908843478628 0.010955631399317364
3 0.1997105456430639 0.6004607508532422 0.017457985916101502 0.011092150170648551
3 0.322136777984188 0.5997952218430034 0.017522789130340846 0.010255972696245787
2 0.3432237438976973 0.666433447098976 0.02170907677020779 0.01563139931740617
3 0.8160539162742471 0.5968600682593856 0.01819674255843087 0.009675767918088619
2 0.4665183393096297 0.6657849829351534 0.02134617877046709 0.01510238907849839
2 0.22068086577094226 0.666433447098976 0.021501706484641572 0.01522184300341299
3 0.6900375858642588 0.20849829351535837 0.01725061563053507 0.010017064846416398
2 0.5903054391497817 0.665136518771331 0.02179980127014307 0.014522184300341223
2 0.8364021255454269 0.663174061433447 0.02209789605564443 0.015392491467576784
3 0.9366138160452757 0.2067064846416382 0.017794962630146478 0.01052901023890783
2 0.7133537823476044 0.6638225255972695 0.02170907677020779 0.014692832764505207
3 0.3241197563399145 0.9858873720136517 0.017522789130340773 0.01034129692832759
3 0.4469218473236272 0.9858873720136517 0.018067136129952182 0.01022184300341299
3 0.6930055730764246 0.9845733788395904 0.017794962630146478 0.010494880546075365
3 0.5699701905214498 0.985221843003413 0.017924569058625307 0.010255972696245787
1 0.1001080053570657 0.28182593856655286 0.01502138506069903 0.015460750853242283
3 0.8165464207024667 0.9832764505119455 0.01814489998703928 0.010051194539249384
3 0.9391022594720697 0.5958873720136518 0.018002332915712838 0.010409556313993183
3 0.20193977621290016 0.985221843003413 0.017924569058625307 0.010409556313993183
2 0.3414870177560807 0.2788907849829351 0.021229532984836014 0.016126279863481252
2 0.7113708039918779 0.2752901023890784 0.02209789605564443 0.015460750853242283
2 0.4647816131680131 0.2782252559726962 0.021631312913120548 0.015153583617747397
2 0.2189441396293256 0.2805119453924914 0.02125545427053181 0.01600682593856656
2 0.5883224607940554 0.2766040955631399 0.021670194841664242 0.015392491467576784
1 0.1013522270704627 0.6677474402730375 0.015138030846330001 0.01563139931740617
3 0.9391022594720697 0.9826109215017063 0.017056205987817038 0.010290102389078584
2 0.8344061865468526 0.27464163822525595 0.021385060699010784 0.01527303754266209
0 0.0821834362984404 0.9172866894197951 0.00916317449345485 0.010409556313993183