3 0.19819913871851752 0.2050994724683653 0.015816259950411065 0.009188704616763733
3 0.5695811040062638 0.20059993793745473 0.01665144199399705 0.011378133296555511
3 0.4454391230588542 0.20175499086301416 0.016273000130497275 0.01196427955728717
3 0.695967636695811 0.5927835051546392 0.01665144199399705 0.010809226631727637
3 0.3227978598460132 0.595093611005758 0.015777110792118024 0.011205737337516829
2 0.21914393840532426 0.2717132710409268 0.020709904737048167 0.014963969244560877
2 0.4659271825655748 0.26857566458642207 0.02044891034842743 0.014343343792021464
2 0.3422810909565444 0.2695755611488466 0.020605506981599873 0.014791573285522195
2 0.8383400756883725 0.2657656104540909 0.020566357823306906 0.014912250456849244
2 0.5905650528513636 0.26759300761990135 0.021284092392013492 0.01473985449781056
2 0.7144460394101526 0.2667655070165155 0.02211927443559955 0.015136365203599561
2 0.2210100482839619 0.6620694410923007 0.020709904737048167 0.014963969244560877
2 0.5925616599243115 0.6604316794814328 0.02149288790291008 0.014791573285522289
2 0.3440297533603027 0.6617418887701272 0.02153203706120319 0.015205323587215169
2 0.4679237896385227 0.66108678412578 0.020840401931358533 0.014567458538771876
3 0.2024011483753099 0.9837947798503601 0.01704293357692808 0.010395476330034757
2 0.7169515855409108 0.6594317829190083 0.02172778285266874 0.014843292073233733
2 0.8403366827613206 0.6587766782746611 0.021401539866892964 0.015308761162638245
2 0.09693331593370742 0.273695824569872 0.019822523815737958 0.015136365203599561
3 0.5735743181521596 0.9837947798503601 0.018191308886858947 0.010809226631727826
3 0.4496802818739396 0.9844671240906111 0.017708469267910736 0.011016101782574362
3 0.6964635260341903 0.983139675206013 0.017577972073600512 0.010602351480881293
3 0.32504241158815084 0.9837947798503601 0.016781939188307417 0.010447195117746201
3 0.8198616729740309 0.9818294659173188 0.01704293357692815 0.009861048857014732
3 0.9442515985906302 0.9805020170327206 0.016781939188307417 0.010395476330034757
2 0.09693331593370742 0.6630693376547253 0.020292313715255136 0.013171051270558148
3 0.3216103353777893 0.20347895045340136 0.01659924311627305 0.009636934110264462
3 0.6936839357953805 0.19965176016274178 0.01704293357692815 0.00908526704134056
3 0.8173430771238418 0.19896217632658686 0.017199530210100594 0.009154225424956024
3 0.9413415111575101 0.19837603006585525 0.016938535821479857 0.009809330069303195
3 0.44705728826830216 0.5949039754508154 0.016390447605376463 0.011447091680170928
3 0.570873026229936 0.5943867875736991 0.0168471877854626 0.009947246836534123
3 0.8192222367219104 0.5923007964693306 0.016116403497324693 0.009895528048822488
3 0.9433772673887509 0.5913353790987138 0.015685762756100625 0.008637037547839782
3 0.20019574579146543 0.5958176740337207 0.01620775153334202 0.01037823673413088