0 0.07275425578350067 0.9123275862068965 0.009624618070711473 0.011465517241379454
3 0.6868179834133566 0.1925689655172414 0.016237450894806 0.00932758620689654
3 0.8114011348756002 0.19158620689655176 0.016420776953295496 0.009068965517241357
3 0.19004364906154517 0.19784482758620692 0.015530336097773904 0.01168965517241375
3 0.9358271497162812 0.19058620689655173 0.016839807944129002 0.010948275862068944
3 0.6892012221737234 0.5859482758620691 0.016839807944129002 0.011068965517241243
3 0.43805761676123967 0.1947241379310345 0.016905281536446926 0.011862068965517239
3 0.4398123090353558 0.5872586206896552 0.017023134002618928 0.011689655172413799
3 0.5623788738542123 0.1935689655172414 0.016525534701003944 0.011465517241379312
3 0.1915495416848538 0.5889137931034483 0.01609340899170674 0.01137931034482771
2 0.08848101265822783 0.26632758620689656 0.020362287210824993 0.015310344827586182
3 0.31674814491488434 0.9776724137931034 0.01697075512876485 0.010241379310344882
3 0.31474465298996074 0.5882586206896553 0.015779135748581325 0.011155172413793176
3 0.9383413356612834 0.9743620689655172 0.016774334351811363 0.010327586206896437
3 0.6902095154954169 0.9770000000000001 0.01810999563509379 0.010637931034482713
3 0.44181580096027934 0.9776724137931034 0.017900480139676895 0.011017241379310387
3 0.5663858577040594 0.9770000000000001 0.017900480139676895 0.010396551724137832
3 0.5638847664775208 0.5866034482758622 0.0174945438673068 0.011465517241379265
3 0.8135224792666959 0.9756896551724138 0.017298123090353605 0.010051724137930857
3 0.8125141859450022 0.5852758620689655 0.016774334351811363 0.009931034482758606
3 0.1935530336097774 0.9776724137931034 0.017429070274989092 0.010362068965517134
3 0.9378437363596683 0.5839655172413794 0.016591008293321868 0.011068965517241243
2 0.3345438673068529 0.26368965517241383 0.020676560453950193 0.014913793103448257
2 0.08810126582278482 0.6565689655172414 0.01948494107376692 0.013637931034482638
2 0.8320646006110868 0.25889655172413795 0.020440855521606183 0.015206896551724091
2 0.210733304233959 0.2650172413793104 0.02088607594936709 0.014913793103448257
2 0.45836752509821044 0.26137931034482764 0.020283718900043657 0.014275862068965446
2 0.7077433435181144 0.2595689655172414 0.022103884766477653 0.01501724137931035
2 0.3360497599301615 0.6552413793103449 0.021449148843299855 0.014965517241379303
2 0.5839327804452205 0.26055172413793104 0.021724137931034528 0.015086206896551744
2 0.8340680925360106 0.6522758620689656 0.02131820165866429 0.015206896551724185
2 0.2127367961588826 0.6555689655172414 0.02088607594936709 0.014965517241379303
2 0.46037101702313404 0.6545862068965518 0.021278917503273626 0.014913793103448257
2 0.5859362723701441 0.6539310344827587 0.021567001309471857 0.014913793103448257
2 0.7102575294631166 0.6529310344827586 0.021724137931034386 0.014913793103448257
3 0.3135399388913139 0.19700000000000004 0.015949367088607624 0.008862068965517219