3 0.3236443722203216 0.6414020270270271 0.016947485460143654 0.010118243243243228
3 0.44397023605884367 0.2568074324324325 0.016819192610331886 0.010726351351351393
2 0.46484348272322956 0.32243243243243247 0.021360759493670885 0.015726351351351392
3 0.3221818337324666 0.2577702702702703 0.016819192610331886 0.01042229729729731
2 0.8304909339719467 0.319375 0.021412076633595737 0.015185810810810855
2 0.34304225111187137 0.3235641891891892 0.021655833048238135 0.015354729729729684
3 0.6895355798836812 0.6388175675675676 0.01728104686965454 0.010304054054054178
3 0.6875726992815602 0.25405405405405407 0.016947485460143727 0.010506756756756773
2 0.10362213479302086 0.7076858108108108 0.02084758809442352 0.0157263513513512
3 0.2007398221005816 0.25939189189189193 0.016755046185425965 0.010844594594594621
2 0.4665626069107082 0.7063851351351351 0.021360759493670885 0.015304054054053988
2 0.34451761888470755 0.7070270270270271 0.02101436879917893 0.014831081081081075
3 0.2027155319876839 0.641722972972973 0.016434314060896363 0.010422297297297215
3 0.9306748203900103 0.2529222972972973 0.01667807047553876 0.010675675675675697
2 0.7086897023605885 0.3201689189189189 0.021091344509066207 0.014543918918918925
2 0.5868884707492303 0.3214695945945946 0.020809100239479954 0.014712837837837849
2 0.7106525829627095 0.7050844594594595 0.021129832364009487 0.014442567567567531
2 0.10110759493670887 0.32631756756756763 0.020462709544987998 0.015185810810810855
2 0.22174136161477936 0.32503378378378384 0.02033441669517623 0.014543918918918925
3 0.4456893602463223 0.6410810810810811 0.017024461170030716 0.010506756756756773
2 0.5888513513513514 0.7063851351351351 0.02120680807389662 0.014172297297297215
2 0.2238325350667123 0.7076858108108108 0.021168320218953124 0.014375
3 0.8098614437222034 0.2537331081081082 0.016947485460143727 0.010270270270270221
2 0.8324538145740678 0.7038006756756757 0.02178412589805012 0.014831081081081075
3 0.8113368114950394 0.6381587837837839 0.016318850496065664 0.01
3 0.9326377009921315 0.6365540540540541 0.016819192610331744 0.010185810810810759
3 0.5677343482723229 0.6397804054054055 0.015459288402326342 0.012027027027027088
3 0.5657714676702019 0.2551858108108108 0.016318850496065664 0.012128378378378386
0 0.08410879233664044 0.9120101351351351 0.008903523776941489 0.010726351351351013