3 0.1934268261206229 0.20503389830508473 0.015641400671083217 0.009033898305084734
3 0.5607029166308182 0.2006101694915254 0.016467349221371337 0.01118644067796609
3 0.437933407898133 0.20174576271186442 0.016093091284522174 0.011762711864406772
3 0.685692162092403 0.5861864406779661 0.01646734922137148 0.01062711864406784
3 0.316648025466747 0.588457627118644 0.015602684332788464 0.011016949152542376
2 0.2141400671083197 0.27052542372881355 0.020480942957928246 0.014711864406779683
2 0.45819495827239093 0.26744067796610166 0.020222834035963054 0.014101694915254181
2 0.33591585649143935 0.2684237288135593 0.020377699389142214 0.014542372881355922
2 0.8264905790243482 0.2646779661016949 0.020338983050847387 0.014661016949152478
2 0.5814548739568098 0.2664745762711864 0.021048782586251317 0.014491525423728812
2 0.7039662737675298 0.26566101694915256 0.02187473113653958 0.014881355932203348
2 0.21598554590036995 0.6543050847457628 0.020480942957928246 0.014711864406779492
2 0.5834294072098425 0.6526949152542372 0.02125526972382353 0.014542372881355922
2 0.33764518626860535 0.6539830508474577 0.021293986062118207 0.014949152542372985
2 0.46016949152542375 0.6533389830508475 0.020609997418910876 0.014322033898305145
3 0.19758237976426052 0.9706101694915253 0.016854512604319014 0.010220338983050775
2 0.7064441194183946 0.6517118644067796 0.02148756775359219 0.014593220338983125
2 0.8284651122773811 0.6510677966101694 0.021164931601135938 0.015050847457627204
2 0.09328056439817603 0.2724745762711864 0.019603372623247003 0.014881355932203348
3 0.5646519831368837 0.9706101694915253 0.017990191860965447 0.01062711864406765
3 0.44212767788006535 0.9712711864406778 0.017512690355330037 0.010830508474576466
3 0.6861825690441367 0.9699661016949152 0.017383635894347334 0.010423728813559591
3 0.3188677621956465 0.9706101694915253 0.01659640368235404 0.01027118644067779
3 0.8082164673492213 0.9686779661016948 0.016854512604318868 0.009694915254237154
3 0.9312311795577735 0.9673728813559321 0.016596403682353753 0.010220338983050775
2 0.09328056439817603 0.6552881355932203 0.02006796868278415 0.012949152542372909
3 0.3154736298718059 0.20344067796610169 0.016415727436978427 0.009474576271186426
3 0.6834337090252086 0.19967796610169491 0.016854512604318868 0.008932203389830515
3 0.8057257162522585 0.19899999999999998 0.01700937795749817 0.00900000000000001
3 0.9283532650778629 0.1984237288135593 0.01675126903553305 0.009644067796610187
3 0.4395336832143164 0.5882711864406779 0.01620924029940622 0.01125423728813549
3 0.5619805557945453 0.5877627118644068 0.016660930912845175 0.009779661016949034
3 0.8075841004904069 0.5857118644067796 0.015938225931343017 0.00972881355932202
3 0.9303665146691904 0.5847627118644066 0.015512346210100659 0.00849152542372887
3 0.19540135937365566 0.5891694915254237 0.016028564054030824 0.010203389830508437