2 0.20386753189286666 0.6798793859649123 0.021253866592639593 0.014596825315241138
3 0.1800887698704248 0.21496367872807018 0.018201619585726653 0.010745614035087765
2 0.2018220469877104 0.2836348684210526 0.021094063084424238 0.015646201685855298
2 0.4568684460993855 0.6785361842105263 0.02234053044850386 0.01620237116228073
3 0.30652530557039803 0.21328467653508773 0.01805779642833287 0.010871539199561369
2 0.3280028970745391 0.28162006578947363 0.021573473609070304 0.016580146655701733
2 0.32979269636655084 0.6792077850877193 0.02149357185496259 0.015467807702850868
2 0.5839441958322201 0.6771929824561402 0.021749257468107155 0.015352376302083333
3 0.4333453696900882 0.212109375 0.01847328554969279 0.011091908237390365
2 0.4548229611942292 0.2807805646929824 0.02246837325507614 0.016580146655701733
3 0.6877525547689018 0.2097587719298245 0.018345442743120506 0.011133883292214932
3 0.5604211194229227 0.21093407346491225 0.018201619585726653 0.011616596422697351
3 0.814572618888592 0.20908717105263158 0.018345442743120506 0.010829564144736849
2 0.5824100821533529 0.2802768640350877 0.021621414661534874 0.014995588336074566
2 0.709741517499332 0.278429961622807 0.022164746589467006 0.0155832391036184
2 0.7112756311781993 0.6761855811403509 0.02146161115331959 0.014995588336074471
3 0.18175072635586426 0.6117118969298245 0.017913973270939087 0.011133883292214932
2 0.8380956952978893 0.6755139802631579 0.022548275009183855 0.0155832391036184
2 0.8365615816190222 0.27759046052631575 0.02277199992068528 0.01620237116228073
3 0.3083151048624098 0.6107044956140351 0.018121717831619012 0.010871539199561464
3 0.9419040542345711 0.20824766995614033 0.018265540989012792 0.011133883292214932
3 0.562466604328079 0.6093612938596491 0.018697010461194215 0.011259808456688537
3 0.6897980396740583 0.6083538925438596 0.01890475502187421 0.011133883292214932
3 0.4353908545952444 0.6100328947368421 0.018760931864480357 0.010262900904605203
3 0.8166181037937483 0.6073464912280702 0.018201619585726796 0.010871539199561464
3 0.9439495391397275 0.6070106907894736 0.018409364146406502 0.010546232524671002