2 0.8264856289964765 0.6967625116367272 0.021496672831299697 0.014910819435704945
2 0.702095295576145 0.6974224649174222 0.021246893045315143 0.015199548996008996
2 0.45406396809343597 0.6994023247595076 0.02107516944245076 0.0156738904165087
2 0.33017319424507374 0.6994023247595076 0.021200059335443038 0.0156738904165087
2 0.5782045217277828 0.6987423714788125 0.021200059335443038 0.015024248905824393
0 0.06740485938927313 0.9290660664414025 0.008945238585573527 0.01089954090148004
2 0.20678197996868067 0.7000622780402026 0.0204819424507373 0.015199548996008996
3 0.43258290649876024 0.6320870901286073 0.016906969263832654 0.011064529221653782
3 0.5567234601331071 0.6310971602075647 0.01778119851477874 0.010641746651208565
3 0.308692132650398 0.6324170667689548 0.016391798455239442 0.009775557970296219
3 0.18567558805298184 0.6330770200496499 0.016469854638359614 0.010765487891338871
3 0.6816133531254077 0.6301072302865219 0.016469854638359687 0.009775557970296219
2 0.7005966168602374 0.30590518114505394 0.021449839121427592 0.015086119525889547
2 0.0827663162273261 0.31217473731165735 0.02091905707621038 0.01484894881563979
2 0.5767058430118751 0.3070600993862704 0.02127811551856321 0.01484894881563979
2 0.3284247357431815 0.3093699358687032 0.021652785197540186 0.01561201979644345
2 0.20478374168080385 0.3108548307502672 0.02084100089309017 0.015137678375943842
2 0.8244873907085997 0.30491525122401125 0.020684888526849896 0.015436719706258848
3 0.4310842277828526 0.24073479467641276 0.017047470393449112 0.010523161296083591
2 0.4520657298055591 0.3078850409871392 0.020919057076210414 0.014797389965585496
3 0.5547252218452302 0.23924989979484879 0.017375306362553838 0.010203496425746868
2 0.08438988483622602 0.7007222313208978 0.02001360535201619 0.015797631656639007
3 0.80550412697377 0.6291173003654793 0.016391798455239512 0.00951260783501922
3 0.6791155552655618 0.23825996987380615 0.01607957372275882 0.009476516639981213
3 0.8035058886858931 0.23743502827293728 0.016266908562247235 0.01008491107062199
3 0.9293949008221322 0.6281273704444368 0.016329353508743375 0.009966325715497016
3 0.30694367414850576 0.2423846778781505 0.016391798455239442 0.010239587620784875
3 0.18392712955108964 0.24370458443954074 0.016329353508743302 0.010162249345703431
3 0.9273966625342555 0.23694006331241596 0.016532299584855824 0.010121002265659996