3 0.32166815005274263 0.97802734375 0.01831344411342959 0.010758293999565845
3 0.44331610957278483 0.19063652886284724 0.017966419332641134 0.010893291897243907
2 0.21503689922863925 0.26025390625 0.02102654694504881 0.015607833862304688
3 0.1978749464332806 0.97802734375 0.01845540879647943 0.01063368055555543
3 0.6977168215981012 0.9773627387152779 0.018518504211168345 0.010716756184895834
3 0.19358445823444095 0.19346110026041669 0.01837653952811843 0.01084136962890625
3 0.4463446894778481 0.9786919487847223 0.01823457484506852 0.010799831814236237
3 0.3183871884889241 0.19179958767361113 0.01782445464959122 0.010633680555555572
2 0.46476855056698313 0.25759548611111116 0.02213071670210316 0.0157220628526476
2 0.3395872478243671 0.258758544921875 0.021594405677248105 0.01609590318467885
3 0.8223933610232068 0.9766981336805556 0.018171479430379747 0.010353300306531992
3 0.5725355188554853 0.97802734375 0.018660468894218043 0.01067521837022582
3 0.569506938950422 0.18947347005208337 0.017966419332641134 0.01136059231228297
3 0.694688241693038 0.18831041124131945 0.018029514747329906 0.010934829711914062
0 0.07162102164095464 0.9095730251736113 0.009543181471683803 0.01059733496771931
2 0.7163930643459916 0.2556016710069445 0.021799465774986718 0.015067842271592913
3 0.8198695444356541 0.18714735243055558 0.017682489966541308 0.010233879089355469
2 0.590706998285865 0.2569308810763889 0.02134202401849288 0.014901691012912294
3 0.1954773206751055 0.58624267578125 0.018108384015690905 0.011319054497612911
3 0.3199014784414557 0.5855780707465278 0.01776135923490245 0.01089329189724386
3 0.5710212289029536 0.5839165581597223 0.018171479430379747 0.011184056599934896
2 0.8415743670886076 0.2544386121961806 0.02205184743374209 0.015015920003255209
2 0.3411015377768987 0.6530354817708334 0.021136963920754266 0.015368991427951452
3 0.4455875445015823 0.5849134657118056 0.018739338162579115 0.010555797153049109
2 0.2169297616693038 0.6537000868055556 0.021625953384592563 0.015067842271592819
3 0.6962025316455697 0.582919650607639 0.01859737347952927 0.01084136962890625
3 0.9475746637658228 0.9753689236111113 0.017887550064280063 0.010036574469672436
2 0.4665352221782701 0.6530354817708334 0.022083395141086547 0.015722062852647507
2 0.5922212882383967 0.6523708767361112 0.020853034554654582 0.01495361328125
3 0.8213838343881857 0.5819227430555556 0.018108384015690832 0.010633680555555618
3 0.94505084717827 0.18681504991319445 0.017761359234902522 0.010934829711914062
2 0.7179073542985233 0.6510416666666666 0.021499762555215022 0.014164394802517298
2 0.8430886570411392 0.6497124565972223 0.022004525872725476 0.01495361328125
3 0.9470699004483123 0.5815904405381945 0.01823457484506866 0.01059733496771912