3 0.32571601497291597 0.973088821308725 0.01766740396531017 0.010316989565855769
3 0.20577329324302457 0.973088821308725 0.01780495295811973 0.010316989565855769
2 0.22215690660877938 0.28148922504194634 0.020448950264346934 0.014732821675755
3 0.6900680137038804 0.972446518456376 0.01815646705085523 0.010161431843802499
3 0.5687803684887406 0.973088821308725 0.01780495295811973 0.010276845637583847
3 0.20161625701589275 0.2162954855285235 0.017468722086807546 0.010527745189282716
3 0.4465145971025109 0.9737311241610739 0.017606271079617142 0.010397277422399232
2 0.5878538288249924 0.6583604236577182 0.020280834828690843 0.014180842662017691
2 0.22423542472234528 0.6602873322147652 0.020601782478579706 0.014732821675755
2 0.4660771205243076 0.6590027265100672 0.021151978449817796 0.015314908635696345
3 0.8108665958334753 0.971804215604027 0.017208907322611967 0.009664650731438846
2 0.34283322296698804 0.2798834679110738 0.02072404824996598 0.015495556312919424
2 0.46460993126767286 0.27892001363255037 0.021151978449817796 0.015194476850880866
3 0.3222925733741015 0.2145291526845638 0.017331173093998096 0.010437421350671154
2 0.34454494376639533 0.6596450293624162 0.020403100600077117 0.015023865155725768
3 0.4438247501320138 0.2132445469798658 0.017407589201114407 0.010688320902369952
2 0.7081633478690423 0.27683252936241615 0.02115197844981765 0.014622425873007595
3 0.6871336351906109 0.21099648699664433 0.017667403965310132 0.010648176974098172
3 0.5658459899754711 0.2126022441275168 0.017407589201114407 0.010979364382340625
3 0.8084212804057508 0.21051475985738258 0.017071358329802225 0.010005874121749182
2 0.7096305371256773 0.6570758179530202 0.020097436171611575 0.014120626769609809
3 0.20345024358668623 0.5941301384228188 0.01727004020830496 0.010808752687185385
2 0.8289619299986373 0.2760296507969799 0.021656324756785923 0.014963649263317981
2 0.5863866395683577 0.2781171350671141 0.020479516707193432 0.014070446859270096
2 0.8309181823408169 0.6561123636744968 0.021197828114087467 0.014562209980599808
3 0.9301979887064356 0.2095513055788591 0.017545138193923858 0.010688320902369975
3 0.32424882571628116 0.5931666841442954 0.01727004020830496 0.010527745189282693
3 0.5673131792321058 0.5918820784395974 0.017407589201114407 0.01072846483064173
3 0.6886008244472457 0.5912397755872484 0.01774382007242659 0.01068832090237
3 0.9326433041341602 0.9705196098993291 0.017468722086807692 0.009775046534186154
3 0.44578100247419344 0.5928455327181209 0.017606271079617142 0.01020157577207423
3 0.8098884696623856 0.5899551698825504 0.01727004020830496 0.010437421350671154
3 0.9321542410486152 0.5893128670302015 0.017468722086807692 0.01020157577207423