3 0.4357719688551776 0.2002918309788172 0.01711133258242001 0.008556729280646257
2 0.3317567383238761 0.2679788523706897 0.02106951709815587 0.015923019935344864
0 0.0662024975447403 0.913772458911325 0.009297218139595158 0.010240646888469958
3 0.5598401353120909 0.19950161637931038 0.017905173266313808 0.011509125808189632
3 0.6846594009166304 0.19785156250000002 0.018187144498854283 0.011065673828125
2 0.4563253628328241 0.2669888200431035 0.021899765727302473 0.015737388873922384
3 0.3107028862941947 0.20181169181034483 0.01743522121207985 0.010684098868534496
2 0.20806535764949805 0.26962890625 0.020912866413411172 0.015262998383620736
2 0.7062145351374945 0.26500875538793106 0.021241832851375035 0.014912361934267248
2 0.5813952695329551 0.2663287984913793 0.020787545865615396 0.014396720096982752
3 0.18701150561981666 0.2034617456896552 0.01818714449885421 0.0107666015625
3 0.8089773843299869 0.19719154094827587 0.01756054175987548 0.010441747205010756
3 0.5618452640768224 0.5915544181034483 0.018249804772752135 0.010983171134159496
2 0.8305325185508512 0.26418372844827587 0.02219740202831734 0.015438316608297385
3 0.4372766395678743 0.5925444504310345 0.018328130115124373 0.01060159617456899
2 0.3335112259930162 0.6601966594827586 0.021523804083915365 0.015500193628771513
3 0.6866645296813619 0.5905643857758621 0.018469115731394467 0.010983171134159496
3 0.31245737396333484 0.5928744612068966 0.017842512992415956 0.011158489358836239
3 0.18864067274116106 0.5935344827586208 0.018390790389022298 0.011591628502155232
2 0.45807985050196426 0.6595366379310345 0.02210341161747056 0.015613634832974222
2 0.21032112750982104 0.6608566810344828 0.021523804083915292 0.015201121363146513
2 0.7077183817110433 0.6582165948275862 0.021649124631710925 0.014396720096982752
2 0.5823978339153209 0.6595366379310345 0.02106951709815587 0.01502580313846977
3 0.8109825130947186 0.5895743534482759 0.017701527376145717 0.01056034482758624
3 0.9337966499345265 0.19653151939655175 0.017842512992415956 0.010941919787176744
2 0.8320363651243999 0.656896551724138 0.021680454768659995 0.014458597117456975
3 0.9358017786992581 0.5892443426724139 0.017842512992415956 0.010524249898976261
3 0.5633491106503711 0.9809671336206898 0.018390790389022225 0.010684098868534496
3 0.6876670940637277 0.9803071120689655 0.018610101347664706 0.010725350215517059
3 0.43827920395024006 0.981627155172414 0.017701527376145717 0.010642847521551554
3 0.31421186163247494 0.981627155172414 0.018328130115124373 0.010818165746228488
3 0.8114837952859014 0.9796470905172415 0.018046158882584044 0.010323149582435463
3 0.19127240424487124 0.981627155172414 0.018108819156481895 0.01060159617456899
3 0.936303060890441 0.9789870689655172 0.01839079038902237 0.010085954337284497