2 0.22180550803968527 0.2807263513513514 0.020616660964762192 0.015067567567567627
3 0.20093226137529938 0.2154222972972973 0.017678754704071136 0.010540540540540539
2 0.3429909339719467 0.2787837837837838 0.021283783783783896 0.015472972972973006
3 0.3223614437222032 0.21412162162162166 0.01713992473486149 0.010304054054054082
0 0.08251796099897367 0.9120101351351351 0.009326890181320577 0.010979729729729873
2 0.4650359219979474 0.277820945945946 0.021489052343482726 0.015236486486486456
2 0.7098571672938762 0.27587837837837836 0.021091344509066207 0.014324324324324398
2 0.5875684228532331 0.27701013513513517 0.02088607594936709 0.014324324324324398
3 0.6882526513855629 0.21040540540540542 0.017884023263770036 0.01064189189189193
3 0.5664514197742045 0.21153716216216217 0.01753763256927808 0.010929054054054034
3 0.20277967841258984 0.5974324324324325 0.017614608279165285 0.010793918918918925
3 0.810053882996921 0.20944256756756757 0.017139924734861273 0.01
2 0.22389668149161823 0.6630574324324324 0.02124529592884026 0.014662162162162151
2 0.8311708860759495 0.27491554054054057 0.02152754019842615 0.014543918918918925
3 0.9328301402668492 0.2088006756756757 0.01748631542935366 0.010760135135135159
3 0.3240805679096819 0.5967736486486487 0.017486315429353375 0.010506756756756773
2 0.3447100581594253 0.6624155405405405 0.02092456380431051 0.014949324324324303
3 0.6902155319876839 0.5945101351351352 0.018012316113582023 0.010675675675675697
3 0.8120167635990422 0.5932263513513514 0.017537632569278226 0.010354729729729683
2 0.8331337666780706 0.6591722972972974 0.021489052343482872 0.014543918918918925
3 0.446369312350325 0.5961317567567569 0.01788402326377018 0.009915540540540634
3 0.5684143003763258 0.5954898648648649 0.017614608279165216 0.010844594594594621
2 0.7113325350667125 0.6601520270270271 0.020026513855627624 0.01378378378378367
2 0.46675504618542596 0.6624155405405405 0.021360759493670885 0.01518581081081076
2 0.5890437906260692 0.6617736486486487 0.020360075265138583 0.014324324324324305
3 0.9343055080396853 0.5929054054054055 0.01748631542935366 0.010118243243243228
3 0.20523007184399591 0.9779729729729731 0.01781987683886419 0.010354729729729874
3 0.3257996920971605 0.9779729729729731 0.018012316113581877 0.010185810810810759
3 0.4473571672938762 0.9779729729729731 0.017486315429353375 0.010270270270270127
3 0.5698896681491619 0.9773310810810812 0.01815343824837486 0.010185810810810759
3 0.69169089976052 0.9773310810810812 0.018089291823468866 0.010236486486486457
3 0.8129917892576122 0.9760304054054054 0.017742901128977057 0.009949324324324682
3 0.9347930208689703 0.9747466216216217 0.017742901128977057 0.009577702702702785
1 0.44440643174820393 0.2129898648648649 0.017614608279165216 0.01042229729729731