3 0.17660864978902954 0.2084375 0.016758966244725716 0.009965277777777809
3 0.6769646624472574 0.20251736111111115 0.01644251054852311 0.011232638888888905
3 0.42634493670886076 0.2045486111111111 0.01664029535864984 0.012048611111111095
3 0.5517800632911393 0.20317708333333337 0.016706223628691935 0.011666666666666667
3 0.178125 0.5992881944444445 0.016442510548523255 0.011545138888888763
3 0.30242616033755276 0.5989583333333334 0.015770042194092875 0.011284722222222286
3 0.6789820675105487 0.5966319444444446 0.016824894514768027 0.011024305555555619
3 0.9278217299578059 0.20034722222222223 0.01761603375527407 0.011232638888888905
3 0.4284414556962026 0.597951388888889 0.016890822784810126 0.011631944444444571
3 0.803151371308017 0.5959548611111112 0.01644251054852311 0.010069444444444381
3 0.5532964135021097 0.5972916666666668 0.01782700421940933 0.011180555555555619
3 0.9298523206751057 0.5949652777777779 0.01644251054852311 0.011024305555555619
2 0.3221123417721519 0.27428819444444447 0.020780590717299603 0.015486111111111143
2 0.8233386075949367 0.26897569444444447 0.020978375527426256 0.015069444444444476
2 0.19769251054852321 0.2751215277777778 0.020622362869198264 0.015607638888888952
2 0.5729825949367089 0.2709722222222223 0.020925632911392406 0.01449652777777781
2 0.6986682489451478 0.27013888888888893 0.022204641350210778 0.015017361111111047
2 0.44779799578059076 0.2734548611111111 0.021215717299578156 0.014670138888888858
2 0.19970991561181436 0.6677430555555556 0.02054324894514763 0.01524305555555543
2 0.3238792194092827 0.6670659722222223 0.021624472573839638 0.015607638888888952
2 0.7006856540084387 0.6650868055555555 0.021954113924050632 0.015364583333333333
2 0.0740770042194093 0.2769444444444445 0.020002637130801665 0.015364583333333333
2 0.44906381856540084 0.6664062500000001 0.021110232067510597 0.015190972222222286
2 0.575 0.666076388888889 0.021624472573839565 0.0153125
3 0.1803929324894515 0.9907291666666667 0.017497362869198264 0.010434027777777905
2 0.825356012658228 0.6644097222222223 0.0214662447257383 0.0153125
3 0.67998417721519 0.9901736111111112 0.018103902953586402 0.010677083333333334
3 0.43037974683544306 0.99140625 0.01782700421940933 0.010677083333333334
3 0.5553138185654009 0.9907291666666667 0.01802478902953577 0.010399305555555429
3 0.805168776371308 0.9894097222222222 0.01708860759493671 0.010121527777777525
3 0.3044435654008439 0.9907291666666667 0.016824894514767957 0.01
3 0.9302742616033757 0.9874131944444445 0.016890822784810126 0.01022569444444457
2 0.07420886075949368 0.6684027777777778 0.02038502109704642 0.014010416666666666
3 0.3011471518987342 0.2062152777777778 0.017128164556962026 0.010468749999999952
3 0.8019514767932491 0.2020486111111111 0.017194092827004123 0.008923611111111096