3 0.2079481699171787 0.24661403508771926 0.017365749398877896 0.01117543859649127
2 0.10414106331819395 0.3164736842105263 0.020972481966337147 0.015280701754385954
3 0.3343841838097782 0.24510526315789471 0.016711194229227812 0.010333333333333314
3 0.5877638258081752 0.24226315789473682 0.017993588030991197 0.010947368421052678
3 0.46094042212129305 0.2441052631578947 0.017579481699171767 0.010789473684210502
3 0.7145872294950574 0.24108771929824557 0.017365749398877965 0.010912280701754469
3 0.8424258616083355 0.240578947368421 0.016457387122628914 0.010263157894736898
3 0.20973817793213995 0.642859649122807 0.017512690355329964 0.01082456140350871
3 0.9692492652952177 0.23991228070175438 0.016777985573069688 0.01038596491228077
3 0.3356532193427732 0.6421929824561403 0.01772642265562384 0.011087719298245702
2 0.10637189420251134 0.7123684210526317 0.02138658829815654 0.015473684210526433
3 0.7171386588298155 0.6398421052631579 0.01784664707453913 0.011438596491227979
3 0.46298423724285326 0.641859649122807 0.01731231632380455 0.010947368421052678
2 0.22980229762222815 0.3152982456140351 0.02073203312850653 0.014824561403508766
3 0.8439620625166978 0.6388421052631579 0.017245524979962675 0.01082456140350871
3 0.5903152551429335 0.640859649122807 0.01731231632380455 0.011298245614035144
2 0.8639059577878707 0.3087368421052631 0.021747261554902555 0.0144736842105263
2 0.48242051830082816 0.3115964912280702 0.021306438685546346 0.014771929824561407
2 0.35559711461394594 0.3137894736842105 0.02149345444830351 0.015175438596491233
2 0.7370825541009886 0.30957894736842106 0.020972481966337254 0.01431578947368422
2 0.6097515362009083 0.31059649122807015 0.02073203312850653 0.014421052631579036
2 0.23133849853059044 0.7117017543859648 0.020691958322201432 0.014649122807017533
3 0.97078546620358 0.6374912280701753 0.017111942292278925 0.00961403508771942
2 0.35764092973550626 0.7117017543859648 0.021333155223083124 0.014596491228070173
2 0.865442158696233 0.7076842105263158 0.022335025380710832 0.014526315789473566
2 0.6112877371092706 0.7096842105263157 0.02073203312850653 0.013561403508772022
2 0.7386187550093506 0.709017543859649 0.021052631578947448 0.014087719298245626
2 0.4844643334223885 0.7110350877192982 0.021880844242586163 0.01510526315789472
0 0.08624098316858135 0.9360175438596491 0.00963131178199306 0.010754385964912292