2 0.34423260991138255 0.26775026483050846 0.02088848535097432 0.014771128509004257
2 0.2240582049062204 0.6518604343220339 0.02030181687844145 0.014882646980932274
2 0.46724772541512516 0.2662903866525424 0.021259012807311 0.015288168697033862
3 0.32496518218188075 0.5856792902542373 0.016781806043244005 0.010345872782044505
2 0.2224525859287619 0.26937235169491525 0.01983865755802071 0.01415270789194911
2 0.7122898832057128 0.26418167372881357 0.020147430438301105 0.014213536149364358
3 0.4472392427729502 0.5847060381355932 0.017044262991482338 0.009838970636917375
3 0.5705013765809172 0.5843816207627118 0.017244965363664676 0.010148180945444854
3 0.693022455476211 0.5834083686440678 0.017723563328099413 0.010345872782044505
2 0.34620875634517767 0.6515360169491525 0.020656905690763984 0.01454809156514822
2 0.589768804310419 0.26483050847457623 0.02057971247069392 0.014598781779660992
2 0.4687298352404714 0.6505627648305085 0.021289890095338996 0.014710300251589009
2 0.8348109621010066 0.2633706302966102 0.020842169418932396 0.014375744835805051
2 0.5912509141357652 0.6499139300847457 0.020656905690763984 0.015115821967690598
3 0.20318515819926009 0.5860037076271186 0.017306719939720813 0.010462460275423762
3 0.32323605405231004 0.20173132944915254 0.017445667735847013 0.010797015691207624
2 0.10129010770670223 0.2705078125 0.02121269687526886 0.015592309984110196
3 0.20528481378516733 0.9701138771186439 0.016781806043244005 0.010107628773834752
3 0.8155435343715047 0.581786281779661 0.0165347877390196 0.009950489108845394
3 0.44600415125182824 0.2005958686440678 0.017445667735847013 0.010969362420550842
2 0.7142660296395078 0.6495895127118644 0.020456203318581646 0.01415270789194911
3 0.44896837090252084 0.9694650423728813 0.016781806043244005 0.010305320610434213
3 0.326447292007227 0.9701138771186439 0.017383913159790876 0.010503012447034053
3 0.20182655752602596 0.2033534163135593 0.01750742231190315 0.011314055879237278
3 0.8135673879377097 0.1975139036016949 0.016781806043243863 0.009874453787076286
3 0.6915403456508648 0.1983249470338983 0.016858999263314068 0.010715911347987278
3 0.5685252301471221 0.19913599046610167 0.01750742231190315 0.011091018935381338
2 0.8367871085348016 0.648291843220339 0.020888485350974463 0.014598781779660992
3 0.6945045653015572 0.9688162076271186 0.017121456211552543 0.00991500595868653
3 0.5714894497978146 0.9694650423728813 0.017244965363664676 0.010224216267214009
2 0.1029574812602168 0.6521848516949152 0.02104287179111459 0.01613976430084752
3 0.8165316075884023 0.9681673728813558 0.016658296891131876 0.01006707660222446
1 0.9360884668330034 0.9668697033898305 0.011509509112454915 0.010148180945445043
1 0.9331242471823109 0.19735169491525423 0.010575471149606325 0.009915005958686435
1 0.935100393616106 0.5811374470338984 0.011200736232174373 0.01006707660222465
0 0.08202267997720038 0.91171875 0.008954413528133877 0.010503012447034053