2 0.09005874816390892 0.7025117320819112 0.020543694748509523 0.015045478482295304
3 0.8058785965783902 0.6322858895051194 0.016791563330291324 0.010100068492694163
3 0.9299159988335421 0.6316326258532423 0.016155871643733423 0.010059239514451784
3 0.3127058852119065 0.6362054714163822 0.017055142810083388 0.010452218430034084
3 0.6828334935412795 0.6332657849829352 0.01738074099100312 0.01057470536476103
3 0.4362471378580377 0.635552207764505 0.016605507226908477 0.010059239514451784
3 0.1907771187950922 0.6362054714163822 0.017117161511210982 0.010375664095829696
3 0.5602845401131895 0.6345723122866893 0.01672954462916366 0.010334835117587508
2 0.4573334962414135 0.7005519411262798 0.021055349032812063 0.014759675634599035
2 0.21173943977621287 0.7018584684300341 0.019659928257441582 0.013708329444859259
2 0.7041679267291657 0.6992454138225256 0.020667732150764673 0.01392268158063132
2 0.3340403183997926 0.7018584684300341 0.020822778903583687 0.014198277183767042
2 0.8272130297662764 0.6979388865187712 0.02158250799239634 0.014198277183767042
3 0.8043901477513283 0.2439206484641638 0.016031834241478384 0.010334835117587413
2 0.5801305244740138 0.7005519411262798 0.020776264877737868 0.013820609135025658
3 0.6808488951051971 0.2447372280290102 0.016605507226908334 0.010533876386518747
3 0.5573076424590659 0.24571712350682592 0.017194684887620416 0.010952373413502603
3 0.9279314003974596 0.24261412116040953 0.016155871643733423 0.010574705364761124
3 0.43426253942195525 0.24718696672354948 0.01711716151121091 0.01078905750053328
2 0.08826020583120922 0.3182293888651877 0.020109563840616494 0.015515011732081897
3 0.3109693615803344 0.2480035462883959 0.016357432422398184 0.010493047408276463
3 0.18879252035900979 0.249800021331058 0.016729544629163588 0.010993202391744887
2 0.21000291614464076 0.3170861774744027 0.02049718072266381 0.014473872786902764
2 0.3323037947682205 0.31561633425767915 0.021024339682248233 0.015157758172461608
2 0.7021833282930832 0.3113701205204778 0.0202336012428716 0.014198277183767042
2 0.578642075646952 0.31283996373720135 0.020078554490052733 0.013922681580631414
2 0.45510082300082083 0.31381985921501704 0.020776264877737868 0.014586152477069068
2 0.8252284313301939 0.3107168568686006 0.021132872409221428 0.01431055687393344
0 0.07070891341210524 0.9213550554607508 0.00885316958596146 0.011166725549274665