3 0.32476633328344173 0.9786211993243245 0.018094741763866294 0.01054835963893576
2 0.22089422789086557 0.28089368665540543 0.020488956959085244 0.015064755001583592
3 0.5686079423965105 0.9779745565878378 0.018125436830471648 0.01063929377375416
3 0.20026714313205615 0.21509778821790543 0.017818486164417988 0.010760539286845396
3 0.20444167219038661 0.9779745565878378 0.01812543683047172 0.01059887860272397
3 0.44631879704071165 0.9786211993243245 0.018018004097352845 0.010507944467905568
3 0.6908970877523093 0.9773279138513514 0.018018004097352845 0.01059887860272397
2 0.22298149242003082 0.663059543918919 0.020642432292112146 0.01466060329127951
2 0.4657180791353062 0.661766258445946 0.021578631823575948 0.015357764991553988
3 0.8122039909767363 0.9766812711148649 0.01768035836469383 0.010310920509132302
2 0.3419555705824496 0.27895375844594594 0.02121029102431144 0.015842747043918925
3 0.32157404635648307 0.2134811813766892 0.017542230564969605 0.010548359638935854
2 0.7105419303797469 0.660472972972973 0.020964730491468627 0.013518874709670664
2 0.34367449431235036 0.6624129011824325 0.02068847489202017 0.01495361328125
2 0.4639991554054055 0.2783071157094595 0.021133553357798134 0.015539633261190886
3 0.44312651011375304 0.21234955658783786 0.017818486164417988 0.010598878602723781
3 0.6874592402925078 0.21008630701013517 0.01787987629762869 0.01088178479993663
2 0.5877616639582621 0.660472972972973 0.021164248424403485 0.015004132245038023
3 0.5656612160023948 0.21137959248310811 0.017342712632034674 0.011316247888513544
2 0.7085774461170031 0.2762055268158784 0.021164248424403485 0.014610084327491583
3 0.8092572645826207 0.20911634290540543 0.017342712632034817 0.010548359638935854
2 0.5862883007612043 0.2771754909206081 0.020289439026150314 0.014549461570945917
3 0.20186328659553543 0.5967786634290541 0.01720458483231059 0.011053549276815792
2 0.830375470407116 0.27523556271114863 0.021363766357338342 0.014832367768158767
2 0.8323399546698599 0.6588563661317568 0.02148654662375975 0.014216036409945142
3 0.3230474095535409 0.5961320206925677 0.0174808404317589 0.01063929377375416
3 0.9315464099384195 0.20846970016891897 0.01787987629762869 0.01084136962890625
3 0.4453365549093397 0.5958086993243245 0.017818486164417988 0.009997702933646527
3 0.6894237245552515 0.5938687711148649 0.01787987629762869 0.01076053928684549
3 0.5671345791994526 0.5948387352195946 0.017618968231483127 0.01076053928684549
3 0.9340020152668491 0.975387985641892 0.01768035836469383 0.009881509316934019
3 0.8112217488453645 0.5928988070101352 0.01740410276524552 0.01034628378378386
3 0.9335108942011633 0.5922521642736487 0.01768035836469383 0.010154311721389414