3 0.18546819310940704 0.22289007092198584 0.01717248082946327 0.01093971631205676
2 0.0805567555891565 0.29331560283687946 0.020750081002268085 0.015443262411347499
3 0.3131142671994816 0.22102836879432625 0.016591964575008035 0.010531914893617038
3 0.6978885408791446 0.21797872340425534 0.017428988011664412 0.010691489361702035
3 0.8265741440760341 0.21695035460992912 0.01644346041689171 0.010531914893617038
3 0.5697159520466573 0.21898936170212763 0.01796900313208756 0.01086879432624111
3 0.44154336321417 0.22035460992907802 0.017550491413759587 0.011063829787234076
3 0.1871422399827195 0.6245390070921986 0.017969003132087706 0.010815602836879445
3 0.9552597472729237 0.21627659574468083 0.01626795550275409 0.010620567375886574
2 0.0826223134247759 0.6937765957446809 0.021344097634733786 0.01526595744680852
3 0.31466681067069874 0.6238652482269503 0.017361486121611393 0.010443262411347404
3 0.4430959066853871 0.6231914893617021 0.017496489901717288 0.010904255319148888
3 0.6999540987147641 0.6211524822695035 0.017833999351981954 0.011205673758865373
2 0.20768981531482883 0.2919503546099291 0.020993087806458616 0.014627659574468054
3 0.8281266875472513 0.6201241134751773 0.01722648234150564 0.01037234042553204
2 0.8482827519170537 0.2861879432624113 0.021857111999135925 0.014468085106383057
3 0.5722945242466789 0.6221631205673759 0.01729398423155837 0.011063829787234076
0 0.06220974187277244 0.9204787234042552 0.009436764229398441 0.01125886524822666
2 0.33533588940490333 0.29008865248226956 0.021897613133167796 0.015088652482269442
2 0.7201101630845663 0.2867021276595744 0.021236094610649184 0.014521276595744629
2 0.46350847823739066 0.28856382978723405 0.02156010368290313 0.014875886524822685
2 0.5914245598876768 0.2878900709219858 0.020709579868236322 0.014574468085106389
3 0.9568122907441409 0.619450354609929 0.017037477049357302 0.009680851063829815
2 0.20910735500594013 0.6931028368794326 0.020912085538395093 0.014361702127659632
2 0.8503483097526731 0.6896985815602837 0.022356625985527637 0.01462765957446815
2 0.3368884328761206 0.6931028368794326 0.021722108219030176 0.014521276595744818
2 0.5934901177232963 0.6917375886524822 0.021695107463009025 0.014184397163120555
2 0.7216627065557836 0.6903900709219858 0.021425099902797236 0.014361702127659632
2 0.46506102170860786 0.6924113475177305 0.02201911653526297 0.015035460992907777