2 0.09301853371927246 0.7305631399317406 0.02074998919946427 0.01546075085324219
2 0.2144597572039573 0.7299146757679181 0.019739059057329235 0.014078498293515432
2 0.46042683717112365 0.729249146757679 0.0213072968419234 0.014931740614334407
2 0.33713224175919126 0.7299146757679181 0.020775910485160032 0.014522184300341223
3 0.3160452758456819 0.6639249146757679 0.01648593770251005 0.01034129692832759
2 0.830297662764073 0.7266382252559727 0.0212295329848363 0.014470989761092217
3 0.1939949021471465 0.6645904436860067 0.016421134488270633 0.010375426621160387
2 0.7067568151380307 0.7279522184300341 0.02046485505681078 0.014249146757679227
3 0.43933987125761437 0.6639249146757679 0.016732189916619886 0.010494880546074985
2 0.5837214325830561 0.7286006825938566 0.020387091199723536 0.014129692832764438
2 0.09085410636367562 0.3457849829351536 0.02067222534237696 0.0149317406143345
3 0.6864215665096989 0.661962457337884 0.017380222059014332 0.010580204778157166
3 0.5628807188836565 0.6626279863481228 0.016537780273901567 0.010460750853242379
2 0.45818464595843944 0.34153583617747435 0.020853674342247417 0.014863481228668908
2 0.21296928327645048 0.34448805460750853 0.020542618913898164 0.014078498293515339
2 0.33514926340346474 0.3431740614334471 0.020931438199334657 0.014641638225255917
3 0.9330107573335636 0.6600170648464163 0.01592863006005096 0.009709897610921605
2 0.8288071888365662 0.3382764505119453 0.0213072968419234 0.014197952218430033
2 0.7052663412105239 0.3392491467576792 0.02062038277098555 0.014129692832764438
3 0.8094569490646735 0.6606655290102388 0.0166673867023804 0.01034129692832759
3 0.19175271093446233 0.277679180887372 0.016602583488140983 0.010904436860068263
3 0.4376031451159977 0.2752389078498293 0.01699140277357755 0.010750853242320868
3 0.31406229748995546 0.2760580204778157 0.016732189916619813 0.010460750853242284
2 0.5817254935844817 0.3405631399317406 0.019998271914286898 0.013924914675767942
3 0.6839331230829049 0.2727815699658703 0.016991402773577406 0.010870307167235466
3 0.5608977405279302 0.2739249146757679 0.016796993130859375 0.010836177474402764
3 0.807473970708947 0.27213310580204775 0.016032315202833852 0.010341296928327684
3 0.9310148183349894 0.271160409556314 0.016097118417073484 0.010409556313993183
0 0.07342204173326997 0.9141296928327642 0.00902060742212814 0.010699658703071767