3 0.32596054651568834 0.973088821308725 0.018080050943738737 0.010608033045826156
3 0.44406928167478626 0.2132445469798658 0.01774382007242659 0.010567889117554543
3 0.20198305433005148 0.2162954855285235 0.01754513819392393 0.010477565278942957
3 0.2061400905571833 0.973088821308725 0.01794250195092918 0.010608033045826156
2 0.22276823546571053 0.28116807361577184 0.0204795167071935 0.014793037568162788
3 0.44700366018805576 0.9737311241610739 0.01794250195092918 0.010728464830641922
2 0.46460993126767286 0.2782777107802014 0.02156462542824629 0.015375124528104038
2 0.343322286052533 0.27924116505872487 0.02124367777835743 0.015495556312919424
3 0.32278163645964636 0.21468972839765102 0.017270040208304922 0.010397277422399327
3 0.5658459899754711 0.21244166841442955 0.01727004020830496 0.010979364382340625
3 0.8113556589190203 0.971804215604027 0.017667403965310132 0.010276845637583847
3 0.6905570767894254 0.972446518456376 0.01788136906523604 0.010648176974098079
3 0.6871336351906109 0.21115706270973153 0.017407589201114407 0.010608033045826323
3 0.5687803684887406 0.973088821308725 0.018370432150780994 0.010437421350671154
2 0.5863866395683577 0.27747483221476515 0.020021020064495118 0.014401634267512595
2 0.7086524109545873 0.27619022651006714 0.02087688046419875 0.014562209980599808
3 0.8084212804057508 0.21035418414429533 0.01694909255841595 0.010161431843802452
2 0.8294509930841822 0.27554792365771813 0.021442359656860015 0.014903433370910192
3 0.3244933572590536 0.5950935927013423 0.01754513819392393 0.010768608758913653
3 0.20369477512945866 0.5957358955536913 0.01760627107961707 0.010979364382340578
3 0.5673131792321058 0.5934878355704699 0.017667403965310132 0.010899076525796924
3 0.6890898875327907 0.5925243812919464 0.01804948450089213 0.01068832090237
2 0.34478947530916776 0.6602873322147652 0.020922730128468566 0.014793037568162692
3 0.44602553401696593 0.5941301384228188 0.017667403965310132 0.0103571334941275
2 0.2247244878078902 0.6615719379194632 0.021044995899854767 0.014793037568162692
2 0.4663216520670801 0.6596450293624162 0.021274244221203924 0.015254692743288653
2 0.5878538288249924 0.6590027265100672 0.02104499589985484 0.014793037568162692
0 0.08387431917095357 0.9082162332214765 0.008933042921906406 0.009890460327967882
3 0.9326433041341602 0.9705196098993291 0.017606271079617142 0.009775046534186154
2 0.710119600211222 0.6583604236577182 0.02115197844981765 0.014010230966862498
3 0.9301979887064356 0.2095513055788591 0.017208907322611967 0.010477565278942957
3 0.8103775327479305 0.5915609270134229 0.017667403965310132 0.010437421350671154
2 0.8314072454263619 0.6570758179530202 0.021488209321129832 0.014120626769609809
3 0.9321542410486152 0.5912397755872484 0.017545138193923858 0.010241719700346152