2 0.1020477864413415 0.7083857704375408 0.020762944709969998 0.015199548996008996
2 0.5938641850450215 0.3158785567441299 0.01987310422239981 0.014013695444760024
2 0.47022319098264387 0.3167034983449988 0.020559998633857476 0.014281801465042451
3 0.32460157575362125 0.2508731585956625 0.0166571894778481 0.010559252491121598
3 0.44899190917395276 0.2495532520342723 0.017312861416057698 0.01089954090148004
2 0.718754078037322 0.31455865018273965 0.020325830084496812 0.014127124914879472
3 0.20183481094218972 0.25235805347722645 0.016594744531351964 0.010940787981523474
3 0.6967734568706772 0.24724341555183943 0.016906969263832654 0.01089954090148004
3 0.45049058788986035 0.6410705358066406 0.016391798455239512 0.010481914216040155
3 0.326599814041498 0.6417304890873358 0.016969414210328795 0.010523161296083591
3 0.20320859976510502 0.6423904423680308 0.017500196255546115 0.010322081780871746
3 0.575380480882161 0.6404105825259455 0.016329353508743375 0.010724240811295437
3 0.5728826830223149 0.24839833379305587 0.017640697385162427 0.01089954090148004
3 0.8216633498629778 0.24658346227114436 0.01607957372275882 0.010239587620784875
3 0.6992712547305233 0.6394206526049029 0.017312861416057555 0.010523161296083591
2 0.346082637348297 0.31868335818708404 0.02080977841984203 0.015024248905824393
3 0.9455541237113402 0.24526355570975417 0.016329353508743375 0.010858293821436603
3 0.8231620285788854 0.6381007460435127 0.016469854638359687 0.01028083470082831
2 0.8431444114576536 0.3138986969020446 0.021168836862194968 0.014395230935161901
2 0.22294120285788854 0.32016825306864805 0.020606832343729578 0.014395230935161901
3 0.9480519215711861 0.6381007460435127 0.017047470393448966 0.010322081780871746
2 0.22431499168080385 0.7083857704375408 0.02001360535201619 0.014178683764933767
2 0.5958624233328983 0.7070658638761507 0.020762944709969925 0.013962136594705727
2 0.471971649484536 0.7077258171568458 0.02127811551856321 0.01445710155522696
2 0.34783109585018923 0.7077258171568458 0.021122003152322866 0.014127124914879472
2 0.1000495481534647 0.3209931946695169 0.020247773901376748 0.01526141961607415
2 0.7202527567532296 0.7057459573147604 0.02063805481697779 0.014178683764933767
2 0.8446430901735612 0.7050860040340654 0.02212112229626137 0.014673648725455188