3 0.32058085257469426 0.24696544672818793 0.01655172880141085 0.010276845637583942
3 0.32253710491687393 0.6272087353187921 0.016811543565606574 0.01020157577207423
3 0.44260209241815146 0.24600199244966447 0.01707135832980237 0.010527745189282693
3 0.806954091149116 0.24262990247483227 0.015741718065976965 0.009930604256239518
3 0.44406928167478626 0.626566432466443 0.01675041067991351 0.010046018050020962
3 0.2021053201014377 0.627851038171141 0.016307197258638374 0.010086161978292693
3 0.9306870517919805 0.6230337667785235 0.01586398383736324 0.009815190462458077
3 0.2003935993020305 0.24825005243288592 0.016368330144331512 0.010608033045826346
3 0.566335053061016 0.625924129614094 0.016689277794220372 0.010241719700345963
3 0.6876226982761559 0.6249606753355705 0.016490595915717787 0.010397277422399421
3 0.9287307994498009 0.241827023909396 0.016246064372945238 0.010046018050020962
3 0.8089103434912956 0.6236760696308725 0.01655172880141078 0.00973992059694846
3 0.5638897376332913 0.24455681103187923 0.01687267645129964 0.01068832090237
3 0.6851773828484312 0.24343278104026847 0.017010225444109236 0.010608033045826346
2 0.7066961586124076 0.30910824769295303 0.01994460395737866 0.013689079540687885
2 0.22289050123709672 0.6930447776845639 0.01914987644336824 0.013538539809668654
2 0.10300891239289853 0.6936870805369127 0.020326684492960698 0.014682641765415193
2 0.4633872735538106 0.31183803481543626 0.020128002614458074 0.014281202482697116
2 0.5844303872261779 0.3108745805369128 0.020051586507341616 0.013538539809668654
2 0.34356681759530544 0.6924024748322148 0.020250268385844348 0.014070446859270192
2 0.3416105652531258 0.312962064807047 0.0206323489214262 0.014562209980599808
2 0.8279838038275475 0.3081447934144296 0.02087688046419875 0.013960051056522692
2 0.7081633478690423 0.6898332634228188 0.019898754293108844 0.013638899630348079
2 0.4650989943532178 0.6917601719798658 0.020922730128468566 0.014622425873007501
2 0.2210565146663033 0.31456782193791955 0.02032668449296066 0.014180842662017596
2 0.5868757026539025 0.6904755662751679 0.020403100600077117 0.01358871972000846
2 0.8299400561697272 0.6891909605704699 0.02107556234270148 0.014010230966862498
2 0.1008692613936395 0.315531276216443 0.02017385227872789 0.015375124528104038