3 0.32671451754006997 0.9835217576791808 0.017318722289875597 0.010656363321245787
3 0.44975962057718055 0.9841750213310579 0.01806294670340655 0.010334835117587317
3 0.20081655425109082 0.2126706484641638 0.017721843847204835 0.010416493074072074
3 0.9416919579211128 0.9809087030716722 0.016931105407828207 0.010493047408276274
2 0.22339136146152846 0.6660356228668941 0.021303423837322356 0.01545376826471852
3 0.5725566488097809 0.9828684940273037 0.017861385924741863 0.010334835117587317
3 0.8191430044930228 0.9815619667235493 0.01765982514607717 0.010176622826898362
3 0.20490978852551087 0.9828684940273037 0.017659825146077245 0.010829886478775658
3 0.6956017518468915 0.9822152303754266 0.01752028306854029 0.010748228522290902
1 0.10270296906726573 0.2806100682593856 0.015024030348155257 0.015392524797354952
2 0.34606435229187366 0.6653823592150171 0.021427461239577467 0.015637498666808938
2 0.5928987827796258 0.6640758319112627 0.021830582796906705 0.014647395944432635
2 0.46935753013349457 0.6647290955631399 0.021132872409221428 0.015637498666808938
3 0.32324147027692574 0.21120080524744025 0.017659825146077314 0.010493047408276463
2 0.7159438858167364 0.6634225682593856 0.021706545394651666 0.015106721949658777
3 0.8161661068388992 0.2067912755972696 0.017799367223614342 0.010135793848656125
3 0.6931210038017885 0.20728122333617746 0.017318722289875455 0.010176622826898457
3 0.5695797511556573 0.20842443472696245 0.017799367223614342 0.010911544435260226
2 0.8389889888538471 0.6627693046075085 0.021706545394651666 0.015637498666808938
3 0.4465346481185466 0.209894277943686 0.018140470079815917 0.010993202391744887
2 0.34432782866030154 0.2778336977389078 0.0214584705901413 0.016004959470989774
1 0.10450151139996543 0.6666888865187712 0.014682927491953612 0.01569874213417241
3 0.20230500307815266 0.5994027303754266 0.01738074099100312 0.010870715457017847
2 0.22165483782995637 0.2791402250426621 0.021179386435067175 0.016188689873080194
2 0.7139592873806541 0.2742407476535836 0.021970124874443876 0.015637498666808844
2 0.5904180347345228 0.2755472749573379 0.021551498641832652 0.015453768264718424
2 0.8370043904177648 0.27342416808873715 0.021380947213731794 0.015392524797354952
3 0.32497799390849785 0.5984228348976108 0.017721843847204835 0.010100068492694163
2 0.46762100650192245 0.2771804340870307 0.021582507992396482 0.015341488574552026
3 0.44827117175011877 0.5980962030716723 0.01828001215735294 0.01078905750053328
3 0.8186468548840021 0.5954831484641638 0.018311021507916917 0.009906130846043007
3 0.6946094526288502 0.5964630439419795 0.017861385924742006 0.010294006139345129
3 0.5710681999827191 0.5971163075938566 0.018636619688836502 0.011085067592790097
3 0.9392112098760097 0.20548474829351535 0.017799367223614342 0.010533876386518747
3 0.9416919579211128 0.594503252986348 0.01806294670340655 0.010452218430034084