3 0.8140626344317301 0.6255762711864407 0.016286672975995724 0.010067796610169542
2 0.10258539103501677 0.6963050847457627 0.019874386991310347 0.014881355932203254
3 0.9360836272907166 0.6246101694915254 0.01620924029940636 0.009949152542372795
3 0.6915383291749119 0.6268813559322034 0.016919039834810294 0.010677966101694854
3 0.5695173363159253 0.6278474576271186 0.016415727436978427 0.010508474576271283
3 0.20244773294330207 0.6297966101694915 0.01635120020648715 0.01045762711864408
3 0.3234879118988213 0.6291525423728813 0.016854512604319014 0.010389830508474536
3 0.4459993117095413 0.6285084745762711 0.016725458143336598 0.010067796610169542
2 0.4672416759872666 0.6943559322033899 0.021010066247956635 0.014711864406779492
2 0.3449754796524133 0.695 0.020222834035963054 0.01403389830508464
2 0.22294158134732858 0.6963050847457627 0.019874386991310274 0.013559322033898221
2 0.8353049987094554 0.6917627118644067 0.021410135077002252 0.013983050847457624
2 0.7127806934526368 0.6924067796610168 0.020222834035963345 0.013457627118644193
2 0.5902692936419168 0.6937118644067797 0.020300266712552705 0.013779661016949187
3 0.812578508130431 0.24083050847457627 0.015305859072528448 0.010220338983050775
3 0.44452809085434053 0.2437457627118644 0.017306203217757825 0.01045762711864408
2 0.10036565430611717 0.31398305084745765 0.0199131033296051 0.015593220338983069
3 0.6895637959218791 0.24115254237288136 0.017048094295792852 0.010677966101694948
2 0.22121225157016258 0.31299999999999994 0.020532564742321298 0.014271186440678036
2 0.3427557429235137 0.3110677966101695 0.02068743009550024 0.014542372881355922
3 0.9346124064355159 0.24016949152542372 0.01609309128452203 0.009881355932203349
3 0.5670394906650607 0.24244067796610166 0.01724167598726669 0.010881355932203386
2 0.7112965671513378 0.3071694915254237 0.01999053600619468 0.013779661016949187
3 0.3215133786457885 0.24455932203389827 0.016777079927729508 0.010338983050847522
2 0.5882818549427858 0.3092711864406779 0.02048094295792832 0.013779661016949187
2 0.4657704551320657 0.31008474576271183 0.020403510281338667 0.014711864406779683
2 0.8333304654564226 0.3066779661016949 0.021010066247956635 0.014491525423728812
3 0.2002150907683042 0.24633898305084748 0.016854512604319014 0.010677966101694948
0 0.08245289512174138 0.9130169491525423 0.008749892454615832 0.01071186440677972