2 0.7268248577603317 0.2743379790940767 0.021951219512195017 0.015714285714285646
3 0.20245666651964891 0.21130662020905924 0.01795527720195829 0.010714285714285694
3 0.32769373263352886 0.20965156794425088 0.01774357164909813 0.010975609756097621
2 0.8524456401887708 0.2736759581881533 0.022202619856216476 0.015662020905923366
0 0.08013055175759715 0.9290940766550523 0.009103338772989893 0.010470383275261383
2 0.4745776915273674 0.27634146341463417 0.02233493582675433 0.01627177700348426
2 0.6007012746438496 0.27550522648083625 0.021580734794689662 0.015783972125435544
3 0.45304988312089267 0.20797909407665505 0.018378688307678755 0.011393728222996533
2 0.22371984298504832 0.27951219512195125 0.021461650421205767 0.015418118466899007
2 0.34870550875490675 0.27801393728223 0.021673355974066073 0.01653310104529614
3 0.7050456490098356 0.20564459930313594 0.018233140740087233 0.011324041811846684
3 0.20422970052485334 0.6039721254355401 0.018233140740087306 0.011219512195121979
3 0.8306664314382747 0.204808362369338 0.017955277201958147 0.010627177700348463
3 0.5794248665813965 0.20714285714285718 0.01795527720195829 0.011707317073170789
2 0.7288492921095577 0.6696515679442508 0.021752745556388814 0.014721254355400788
3 0.3292021346976581 0.6032926829268294 0.018034666784280885 0.011010452961672475
2 0.6022229083050324 0.6703310104529617 0.021501345212367066 0.015365853658536632
2 0.8544700745379967 0.6679965156794426 0.021951219512195017 0.014825783972125351
3 0.9567900145547569 0.20414634146341465 0.017955277201958147 0.011132404181184654
2 0.35047854276011114 0.6716550522648084 0.021673355974066073 0.015836236933798015
3 0.45507431747011867 0.602630662020906 0.018722709831076625 0.010505226480836238
3 0.7070700833590615 0.6009581881533101 0.018656551845807556 0.011010452961672475
3 0.5809465002425793 0.6019686411149826 0.018166982754818595 0.011062717770034852
3 0.8326908657875007 0.5999651567944252 0.018233140740087233 0.010801393728223162
2 0.22600890927534953 0.6723170731707317 0.021792440347549968 0.015365853658536632
2 0.4763507255325718 0.670993031358885 0.02255987297666816 0.016027874564459997
3 0.9588144489039827 0.5993031358885018 0.01829929872535616 0.010714285714285742
3 0.7063291139240506 0.9933333333333333 0.020253164556962026 0.013333333333333334
3 0.4544303797468354 0.995 0.017721518987341773 0.01
3 0.5810126582278481 0.995 0.017721518987341773 0.01
3 0.20506329113924052 0.995 0.020253164556962026 0.01
3 0.3291139240506329 0.995 0.020253164556962026 0.01
3 0.8316455696202532 0.9933333333333333 0.017721518987341773 0.013333333333333334
3 0.9598332818771226 0.9944425087108014 0.01829929872535616 0.010104529616724752