3 0.18751340530492597 0.2041725352112676 0.01624722957031529 0.009383802816901389
3 0.5690149781940372 0.19957746478873237 0.01710516908557938 0.011619718309859148
3 0.44149031243297343 0.20075704225352112 0.016716415242725362 0.012218309859154933
3 0.6988453564023737 0.6000880281690141 0.01710516908557938 0.011038732394366093
3 0.3155072567383999 0.6024471830985915 0.016207013655537297 0.011443661971831033
2 0.20902891971116036 0.2722007042253521 0.021274218917566295 0.015281690140845114
2 0.4625366411667977 0.2689964788732394 0.021006112819046182 0.014647887323943677
2 0.335521376992922 0.27001760563380284 0.021166976478158295 0.015105633802816858
2 0.8450972331450631 0.26612676056338025 0.021126760563380302 0.01522887323943659
2 0.5905707085150497 0.26799295774647885 0.021864052334310345 0.015052816901408429
2 0.7178272681775935 0.2671478873239437 0.022721991849574654 0.01545774647887318
2 0.21094587831557876 0.6708450704225352 0.021274218917566295 0.01528169014084502
2 0.592621720168728 0.6691725352112675 0.022078537213126494 0.015105633802817047
2 0.3373176878530063 0.6705105633802817 0.022118753127904487 0.015528169014084672
2 0.4645876528204761 0.6698415492957747 0.02140827196682639 0.014876760563380269
3 0.1910255951955387 0.9964788732394366 0.017426896403803533 0.00704225352112682
2 0.720401086723386 0.6681514084507041 0.022319832701794735 0.015158450704225288
2 0.8471482447987417 0.6674823943661972 0.02198470007864461 0.01563380281690134
2 0.08348823907914492 0.274225352112676 0.02036265818259813 0.01545774647887318
3 0.5724065203403159 0.9964788732394366 0.018767426896403816 0.00704225352112682
3 0.44505612354329016 0.9964788732394366 0.018767426896403816 0.00704225352112682
3 0.6984163866447415 0.9964788732394366 0.018767426896403816 0.00704225352112682
3 0.3170354614999642 0.9964788732394366 0.017426896403803533 0.00704225352112682
3 0.8250965181954673 0.9955985915492958 0.017426896403803606 0.008802816901408429
3 0.9537874454850932 0.9947183098591548 0.017426896403803606 0.01056338028169004
2 0.08348823907914492 0.6718661971830986 0.02084524915993425 0.013450704225352108
3 0.3142873739901336 0.2025176056338028 0.01705154786587549 0.009841549295774665
3 0.6964994280403233 0.19860915492957745 0.017507328233359588 0.00927816901408453
3 0.8235280975191249 0.19790492957746478 0.017668191892471555 0.009348591549295786
3 0.9509053049260027 0.197306338028169 0.017400085793951515 0.010017605633802825
3 0.4431525702437978 0.6022535211267606 0.01683706298705934 0.011690140845070307
3 0.5703421033817115 0.601725352112676 0.017306248659469486 0.010158450704225289
3 0.8254584614284692 0.5995950704225351 0.016555551583613107 0.01010563380281686
3 0.952996532494459 0.5986091549295774 0.016113176521055195 0.008820422535211302
3 0.18956441695860438 0.6031866197183099 0.016649388718095424 0.010598591549295785