2 0.10352116638476648 0.6884294181034484 0.02078754586561547 0.014963926117995735
3 0.8268087079877783 0.6171470905172414 0.016526647240560792 0.009967356714709013
2 0.4746579686817983 0.6864493534482758 0.021476808878491904 0.014623602505387983
2 0.3503399852684418 0.6877693965517242 0.021398483536119662 0.014572038321659497
3 0.7024907245744217 0.6181371228448276 0.01716891504801384 0.0107666015625
2 0.5992265931907464 0.6864493534482758 0.020881536276462317 0.014180150525323256
2 0.7240458587952859 0.6851293103448276 0.02095986161883456 0.014180150525323256
3 0.5786740233522479 0.6191271551724139 0.016589307514458786 0.01060159617456899
3 0.20496814982540376 0.6211072198275862 0.017372560938182 0.010642847521551743
3 0.32903549214316896 0.6204471982758621 0.01677728833615234 0.010441747205010756
3 0.9516279735923178 0.6158270474137931 0.016902608883948185 0.00947749696928876
2 0.2263979634984723 0.6877693965517242 0.020160943126636813 0.014623602505387983
3 0.45310283446093413 0.619787176724138 0.017027929431743746 0.0107666015625
2 0.8478625600174596 0.6844692887931035 0.021931095864251397 0.01467516668911647
2 0.10151603762003492 0.29967672413793106 0.020442914359177215 0.015025803138469863
2 0.3485854975993017 0.29736664870689655 0.021320158193747277 0.014912361934267248
2 0.5977227466171977 0.2947265625 0.020395919153753755 0.014283278892780136
2 0.4729034810126582 0.2955515894396552 0.020912866413411245 0.014510161301185367
3 0.8258061436054126 0.2259193157327586 0.01626034107649485 0.009967356714709013
2 0.22489411692492364 0.29868669181034485 0.02067789038629423 0.014572038321659497
3 0.2034643032518551 0.23136449353448274 0.01710625477411613 0.010900668440193991
3 0.9496228448275863 0.22509428879310345 0.01626034107649485 0.010281898235452615
2 0.846358713443911 0.2927464978448276 0.021241832851375035 0.014283278892780136
3 0.32728100447402886 0.23020945581896554 0.01677728833615234 0.010281898235452615
2 0.7220407300305545 0.2935715247844828 0.02063089518087077 0.014283278892780136
3 0.45184962898297687 0.22888941271551724 0.017560541759875627 0.010900668440193991
3 0.5761676123963335 0.227569369612069 0.017638867102247865 0.010859417093211239
3 0.7004855958096902 0.22641433189655175 0.016777288336152198 0.010400495858028004
0 0.08390850065473593 0.9088766163793105 0.008976084235868634 0.011199740705818991