1 0.09085867153856192 0.2869315243250698 0.01472139613646745 0.01561201979644345
2 0.21200186774109353 0.6763039599351791 0.021527895304547837 0.015612019796443546
3 0.18939679710948715 0.2186263597731269 0.017781198514778808 0.010399420055953283
3 0.31518987341772153 0.9949832775919732 0.017721518987341773 0.010033444816053512
3 0.1911392405063291 0.9949832775919732 0.017721518987341773 0.010033444816053512
2 0.33539308201748663 0.6756440066544839 0.021777675090532463 0.015921372896769315
3 0.6860759493670886 0.9949832775919732 0.015189873417721518 0.010033444816053512
3 0.43924050632911393 0.9949832775919732 0.017721518987341773 0.010033444816053512
3 0.5620253164556962 0.9949832775919732 0.020253164556962026 0.010033444816053512
2 0.45953363565183347 0.6749840533737889 0.02160595148766808 0.015550149176378392
3 0.3129129012788725 0.2171414648915629 0.01818709066700378 0.010399420055953283
3 0.8113924050632911 0.9949832775919732 0.017721518987341773 0.010033444816053512
2 0.707814742920527 0.6736641468123987 0.021527895304547764 0.015024248905824393
2 0.5839239690721649 0.6749840533737889 0.021777675090532463 0.014673648725455188
3 0.8087257764583061 0.2125217919266972 0.01784364346127502 0.010121002265659996
3 0.5604446691896123 0.21433666344860874 0.017703142331658563 0.011105776301697219
3 0.4363041155552655 0.21582155833017272 0.01818709066700378 0.011157335151751513
1 0.09254468509395798 0.6769639132158741 0.014783841082963588 0.015374849086193599
2 0.8317055167688894 0.6723442402510085 0.02198062116664477 0.015735761036573852
2 0.21012851934620902 0.28511665280315823 0.021449839121427665 0.01641633785729064
2 0.3336446235155944 0.2836317579215943 0.021730841380660358 0.016292596617160333
3 0.6848350026099438 0.21334673352756608 0.01770314233165871 0.009775557970296219
3 0.19089547582539476 0.6093187019446263 0.017437751309049974 0.01089954090148004
2 0.7058165046326503 0.280167003197945 0.022074288586389264 0.015673890416508605
2 0.5819257307842881 0.2814869097593352 0.021730841380660358 0.015498590326324002
2 0.8297072784810126 0.27917707327690233 0.021246893045315143 0.01561201979644345
2 0.4577851771499412 0.2829718046408992 0.021449839121427592 0.015086119525889547
3 0.3144115799947801 0.6086587486639313 0.0176406973851625 0.01044066713599672
3 0.4383023538431423 0.6079987953832361 0.018405647979740265 0.011157335151751513
3 0.6863336813258514 0.6063489121814984 0.017984144590891333 0.010481914216040155
3 0.56194334790552 0.6070088654621935 0.01860859405585286 0.01119858223179495
3 0.9326165503066682 0.21136687368548082 0.01812464572050764 0.010523161296083591
3 0.8112235743181521 0.6053589822604557 0.018468092926236405 0.009930234520459104
3 0.9329113924050633 0.9933110367892977 0.017721518987341773 0.013377926421404682
3 0.9351143481665144 0.6043690523394131 0.01804658953738747 0.010399420055953283
0 0.07262474716168602 0.9284061131607073 0.009195018371558134 0.010641746651208374