3 0.8205864354077538 0.638127449912892 0.017205921725455275 0.01047273961509139
2 0.08948513581683061 0.710488349303136 0.021099810174822473 0.015120343464176926
3 0.9467104320116438 0.6374605291811848 0.01669939965074085 0.010347691977896338
3 0.6949689608785781 0.639127831010453 0.01747501157764752 0.011139660346798716
3 0.316850232104265 0.6414620535714286 0.017554155651821533 0.010712414253048716
3 0.44272096767079794 0.6411285932055749 0.016952660688098208 0.01047273961509139
3 0.568844964274688 0.640128212108014 0.017285065799629577 0.011056295255335347
3 0.19262569328055396 0.6417955139372823 0.01655694031722757 0.010634259479801737
2 0.46475467792087505 0.708487587108014 0.0216696475088762 0.015005716463414653
2 0.3388839423543422 0.7091545078397213 0.021210611878666297 0.014495105278201284
2 0.21377298989988092 0.710488349303136 0.02065660335944735 0.013942811547256042
2 0.7162428880165836 0.706486824912892 0.020735747433621363 0.014109541730182968
3 0.9446843437127862 0.23964231271777006 0.016184963168609123 0.010269537204649359
2 0.8423668846204737 0.7058199041811848 0.022081196694581723 0.014276271913109706
3 0.5673253980505447 0.24264345601045298 0.01682603016941953 0.010837461890243863
3 0.8190668691836105 0.2404759636324042 0.015939616538669356 0.009956918111661632
2 0.5906254134874079 0.7071537456445993 0.021052323730317984 0.014057438548018315
3 0.692436350505006 0.2414763447299652 0.017411696318308252 0.0104310570693598
3 0.44120140144665465 0.24397729747386762 0.01707929120677674 0.010879144435975641
2 0.21187353211970186 0.3145041648519164 0.020529972840768743 0.0147764624618902
3 0.1904729744630177 0.24664498040069688 0.01720592172545542 0.0113584937118902
2 0.3368578540554845 0.3128368630226481 0.0216696475088762 0.015005716463414653
2 0.5885993251885503 0.31016918009581884 0.020498315211099037 0.014328375095274359
3 0.31507740484276453 0.24497767857142858 0.01720592172545542 0.010509211842606685
2 0.08764899329599084 0.31550454594947736 0.02041917113692499 0.01577684355945119
2 0.7142167997177259 0.3088353386324042 0.02097317965614383 0.014328375095274359
2 0.4627285896220174 0.31083610082752616 0.021543016990197665 0.014828565644054853
2 0.8403407963216161 0.30800168771777003 0.021907079731398525 0.014432581459603662
0 0.08188730469611431 0.5837734102787456 0.008626704084979935 0.0107540967987804
0 0.06954082912495038 0.9332398736933798 0.00921237023386848 0.011014612709603473