3 0.9539264961261019 0.6208813048245614 0.017051034326576245 0.01074561403508767
3 0.5729549325407427 0.6242393092105263 0.017514464500400808 0.010787589089912331
3 0.3188034330750735 0.6252467105263158 0.01764230730697302 0.010624935752467195
3 0.1931339542145338 0.6259183114035087 0.017114955729862387 0.010913514254385935
3 0.9518810112209457 0.22262198464912278 0.01692319152000396 0.010462282415021965
3 0.31701363378306174 0.22732319078947366 0.01717887713314853 0.010504257469846531
3 0.19121631211594975 0.22917009320175438 0.01665152555603797 0.010504257469846531
3 0.8250609471012557 0.22295778508771927 0.016523682749465685 0.0103416041324013
3 0.6997749966604327 0.6228961074561403 0.017786130464366803 0.011049933182565799
3 0.8265950607801228 0.6218887061403509 0.017450543097114524 0.010708885862116138
3 0.44408938351589633 0.22648368969298247 0.017370641343006955 0.010913514254385935
3 0.6982408829815655 0.2237972861842105 0.017578385903686808 0.010871539199561369
2 0.7202298457119957 0.2919647752192982 0.020966220277851885 0.014208556058114065
3 0.44639055403419714 0.6249109100877193 0.017370641343006955 0.010299629077576734
3 0.5709094476355864 0.2249725877192982 0.017514464500400808 0.011133883292214932
2 0.4658226606331819 0.2946511787280701 0.02117396483853188 0.015058550918311368
2 0.5928984103660165 0.2939795778508772 0.02112602378606731 0.014040655838815799
2 0.33874691090034725 0.29599438048245613 0.02146161115331959 0.014932625753837764
2 0.08938951668113812 0.6950932017543859 0.021173964838531917 0.015646201685855204
2 0.8465385386053967 0.291125274122807 0.021749257468107012 0.014712256716008766
2 0.2128217464266631 0.2976733826754386 0.02112602378606731 0.014596825315241233
2 0.7217639593908629 0.6910635964912281 0.020854357822101318 0.014313493695175528
2 0.4676124599251937 0.6930783991228069 0.021909060976322437 0.015111019736842195
2 0.5944325240448838 0.692406798245614 0.020886318523744316 0.014208556058114065
2 0.3407923958055036 0.69375 0.021014161330316597 0.014093124657346532
2 0.08715226756612343 0.29868078399122805 0.020854357822101245 0.015772126850328902
2 0.848584023510553 0.6903919956140351 0.022004943081251577 0.014208556058114065
2 0.21448370291210256 0.6950932017543859 0.02112602378606731 0.014156087239583334