2 0.08489681195609178 0.31383599175347227 0.020774165286293514 0.0157220628526476
3 0.18742686082542195 0.24504937065972224 0.016956892697620015 0.010675218370225725
3 0.31159863693301687 0.24338785807291666 0.01689379728293117 0.010233879089355469
3 0.4370323213343882 0.24222479926215282 0.017556299137163767 0.010353300306532087
3 0.5627183873945147 0.2410617404513889 0.0168307018682424 0.010799831814236143
3 0.6878996901371308 0.239898681640625 0.017146178941686543 0.010675218370225725
3 0.8130809928797469 0.23890177408854166 0.015947366062598892 0.01003657446967234
3 0.1893197232660865 0.6371663411458334 0.016767606453553557 0.01059733496771912
3 0.9377575323048524 0.23856947157118058 0.016373260111748417 0.01011445787217885
3 0.3136176902030591 0.6368340386284723 0.01722504821004747 0.010716756184895834
2 0.08672657898206752 0.7056206597222223 0.020931903823015546 0.014839384290907181
3 0.6894139800896625 0.6345079210069445 0.017556299137163767 0.010934829711914062
3 0.43879899294567515 0.6365017361111112 0.016956892697619942 0.010275416904025671
2 0.20875311099024263 0.3126729329427083 0.020774165286293514 0.01449669731987844
3 0.8145952828322784 0.6331787109375 0.01676760645355363 0.010155995686848959
3 0.5642326773470464 0.6355048285590278 0.017083083526997625 0.010472721523708704
2 0.8347858155327005 0.3061930338541667 0.021420893286853808 0.014330546061197916
3 0.9402813488924051 0.6325141059027778 0.017288143624736383 0.010233879089355469
2 0.33305107792721517 0.3110114203559028 0.021136963920754266 0.015130148993598122
2 0.7090997494725739 0.30718994140625 0.020695296017932584 0.013790554470486143
2 0.5839184467299579 0.3083530002170139 0.020269401968782918 0.013894399007161459
2 0.45848476232858654 0.3095160590277778 0.021215833189115196 0.01455900404188365
2 0.2103935917721519 0.7049560546875001 0.019843507919633463 0.013686709933810827
2 0.8363001054852321 0.7009684244791667 0.021799465774986718 0.014112472534179688
2 0.33481774953850213 0.7042914496527778 0.020853034554654582 0.014444775051540735
2 0.7111188027426162 0.7022976345486112 0.02061642674957137 0.013842476738823849
2 0.5854327366824895 0.7029622395833335 0.020821486847310125 0.013946321275499069
2 0.46025143393987344 0.7036268446180556 0.021594405677248105 0.014725155300564173
0 0.0666622371110232 0.9282633463541666 0.009006870446828857 0.01084136962890625