2 0.45797999901107594 0.3052808973524306 0.02118428548177088 0.015420913696289062
2 0.33279869626846 0.306610107421875 0.02172059650662579 0.015130148993598122
2 0.08615872024986816 0.7015516493055556 0.02121583318911523 0.015722062852647507
2 0.5834136834124473 0.30428398980034727 0.020774165286293514 0.015067842271592913
2 0.7090997494725739 0.3031209309895833 0.021420893286853808 0.014901691012912294
2 0.20976263762526373 0.7015516493055556 0.020931903823015584 0.014839384290907181
3 0.5637279140295359 0.6324327256944445 0.016767606453553487 0.011277516682942709
3 0.5617088607594938 0.23666042751736113 0.01776135923490238 0.011495590209960938
2 0.20799596601397682 0.30810546875 0.020506009773866057 0.014839384290907087
3 0.3128605452267933 0.633761935763889 0.01728814362473631 0.010758293999566036
3 0.4365275580168777 0.23815578884548613 0.016956892697619942 0.01145405239529083
3 0.6889092167721519 0.6314358181423612 0.017146178941686543 0.010758293999566036
3 0.4380418479694093 0.6330973307291666 0.0168307018682424 0.01089329189724386
3 0.9397765855748946 0.6294420030381945 0.01689379728293117 0.010233879089355469
3 0.938262295622363 0.23466661241319448 0.016247069282370876 0.011537128024631044
3 0.6873949268196202 0.23616197374131948 0.01749320372247485 0.010716756184895834
3 0.1881840058016878 0.633761935763889 0.017682489966541377 0.011235978868272507
3 0.18641733419040088 0.24064805772569448 0.017556299137163767 0.011277516682942709
3 0.31134625527426163 0.23915269639756948 0.01683070186824233 0.010934829711914062
3 0.8130809928797469 0.23533121744791666 0.017146178941686543 0.010716756184895834
2 0.8342810522151899 0.3022901746961806 0.021389345579509493 0.01519245571560333
2 0.3343129862209916 0.7008870442708335 0.02175214421397025 0.015192455715603235
3 0.8145952828322784 0.6304389105902778 0.016956892697620084 0.010078112284342447
2 0.7106140394251055 0.6988932291666667 0.021026546945048883 0.014278623792860306
2 0.08413966697982594 0.3094346788194445 0.020663748310588093 0.015420913696289062
2 0.4597466706223629 0.7002224392361112 0.021799465774986863 0.015607833862304688
2 0.5849279733649789 0.699557834201389 0.021215833189115196 0.015015920003255209
2 0.8357953421677216 0.6975640190972223 0.021925656604364546 0.01495361328125
0 0.06615747379351267 0.9082438151041666 0.009361782154453461 0.011017905341254467