2 0.47005248533497995 0.7462891986062719 0.02208353548273287 0.01578397212543545
2 0.3439289022184978 0.7476132404181185 0.021580734794689662 0.015418118466899007
2 0.09496317205486703 0.7482926829268293 0.020919154942001517 0.016271777003484356
2 0.7215322189388258 0.7449477351916377 0.020892691747893925 0.014668989547038222
2 0.5954086358223438 0.7462891986062719 0.020919154942001406 0.014616724738675847
2 0.21906232082212326 0.7482926829268293 0.020694217792087504 0.015069686411149709
2 0.8471530013672651 0.743623693379791 0.021541040003528366 0.014773519163763163
2 0.4682794513297756 0.3511324041811847 0.021263176465399422 0.015365853658536537
3 0.19741542804216466 0.6795993031358886 0.017558329290345308 0.010923344947735246
2 0.5938870021611609 0.3501393728222997 0.020998544524324148 0.014372822299651583
2 0.34215586821329336 0.3521428571428572 0.021951219512195162 0.015069686411149802
2 0.7195077845896001 0.3491289198606272 0.02099854452432386 0.014947735191637624
2 0.09256825298813567 0.354808362369338 0.020257575089313296 0.015174216027874554
2 0.21717020244343493 0.35379790940766553 0.02041635425395849 0.014825783972125445
2 0.8456313677060822 0.3481358885017422 0.02162042958585096 0.015121951219512179
3 0.3224010938120232 0.6789198606271777 0.017558329290345308 0.010749128919860596
3 0.19601287875446569 0.2859407665505227 0.017148149781678657 0.011585365853658516
3 0.7002558108763729 0.6765853658536586 0.017081991796409873 0.010679442508710887
3 0.5746482600449875 0.677595818815331 0.017677413663829203 0.011010452961672475
3 0.44852467692850534 0.6782578397212543 0.017677413663829203 0.011062717770034852
3 0.9520001764212942 0.6745818815331011 0.01694967582587202 0.010470383275261383
3 0.8253737926167689 0.6755923344947735 0.0171481497816788 0.010383275261324154
3 0.3203766594627972 0.28411149825783977 0.016764433467119488 0.01047038327526129
3 0.5726238256957615 0.2817770034843206 0.017478939708022855 0.01132404181184673
3 0.6977285758391039 0.28043554006968646 0.0171481497816788 0.010592334494773467
3 0.4467516429233009 0.28310104529616725 0.017611255678560277 0.010714285714285647
3 0.8243549596436289 0.2799477351916376 0.016433643540775433 0.01022648083623693
3 0.9499757420720683 0.2789372822299652 0.016367485555506506 0.010313588850174256
0 0.07495699730957528 0.9436933797909408 0.008997485996559794 0.010836236933798015