2 0.10467164890309981 0.6456140073927831 0.01987225577548685 0.014494401873072509
3 0.20626235632856948 0.9551043414429531 0.017331173093998023 0.010276845637583847
1 0.7086524109545873 0.2591692009228188 0.020678198585696018 0.014070446859270096
1 0.22496901935066263 0.6436538865445715 0.020800464357082292 0.014562209980599808
1 0.8299400561697272 0.2580451709312081 0.020754614692812475 0.014512030070260095
1 0.34552306993748516 0.6429451552013423 0.021151978449817796 0.014903433370910192
1 0.4650989943532178 0.2609355337667786 0.02124367777835743 0.014401634267512595
3 0.3264496096012333 0.9557466442953021 0.01766740396531017 0.010437421350671154
1 0.5863866395683577 0.25965092806208057 0.020601782478579706 0.014231022572357404
3 0.44749272327360073 0.9551043414429531 0.01727004020830496 0.010161431843802499
3 0.5687803684887406 0.9551043414429531 0.01794250195092918 0.010241719700345963
1 0.46681071515262496 0.6423028523489933 0.021488209321129832 0.014903433370910192
3 0.6905570767894254 0.9538197357382552 0.017208907322611967 0.010276845637583847
1 0.710119600211222 0.6406970952181209 0.02115197844981765 0.014231022572357309
3 0.8113556589190203 0.9531774328859062 0.017208907322611967 0.009775046534186154
1 0.22325729855125545 0.26382589660234906 0.020922730128468566 0.014010230966862405
1 0.3438113491380779 0.2623807151845638 0.020831030799928933 0.014512030070260095
1 0.5878538288249924 0.6419817009228188 0.020831030799928933 0.014732821675755
2 0.10282551373581916 0.2654316537332215 0.02099914623558495 0.015134260958473172
1 0.8314072454263619 0.6400547923657719 0.020831030799928933 0.014120626769609809
3 0.9326433041341602 0.9525351300335572 0.016246064372945238 0.00947898506318173