2 0.7081633478690423 0.27538734794463093 0.020953296571315207 0.014451814177852308
3 0.20186078855866524 0.21468972839765102 0.01780495295811973 0.010437421350671154
2 0.5863866395683577 0.27683252936241615 0.020280834828690843 0.014231022572357404
2 0.46436539972490043 0.2773142565016779 0.02132009388547374 0.015134260958473172
3 0.32253710491687393 0.21356569840604028 0.017270040208304922 0.010316989565855698
2 0.8294509930841822 0.2747450450922819 0.021809156971018838 0.015254692743288558
3 0.44406928167478626 0.2122810927013423 0.017667403965310132 0.010688320902369975
3 0.6871336351906109 0.21003303271812082 0.017667403965310132 0.010567889117554519
3 0.8084212804057508 0.20906957843959736 0.017468722086807692 0.010241719700346081
2 0.34283322296698804 0.2782777107802014 0.020800464357082292 0.01543534042051173
2 0.2224014381515518 0.2798834679110738 0.0204795167071935 0.015134260958473172
3 0.5653569268899261 0.21115706270973156 0.017331173093998096 0.010939220454068798
0 0.083568654742488 0.9069316275167787 0.009001817418311157 0.010241719700345963
3 0.20345024358668623 0.5954147441275168 0.01740758920111448 0.011240299916107309
2 0.7096305371256773 0.6583604236577182 0.020754614692812475 0.013849655253775192
2 0.8314072454263619 0.6567546665268457 0.02132009388547374 0.014512030070260001
2 0.5878538288249924 0.6590027265100672 0.0206323489214262 0.014622425873007501
3 0.3240042941735087 0.5944512898489933 0.017407589201114446 0.01068832090237
2 0.34478947530916776 0.6602873322147652 0.021197828114087613 0.014963649263317886
3 0.9301979887064356 0.20858785130033564 0.01733117309399795 0.01039727742239935
2 0.22435769049373153 0.6609296350671141 0.020754614692812475 0.014401634267512502
3 0.44578100247419344 0.5938089869966443 0.01788136906523604 0.01020157577207423
3 0.6890898875327907 0.5922032298657718 0.01788136906523604 0.010648176974098079
2 0.4660771205243076 0.6596450293624162 0.021365943549743704 0.015375124528104038
3 0.5673131792321058 0.5931666841442954 0.017468722086807546 0.01072846483064173
3 0.8103775327479305 0.5912397755872484 0.017606271079617142 0.010241719700346152
3 0.9321542410486152 0.5905974727348994 0.017667403965310132 0.010241719700345963
3 0.2058955590144108 0.973088821308725 0.018018918058045636 0.010567889117554614
3 0.32596054651568834 0.973088821308725 0.018018918058045636 0.010397277422399232
3 0.6900680137038804 0.972446518456376 0.017942501950929324 0.010316989565855769
3 0.4467591286452833 0.973088821308725 0.01774382007242659 0.010567889117554614
3 0.5687803684887406 0.973088821308725 0.018217599936548222 0.010608033045826156
3 0.8113556589190203 0.9711619127516778 0.01733117309399795 0.010316989565855769
3 0.9321542410486152 0.96987730704698 0.017407589201114407 0.009965730193477308