3 0.32228818178721086 0.6387751677852349 0.016876469185432463 0.010050335570469807
3 0.4421098354512316 0.256761744966443 0.016748713930433083 0.010654362416107404
2 0.4628956154396484 0.32194630872483226 0.021271249957414924 0.015620805369127501
3 0.3208317718802167 0.25771812080536916 0.016748713930433045 0.010352348993288654
2 0.827010867713692 0.3189093959731544 0.021322352059414778 0.015083892617449711
2 0.34160477634313363 0.3230704697986578 0.021565087043913755 0.015251677852348943
3 0.6866461690457535 0.6362080536912753 0.017208632848431177 0.01023489932885904
3 0.6846915136442614 0.25402684563758393 0.01687646918543264 0.01043624161073827
2 0.10318791946308725 0.7046140939597316 0.020760228937416976 0.015620805369127501
3 0.19989864749770042 0.2593288590604027 0.01668483630293323 0.010771812080536923
2 0.4646075358566416 0.7033221476510069 0.021271249957414924 0.01520134228187904
2 0.34307396177562777 0.7039597315436242 0.020926310768916243 0.014731543624160964
3 0.20186607842469254 0.6390939597315437 0.016365448165434546 0.010352348993288463
3 0.9267749463427929 0.2529026845637584 0.016608183149933523 0.010604026845637595
2 0.7057200286171772 0.31969798657718124 0.021002963921915953 0.014446308724832211
2 0.5844291895206623 0.32098993288590605 0.020721902360917123 0.014614093959731539
2 0.7076746840186693 0.702030201342282 0.021041290498415948 0.014345637583892502
2 0.10068391646509726 0.32580536912751684 0.020376963172418477 0.015083892617449711
2 0.22081218274111677 0.3245302013422819 0.020249207917419024 0.014446308724832211
3 0.4438217558682247 0.6384563758389262 0.016953122338432203 0.01043624161073827
2 0.5863838449221546 0.7033221476510069 0.021117943651415512 0.014077181208053654
2 0.22289459339760845 0.7046140939597316 0.02107961707491566 0.014278523489932885
3 0.8064678227097742 0.2537080536912752 0.01687646918543264 0.010201342281879135
2 0.8289655231151841 0.700755033557047 0.021692842298913315 0.014731543624160964
3 0.8079370081422683 0.6355536912751679 0.016250468435934987 0.009932885906040193
3 0.9287296017442853 0.6339597315436243 0.016748713930432937 0.010117449664429425
3 0.5653553299492385 0.6371644295302015 0.015394508227438356 0.011946308724832306
3 0.5634006745477464 0.25515100671140944 0.016250468435934987 0.012046979865771827
0 0.08375634517766499 0.9075671140939598 0.008866214696964528 0.010654362416107309