2 0.07955734286748409 0.7649097711267605 0.02116833795443984 0.016006684639084483
2 0.45853473873060696 0.7635618397887324 0.02216260837351202 0.01563810966384248
2 0.3312681250893687 0.7642358054577465 0.021906022458912714 0.015522271814480557
2 0.5858013523718452 0.7628878741197183 0.02153718020667622 0.01476406043683975
2 0.2047712691919282 0.7649097711267605 0.02087967880051564 0.015111573984925145
3 0.18321805236558944 0.6954913072183098 0.017046926701189027 0.010662347498074307
2 0.713581137842282 0.76153994278169 0.021569253446001153 0.01470087615536973
3 0.30971490826302994 0.6954913072183098 0.017175219658488682 0.010620224643761085
2 0.456738637328412 0.3632262323943662 0.02137681401005171 0.015638109663842385
2 0.32947202368717377 0.3642371808978873 0.02198620555722497 0.01558545609595067
3 0.6915147491867448 0.6927954445422535 0.017704428107349613 0.010909819267165517
2 0.07711977667879101 0.36693304357394363 0.02055894640726656 0.015459087533010537
2 0.711528450525488 0.3612043353873239 0.020927788659503108 0.015227411834286973
2 0.5842618368842496 0.3625522667253521 0.020959861898827894 0.01487989828620158
2 0.20284687483243366 0.3659220950704225 0.021200411193764732 0.01498520542198501
3 0.4369815219042682 0.6948173415492956 0.01751198867140017 0.010499121437610105
2 0.8403345796543219 0.7601920114436619 0.02190602245891286 0.014879898286201676
3 0.5647613073747051 0.6941433758802816 0.01751198867140017 0.010541244291923324
3 0.30791880686083506 0.2958296654929577 0.01711107317983889 0.01058336714623683
3 0.4351854205020733 0.29465022557218307 0.017912904162961592 0.01070447035238781
3 0.9460479764692213 0.6907735475352113 0.017303512615788334 0.010541244291923324
3 0.5627086200579109 0.2933022942341549 0.017303512615788334 0.010867696412852108
3 0.18180682983529348 0.2978515625 0.016982780222539236 0.011130964252310775
3 0.8187813628279831 0.6914475132042253 0.017704428107349613 0.010583367146236734
2 0.8387950641667262 0.35985640404929575 0.021537180206676367 0.015280065402178689
3 0.6899752336991491 0.29212285431338025 0.01677430416692733 0.01006209682410874
3 0.8172418473403874 0.2914488886443662 0.015900308395323567 0.009983116472271169
3 0.9445084609816257 0.2907749229753521 0.016710157688277466 0.010220057527783884
0 0.05851729787034389 0.9435106734154929 0.009477642220510568 0.010620224643760896