2 0.22008787735933363 0.2692011443661972 0.021537180206676294 0.015827662508252634
3 0.19853466053299493 0.20180457746478872 0.018410039372497668 0.010746593206701125
3 0.3284299706870666 0.9947183098591548 0.018767426896403816 0.01056338028169004
3 0.32503151643043543 0.19995117187499997 0.017977050641611456 0.010335895377145667
3 0.45443983699149204 0.9947183098591548 0.018767426896403816 0.01056338028169004
3 0.4522981300716737 0.19894022337147885 0.018682661906759365 0.010867696412852108
2 0.47436451872721097 0.2665052816901408 0.022194681612836952 0.015638109663842385
3 0.20242010438264102 0.9947183098591548 0.018767426896403816 0.01056338028169004
2 0.3465847332567741 0.26768472161091544 0.021489070347688898 0.016133053202024617
3 0.5803345014567097 0.19776078345070422 0.01832985627418541 0.011394232091769348
3 0.710481161078144 0.9947183098591548 0.018767426896403816 0.01056338028169004
3 0.5831307642811181 0.9947183098591548 0.018767426896403816 0.01056338028169004
3 0.7076011150979481 0.19658134352992956 0.018538332329797246 0.011088841397997366
3 0.837433587885179 0.9937142385563379 0.01826570979553569 0.010620224643760896
2 0.7296675037534853 0.26448338468309857 0.02232297457013653 0.015459087533010537
3 0.8348677287391864 0.19590737786091547 0.018474185851147386 0.010620224643760992
2 0.6018877182830485 0.26599980743838025 0.021745656262288204 0.014585038306007903
2 0.8569341173947236 0.263640927596831 0.022755963301022884 0.015406433965118822
3 0.5818740169443054 0.5977594080105633 0.01876284500507162 0.011299455669564319
3 0.20007417602059055 0.6001182878521126 0.018474185851147528 0.011299455669564319
3 0.32682761783263026 0.5991073393485915 0.018410039372497668 0.010994064975792335
3 0.45435081738846783 0.5987703565140845 0.01805723373992371 0.010541244291923324
2 0.3481242487443697 0.6681888204225351 0.02153718020667622 0.015459087533010537
2 0.4756474483002073 0.6675148547535211 0.022371084429123854 0.01576447822678252
3 0.7091406305855437 0.5967484595070423 0.01905150415899586 0.011088841397997271
2 0.6034272337706441 0.666840889084507 0.021569253446001153 0.01563810966384248
2 0.22201227171882817 0.6688627860915493 0.022082425275199765 0.015048389703455125
2 0.731207019241081 0.6661669234154929 0.02211449851452455 0.014532384738116282
3 0.9626475142096231 0.19506492077464788 0.018185526697223436 0.010994064975792242
3 0.8364072442267819 0.5960744938380281 0.01841003937249781 0.0112152099609375
3 0.9647002015264173 0.993040272887324 0.01826570979553569 0.01022005752778379
2 0.8589868047115178 0.6644820092429576 0.022371084429124 0.014879898286201676
3 0.9647002015264173 0.595063545334507 0.0186185154281095 0.010867696412852108