2 0.8232277656909284 0.6964653862847223 0.02172059650662579 0.015015920003255209
2 0.6975416996308017 0.6971299913194445 0.021468214847870423 0.015306684705946243
2 0.44692671248681437 0.6991238064236112 0.021294702457476267 0.015784369574652714
2 0.32174540974419835 0.6991238064236112 0.02142089328685395 0.015784369574652714
2 0.5723603968881856 0.698459201388889 0.02142089328685395 0.015130148993598026
0 0.056239904733649794 0.9304063585069445 0.009038418154173259 0.010976367526584076
2 0.19706887031909284 0.6997884114583335 0.020695296017932515 0.015306684705946243
3 0.4252218898338608 0.6313340928819445 0.017083083526997625 0.011142518785264694
3 0.5506555742352321 0.6303371853298612 0.017966419332641134 0.010716756184895834
3 0.30004058709124476 0.6316663953993056 0.016562546355814875 0.009844462076822916
3 0.17574262015427214 0.6323310004340278 0.016641415624175874 0.01084136962890625
3 0.6768464036128693 0.6293402777777778 0.0166414156241758 0.009844462076822916
2 0.69602740967827 0.30285305447048616 0.021673274945609177 0.01519245571560333
2 0.07176137674709916 0.30916680230034727 0.021136963920754214 0.01495361328125
2 0.5708461069356541 0.30401611328125 0.02149976255521488 0.01495361328125
2 0.31997873813291144 0.3063422309027778 0.021878335043347862 0.0157220628526476
2 0.19504981704905064 0.3078375922309028 0.021058094652393198 0.01524437798394094
2 0.8212087124208861 0.3018561469184028 0.020900356115671054 0.015545527140299479
3 0.4237075998813291 0.23722330729166666 0.01722504821004747 0.010597334967719215
2 0.44490765921677217 0.3048468695746528 0.021136963920754266 0.014901691012912294
3 0.54863652096519 0.23572794596354166 0.017556299137163767 0.010275416904025576
2 0.07340185752900845 0.7004530164930556 0.020222080407766338 0.01590898301866313
3 0.8020277063554853 0.6283433702256945 0.016562546355814875 0.009579658508300781
3 0.6743225870253164 0.23473103841145834 0.016247069282370876 0.009543312920464378
3 0.800008653085443 0.23390028211805558 0.01643635552643733 0.010155995686848959
3 0.9272090090981012 0.6273464626736112 0.016499450941125957 0.010036574469672245
3 0.29827391547995785 0.23888481987847224 0.016562546355814875 0.010311762491861979
3 0.17397594854298523 0.24021402994791666 0.01649945094112603 0.010233879089355469
3 0.9251899558280592 0.2334018283420139 0.016704511038864715 0.010192341274685362