3 0.32263394014343105 0.23582151237201363 0.01679156333029118 0.010452218430034084
3 0.3246185385795135 0.6225535942832764 0.017055142810083388 0.010375664095829696
3 0.44642326759407264 0.2348416168941979 0.017318722289875597 0.010707399544048618
3 0.8160547263144251 0.23141198272184296 0.01596981554035072 0.010100068492694068
3 0.4479117164211345 0.6219003306313993 0.01699312410895587 0.010217451805140741
3 0.20244169735818895 0.6232068579351536 0.016543488525780886 0.010258280783383119
3 0.9415805773966388 0.618307380546075 0.016093852942606048 0.009982685180247397
3 0.2007051737266168 0.2371280396757679 0.016605507226908477 0.01078905750053328
3 0.5719491186762863 0.6212470669795221 0.016931105407828207 0.010416493074072074
3 0.6949942217133969 0.6202671715017064 0.01672954462916366 0.01057470536476103
3 0.9395959789605564 0.23059540315699653 0.016481469824653296 0.010217451805140741
3 0.8180393247505076 0.6189606441979522 0.016791563330291324 0.009906130846043007
3 0.5694683706311833 0.2333717736774744 0.01711716151121091 0.010870715457017942
3 0.692513473668294 0.2322285622866894 0.01725670358874808 0.01078905750053328
2 0.7143440564652006 0.29902477069112626 0.0202336012428716 0.013922681580631414
2 0.22352805574156476 0.6895131186006825 0.01942735812821313 0.013769572912222732
2 0.10190938283038838 0.6901663822525597 0.020621218124918995 0.014933198792128906
2 0.46750962597744844 0.30180114121160406 0.020419657346254304 0.014524909009705595
2 0.5903066542100488 0.3008212457337884 0.020342133969844942 0.013769572912222732
2 0.3459529717673996 0.6888598549488054 0.020543694748509488 0.01431055687393344
2 0.3439683733313172 0.30294435260238906 0.020931311630556882 0.014810711857401865
2 0.8373891595023112 0.2980448752133105 0.021179386435067248 0.014198277183767042
2 0.7158325052922624 0.6862468003412969 0.02018708721702607 0.013871645357828583
2 0.4692461496090206 0.6882065912969282 0.02122590046091292 0.014871955324765432
2 0.2216674947077375 0.3045775117320819 0.020621218124918995 0.01442283656409984
2 0.5927874022551518 0.686900063993174 0.020698741501328503 0.013820609135025658
2 0.8393737579383936 0.6855935366894197 0.021380947213731794 0.014249313406569968
2 0.09973872829092323 0.3055574072098976 0.020466171372100054 0.015637498666808844