3 0.200149067759258 0.2464837195889262 0.016490595915717714 0.0103571334941275
2 0.10068586273656016 0.312962064807047 0.01956252342179677 0.014401634267512595
3 0.5638897376332913 0.24262990247483227 0.01655172880141078 0.0103571334941275
3 0.44260209241815146 0.2442356596057047 0.016429463030024648 0.010567889117554519
3 0.6851773828484312 0.24166644819630875 0.015741718065976965 0.00977504653418625
3 0.32058085257469426 0.24503853817114096 0.015627093905302494 0.010086161978292789
0 0.08326299031402243 0.9062893246644296 0.009208140907525432 0.010728464830641922
3 0.20234985164421015 0.6268875838926175 0.016429463030024648 0.010527745189282693
2 0.10264211507873983 0.6924024748322148 0.019791771743145926 0.014512030070260001
3 0.3222925733741015 0.626566432466443 0.016307197258638374 0.01020157577207423
3 0.806954091149116 0.24118472105704702 0.01551246974462788 0.00977504653418625
3 0.686644572105066 0.6243183724832215 0.01713249121549551 0.010397277422399421
3 0.4438247501320138 0.625924129614094 0.016307197258638374 0.010477565278942886
2 0.2210565146663033 0.3119986105285235 0.0199751704002253 0.013899835164114905
2 0.8274947407420026 0.3058967334312081 0.020800464357082292 0.013849655253775192
3 0.566335053061016 0.6249606753355705 0.0161849314872521 0.010608033045826346
3 0.8084212804057508 0.6230337667785235 0.016368330144331512 0.010121287915530578
2 0.3416105652531258 0.3102322776845638 0.020831030799928933 0.014341418375104904
3 0.9277526732787109 0.24054241820469802 0.01521444692687407 0.009965730193477308
2 0.7057180324413179 0.30653903628355705 0.0206323489214262 0.013849655253775192
2 0.4628982104682656 0.3086265205536913 0.0206323489214262 0.014231022572357404
2 0.583941324140633 0.30782364198825507 0.020051586507341616 0.013849655253775192
2 0.2224014381515518 0.6924024748322148 0.01963893952891312 0.013899835164114999
2 0.8289619299986373 0.6885486577181209 0.02132009388547374 0.013638899630348079
3 0.9297089256208906 0.622712615352349 0.016047382494442507 0.00985031639969596
2 0.34356681759530544 0.6917601719798658 0.020403100600077117 0.013960051056522692
2 0.5858975764828127 0.6904755662751679 0.020372534157230476 0.013167208473154422
2 0.7076742847834976 0.6891909605704699 0.020097436171611575 0.013538539809668654
2 0.46460993126767286 0.6911178691275168 0.020999146235585023 0.014401634267512502