3 0.19987954916974962 0.20672881355932202 0.015641400671083217 0.009033898305084734
3 0.567155639679945 0.2023050847457627 0.016467349221371337 0.01118644067796609
3 0.4443861309472597 0.20344067796610169 0.01609309128452203 0.011762711864406772
3 0.6921448851415298 0.5878813559322034 0.01646734922137148 0.01062711864406784
3 0.3231007485158737 0.5901525423728813 0.015602684332788537 0.011016949152542376
2 0.22059279015744646 0.27222033898305087 0.020480942957928246 0.014711864406779683
2 0.4646476813215177 0.269135593220339 0.020222834035963054 0.014101694915254181
2 0.3423685795405661 0.2701186440677966 0.020377699389142214 0.014542372881355922
2 0.8329433020734749 0.2663728813559322 0.020338983050847387 0.014661016949152478
2 0.5879075970059365 0.26816949152542374 0.021048782586251317 0.014491525423728812
2 0.7104189968166567 0.2673559322033898 0.02187473113653958 0.014881355932203348
2 0.22243826894949667 0.656 0.020480942957928246 0.014711864406779492
2 0.5898821302589692 0.6543898305084745 0.02125526972382353 0.014542372881355922
2 0.34409790931773204 0.6556779661016949 0.021293986062118207 0.014949152542372985
2 0.46662221457455044 0.6550338983050847 0.020609997418910876 0.014322033898305145
3 0.20403510281338724 0.9723050847457625 0.016854512604319014 0.010220338983050775
2 0.7128968424675212 0.6534067796610169 0.02148756775359219 0.014593220338983125
2 0.8349178353265079 0.6527627118644067 0.021164931601135938 0.015050847457627204
2 0.09973328744730277 0.27416949152542375 0.019603372623247003 0.014881355932203348
3 0.5711047061860104 0.9723050847457625 0.017990191860965447 0.01062711864406765
3 0.4485804009291921 0.972966101694915 0.017512690355330037 0.010830508474576466
3 0.6926352920932635 0.9716610169491524 0.017383635894347334 0.010423728813559591
3 0.32532048524477325 0.9723050847457625 0.01659640368235404 0.01027118644067779
3 0.8146691903983481 0.9703728813559322 0.016854512604318868 0.009694915254237154
3 0.9376839026069 0.9690677966101695 0.016596403682353753 0.010220338983050775
2 0.09973328744730277 0.6569830508474577 0.02006796868278415 0.012949152542372909
3 0.3219263529209326 0.20513559322033897 0.016415727436978427 0.009474576271186426
3 0.6898864320743354 0.20137288135593218 0.016854512604318868 0.008932203389830515
3 0.8121784393013852 0.20069491525423727 0.01700937795749817 0.00900000000000001
3 0.9348059881269896 0.20011864406779659 0.01675126903553305 0.009644067796610187
3 0.4459864062634431 0.5899661016949153 0.01620924029940622 0.01125423728813549
3 0.568433278843672 0.589457627118644 0.016660930912845175 0.009779661016949034
3 0.8140368235395337 0.587406779661017 0.015938225931343017 0.00972881355932202
3 0.936819237718317 0.586457627118644 0.015512346210100659 0.00849152542372887
3 0.2018540824227824 0.590864406779661 0.016028564054030824 0.010203389830508437