2 0.07692079168379566 0.29466054137323944 0.020879678800515656 0.015280065402178689
2 0.45910551147940937 0.6909523547535211 0.022579560484735837 0.01563810966384248
3 0.43703912282387214 0.6225448393485915 0.01711107317983889 0.010299037879621551
2 0.3320954837527704 0.6916263204225351 0.022547487245410905 0.015522271814480557
2 0.7144084965056838 0.6896044234154929 0.021745656262288058 0.014879898286201676
2 0.20521374898343103 0.6923002860915493 0.02164943654431348 0.015048389703455125
2 0.8416751101469221 0.6882564920774648 0.02216260837351202 0.015406433965118822
3 0.5650754942089082 0.6211969080105633 0.017704428107349613 0.010662347498074307
2 0.5866287110352469 0.690278389084507 0.02153718020667622 0.015585456095950766
3 0.3102856810118324 0.6225448393485915 0.016646011209627675 0.009983116472271073
3 0.9448226478158289 0.2179969465228873 0.01717521965848861 0.009830421125385081
3 0.6923421078501465 0.6201859595070423 0.017511988671400313 0.0099041361204335
0 0.05972953540564452 0.9241444762323943 0.009188983066586385 0.010704470352387717
3 0.18314736032789372 0.6235557878521126 0.017303512615788334 0.010704470352387717
2 0.3300427964359762 0.29179618727992956 0.022419194288111323 0.015764478226782615
2 0.7123558091888896 0.2882578675176056 0.02161736330498862 0.01498520542198501
3 0.8196087214913849 0.6188380281690141 0.01621302247874154 0.009493438290878089
2 0.45730941007721454 0.2902797645246478 0.02182583936060046 0.0160698689205546
2 0.5850891955476514 0.28943730743838025 0.021954132317900037 0.015406433965118822
2 0.2032893546239365 0.2931441186179577 0.021168337954439873 0.015280065402178689
3 0.6902894205333523 0.219513369278169 0.016710157688277466 0.009867278622909339
2 0.8396224228301279 0.287415410431338 0.021697546403300877 0.015522271814480652
3 0.4354996073362766 0.22237772337147887 0.016710157688277466 0.010662347498074402
2 0.07916591843653928 0.6923002860915493 0.02140888724937666 0.01638579032790498
3 0.3082329936950382 0.22389414612676053 0.01723936613713847 0.010335895377145713
3 0.563022806892114 0.22119828345070422 0.017367659094438197 0.010746593206701125
3 0.8180692060037892 0.21900789502640844 0.016710157688277466 0.009567153285926508
3 0.18160784484029813 0.2252420774647887 0.017046926701189027 0.01054124429192342
3 0.9463621633034245 0.6181640625 0.016710157688277466 0.009567153285926415