2 0.09727056962025317 0.7467187500000001 0.021110232067510525 0.015729166666666478
2 0.22082014767932492 0.7460590277777779 0.020081751054852368 0.014322916666666666
2 0.4710574894514768 0.7453819444444445 0.02167721518987356 0.015190972222222286
2 0.34562236286919834 0.7460590277777779 0.021136603375527377 0.014774305555555619
3 0.32416930379746833 0.6789236111111111 0.016772151898734176 0.010520833333333333
2 0.8473496835443038 0.7427256944444445 0.021598101265822785 0.014722222222222286
3 0.20000000000000004 0.6796006944444445 0.016706223628692007 0.010555555555555618
2 0.7216640295358651 0.7440625 0.02082014767932499 0.014496527777777905
3 0.4496044303797469 0.6789236111111111 0.017022679324894468 0.010677083333333334
2 0.5964926160337553 0.7447222222222223 0.020741033755274214 0.014375
2 0.0950685654008439 0.3552604166666667 0.02103111814345989 0.01519097222222219
3 0.7009757383966245 0.6769270833333334 0.017681962025316456 0.010763888888888951
3 0.5752900843881856 0.6776041666666668 0.016824894514767885 0.010642361111111049
2 0.46877637130801686 0.3509375 0.021215717299578156 0.015121527777777715
2 0.21930379746835443 0.35394097222222226 0.02089926160337555 0.014322916666666666
2 0.3436049578059072 0.35260416666666666 0.021294831223628644 0.014895833333333334
3 0.9518459915611814 0.6749479166666666 0.016205168776371213 0.009878472222222285
2 0.8458333333333333 0.3476215277777778 0.02167721518987342 0.014444444444444477
2 0.7201476793248944 0.34861111111111115 0.020978375527426256 0.014375
3 0.8261471518987342 0.6756076388888889 0.016956751054852226 0.010520833333333333
3 0.19771888185654007 0.28597222222222224 0.016890822784810126 0.01109375
3 0.44783755274261605 0.28348958333333335 0.01728639240506329 0.0109375
3 0.3221518987341772 0.2843229166666667 0.017022679324894468 0.010642361111111142
2 0.5944620253164556 0.3499479166666667 0.02034546413502105 0.014166666666666666
3 0.6984440928270043 0.28098958333333335 0.01728639240506329 0.01105902777777781
3 0.5732726793248946 0.2821527777777778 0.01708860759493671 0.011024305555555619
3 0.824129746835443 0.28032986111111113 0.016310654008438626 0.010520833333333333
3 0.9498154008438819 0.2793402777777778 0.016376582278481013 0.01059027777777781
0 0.07733386075949368 0.9334722222222223 0.009177215189873435 0.010885416666666667