2 0.22215690660877938 0.2802046193372484 0.020448950264346934 0.015084081048133366
3 0.20149399124450654 0.21485030411073827 0.01740758920111448 0.010567889117554519
3 0.9321542410486152 0.9692350041946309 0.017071358329802225 0.00925819345768673
2 0.34283322296698804 0.2787594379194631 0.021197828114087613 0.015495556312919424
3 0.3222925733741015 0.21340512269295303 0.01794250195092918 0.010527745189282716
2 0.46436539972490043 0.27763540792785235 0.021274244221203924 0.015254692743288558
2 0.7081633478690423 0.2757084993708054 0.020999146235585023 0.014562209980599808
3 0.4435802185892414 0.21195994127516782 0.017545138193924004 0.010477565278942932
2 0.5863866395683577 0.2773142565016779 0.02052536637146325 0.014401634267512595
3 0.6871336351906109 0.21019360843120807 0.01788136906523604 0.010808752687185385
3 0.5653569268899261 0.21115706270973159 0.01713249121549551 0.011019508310612427
3 0.8079322173202059 0.20906957843959736 0.017606271079617142 0.010201575772074254
2 0.8289619299986373 0.2749056208053691 0.021442359656860015 0.014562209980599808
3 0.20320571204391374 0.5941301384228188 0.01754513819392393 0.010768608758913653
2 0.22411315895095904 0.6602873322147652 0.02055593281430989 0.014512030070260001
3 0.8108665958334753 0.96987730704698 0.017606271079617142 0.01004601805002115
3 0.2054064959288659 0.971804215604027 0.01760627107961707 0.010086161978292693
3 0.32424882571628116 0.5934878355704699 0.01780495295811973 0.010608033045826346
3 0.9297089256208906 0.20874842701342283 0.017468722086807692 0.010688320902369975
2 0.34454494376639533 0.6596450293624162 0.020754614692812475 0.014903433370910192
3 0.44553647093142107 0.5928455327181209 0.01804948450089213 0.01000587412174923
3 0.6900680137038804 0.9711619127516778 0.01774382007242659 0.010086161978292693
3 0.5687803684887406 0.971804215604027 0.01774382007242659 0.009930604256239425
2 0.4660771205243076 0.6590027265100672 0.021151978449817796 0.015134260958473079
3 0.8098884696623856 0.5899551698825504 0.01808005094373877 0.010527745189282693
3 0.5673131792321058 0.5918820784395974 0.017667403965310132 0.010808752687185385
2 0.8309181823408169 0.6561123636744968 0.021518775763976473 0.014180842662017691
3 0.6886008244472457 0.5909186241610739 0.018507981143590587 0.010648176974098079
2 0.5878538288249924 0.6583604236577182 0.02032668449296066 0.014401634267512502
3 0.32571601497291597 0.972446518456376 0.01774382007242659 0.010121287915530578
3 0.4465145971025109 0.972446518456376 0.017331173093998096 0.009699776668676729
2 0.7096305371256773 0.6577181208053692 0.020831030799928933 0.013377964096581346
3 0.9316651779630702 0.5893128670302015 0.017804952958119583 0.010241719700346152