2 0.4646075358566416 0.27875838926174495 0.02148843389091405 0.015369127516778557
3 0.3259547576056962 0.9730872483221479 0.017885735699928434 0.01
3 0.44406449085272376 0.2134060402684564 0.017885735699928396 0.010805369127516755
3 0.2019810581541921 0.21629194630872486 0.017413041256430374 0.010318791946308727
2 0.34307396177562777 0.2800503355704698 0.020632473682417416 0.01550335570469798
3 0.32253091677170986 0.2148489932885906 0.017068102067931693 0.010402684563758365
2 0.22239634790311044 0.2818120805369128 0.02037696317241851 0.014563758389261732
3 0.44700286171771203 0.9730872483221479 0.01754079651142986 0.010050335570469996
3 0.5658407999182368 0.21244966442953023 0.0174130412564303 0.010973154362416129
3 0.20614587946717547 0.9730872483221479 0.01754079651142986 0.010050335570469996
3 0.6905554798487378 0.9724496644295304 0.017809082546928836 0.010083892617449616
3 0.6871316390147516 0.21098993288590606 0.017745204919429127 0.010805369127516755
2 0.7081601539876674 0.2769966442953021 0.020926310768916535 0.01468120805369125
3 0.8113608489762547 0.9711577181208054 0.017068102067931475 0.009664429530201156
2 0.5863838449221546 0.27795302013422823 0.02060692263141756 0.014614093959731539
3 0.8084224781112663 0.21035234899328864 0.017464143358430297 0.01028523489932887
2 0.8294509930841822 0.2761912751677853 0.02161618914591361 0.01520134228187923
3 0.5673099853507308 0.5915604026845639 0.01760467413892957 0.010855704697986539
3 0.20369297857118523 0.5941275167785236 0.017413041256430374 0.010687919463087307
3 0.324498347698702 0.5931711409395973 0.017668551766429348 0.01043624161073827
2 0.5878530303546486 0.6573993288590605 0.020632473682417416 0.014899328859060385
2 0.34478588219262085 0.659010067114094 0.020453616325418148 0.01520134228187904
3 0.44603192177971596 0.59251677852349 0.017809082546928836 0.010167785234899232
3 0.6890862944162437 0.5906040268456377 0.01815402173542737 0.010721476510067116
2 0.46607672128913574 0.6583557046979867 0.02107961707491566 0.015083892617449616
2 0.22436377883010258 0.6596476510067114 0.020760228937416976 0.014446308724832307
3 0.9301987871767793 0.20954697986577184 0.017540796511429715 0.010570469798657717
2 0.7096293394201616 0.6564261744966444 0.020249207917418882 0.014513422818791923
3 0.8103771335127586 0.5896308724832215 0.01741304125643059 0.010570469798657693
2 0.8314056484856744 0.6554697986577183 0.021399005212414484 0.014681208053691346
3 0.9326389125472695 0.9705201342281878 0.017272510475930886 0.009362416107382312
3 0.9321534425782715 0.5886744966442954 0.018013490954927956 0.010167785234899232
3 0.5684981092222261 0.9740771812080536 0.02107961707491566 0.013406040268456536