3 0.3203363210319218 0.24616256816275167 0.017010225444109198 0.010276845637583942
3 0.6856664459339761 0.242469326761745 0.01661286168710406 0.010527745189282693
3 0.9287307994498009 0.2408635696308725 0.01592511672305652 0.010161431843802405
3 0.3222925733741015 0.626566432466443 0.016689277794220372 0.010241719700346152
3 0.2003935993020305 0.24792890100671144 0.016368330144331512 0.01068832090237
3 0.807443154234661 0.241827023909396 0.01562709390530242 0.009850316399695866
3 0.566335053061016 0.6256029781879195 0.01655172880141078 0.010477565278942886
3 0.44431381321755875 0.626566432466443 0.016490595915717787 0.010046018050020962
3 0.20234985164421015 0.6272087353187921 0.016429463030024648 0.010161431843802499
3 0.6876226982761559 0.6243183724832215 0.01694909255841595 0.01072846483064173
3 0.9311761148775254 0.6230337667785235 0.015802850951670246 0.00973992059694846
3 0.5638897376332913 0.24375393246644297 0.016811543565606647 0.010728464830641826
2 0.5844303872261779 0.3092688234060403 0.019715355636029577 0.013899835164114905
3 0.44260209241815146 0.24503853817114096 0.01687267645129964 0.010608033045826346
2 0.10300891239289853 0.6924024748322148 0.020831030799928898 0.014512030070260001
3 0.8089103434912956 0.6230337667785235 0.01661286168710406 0.010046018050020962
2 0.7066961586124076 0.3081447934144296 0.02005158650734176 0.013799475343435385
2 0.4628982104682656 0.3102322776845638 0.020754614692812475 0.014120626769609904
2 0.22276823546571053 0.6917601719798658 0.019745922078876075 0.013749295433095578
2 0.34356681759530544 0.6917601719798658 0.020678198585696164 0.013849655253775192
2 0.3416105652531258 0.3119986105285235 0.02055593281430989 0.014682641765415288
2 0.8279838038275475 0.30702076342281887 0.020479516707193574 0.013849655253775192
2 0.2210565146663033 0.31360436765939603 0.019944603957378734 0.014010230966862405
2 0.7081633478690423 0.6891909605704699 0.020021020064495118 0.013227424365562115
2 0.4650989943532178 0.6911178691275168 0.02104499589985484 0.014070446859270192
2 0.5863866395683577 0.6898332634228188 0.020204418721574385 0.013227424365562115
2 0.8299400561697272 0.6885486577181209 0.021243677778357284 0.013749295433095578
2 0.10105266005071885 0.31456782193791955 0.019975170400225267 0.015314908635696345
0 0.0839965849423398 0.9082162332214765 0.008795493929096902 0.010397277422399232