3 0.2004734473892405 0.2069430881076389 0.01782445464959122 0.010353300306532134
3 0.5755125922995781 0.20262315538194445 0.018029514747329906 0.010893291897243907
3 0.5770268822521097 0.5983954535590278 0.018802433577267883 0.011059443155924479
3 0.7027129483122364 0.5973985460069445 0.018171479430379747 0.010394838121202194
3 0.45184557950949367 0.59906005859375 0.018660468894218043 0.010716756184895834
3 0.32514998681434604 0.2054477267795139 0.018108384015690978 0.010716756184895834
3 0.8263799611023207 0.2006293402777778 0.017887550064280063 0.010114457872178803
2 0.34811671776107594 0.6665174696180556 0.02187833504334779 0.016095903184678757
3 0.20211392817114981 0.6007215711805556 0.01761939455185261 0.010555797153049109
2 0.4735504021624473 0.6665174696180556 0.021594405677248105 0.015483220418294271
3 0.450331289556962 0.20378621419270837 0.01845540879647943 0.011184056599934896
3 0.3269166584256329 0.6000569661458334 0.01823457484506852 0.010036574469672245
3 0.8289037776898734 0.5967339409722223 0.018376539528118505 0.0096938874986436
3 0.7011986583597047 0.20146009657118058 0.017288143624736383 0.010000228881835938
2 0.5992364682225739 0.6658528645833334 0.022209585970464088 0.014839384290907181
2 0.2234401783359705 0.6678466796875001 0.021594405677248178 0.015483220418294271
2 0.7244177709651899 0.6651882595486112 0.021547084116231636 0.01495361328125
0 0.08261121275052744 0.9210611979166666 0.009251365178748023 0.010353300306531992
3 0.7037224749472575 0.9901801215277779 0.018029514747329906 0.010436375935872396
3 0.9515612638449367 0.19963243272569445 0.018029514747329906 0.010633680555555572
3 0.32868333003691985 0.9908447265625 0.017887550064280063 0.010472721523708893
2 0.849599073707806 0.664523654513889 0.02195720431170886 0.015306684705946243
3 0.45361225112078063 0.9908447265625 0.01831344411342959 0.010353300306531992
3 0.5785411722046414 0.9908447265625 0.018171479430379747 0.010353300306531992
2 0.10160293257186183 0.27523125542534727 0.014535606158936589 0.015067842271592913
2 0.3466024278085443 0.27224053276909727 0.02205184743374209 0.016282823350694475
3 0.829408541007384 0.9888509114583334 0.017966419332640992 0.010192341274685456
3 0.2045115539293249 0.9908447265625 0.01782445464959122 0.010353300306531992
3 0.9540850804324895 0.595737033420139 0.01831344411342959 0.010311762491861979
2 0.7223987176951477 0.268585205078125 0.02217803826311963 0.015545527140299479
2 0.2217996975540612 0.2735697428385417 0.021752144213970176 0.016345130072699686
3 0.9540850804324895 0.987521701388889 0.017761359234902522 0.010472721523708893
2 0.5972174149525317 0.2702467176649306 0.02195720431170886 0.01530668470594615
2 0.8480847837552744 0.2679206000434028 0.021752144213970103 0.015659756130642393
2 0.47178373055116035 0.2717420789930556 0.02154708411623149 0.01519245571560333
2 0.10330650876845993 0.6685112847222223 0.013880991231540072 0.015545527140299479