3 0.21306438685546353 0.9956140350877193 0.017365749398877896 0.008771929824561464
3 0.3386321132781191 0.9956140350877193 0.017365749398877965 0.008771929824561464
3 0.7193427731765963 0.994736842105263 0.017365749398877965 0.010526315789473604
3 0.5924392198771039 0.994736842105263 0.017365749398877965 0.010526315789473604
3 0.4662035800160299 0.994736842105263 0.016029922522041166 0.010526315789473604
3 0.8470344643334223 0.9941929824561403 0.017045150948437192 0.01033333333333341
1 0.2117819930537002 0.6006315789473684 0.016711194229227885 0.010140350877193024
1 0.3379641998397008 0.5996315789473684 0.016777985573069688 0.010140350877193024
1 0.7191824739513758 0.5969298245614034 0.016657761154154398 0.009649122807017534
1 0.4647742452578146 0.5989473684210526 0.016711194229227812 0.009649122807017534
1 0.8460058776382582 0.5959298245614035 0.01627037135987189 0.009245614035087708
1 0.592372428533262 0.5982807017543859 0.0171787336361208 0.009789473684210558
1 0.9702644937216137 0.9935087719298245 0.01098049692759825 0.01054385964912285
0 0.08649479027518032 0.9384385964912281 0.010085492920117551 0.01054385964912285
1 0.97078546620358 0.5949298245614035 0.009778252738445058 0.008824561403508634
1 0.10703980764092973 0.2742280701754386 0.020718674859738176 0.012649122807017552