2 0.067582892320985 0.6924113475177305 0.021425099902797288 0.015567375886524815
3 0.8137892861000107 0.6201241134751773 0.01722648234150564 0.01024822695035463
3 0.6851036829031213 0.6211524822695035 0.017969003132087706 0.011294326241134816
3 0.9429879036613025 0.619450354609929 0.017037477049357302 0.009592198581560183
3 0.29981639485905603 0.6235283687943263 0.017293984231558517 0.010656028368794257
3 0.17254833135327788 0.6242021276595744 0.017550491413759587 0.011028368794326298
3 0.5569310940706339 0.6221631205673759 0.017361486121611393 0.011170212765957406
2 0.4502106058969651 0.691063829787234 0.022572632033696985 0.01526595744680852
3 0.4282454908737444 0.622854609929078 0.01742898801166427 0.01086879432624111
2 0.3217815098822767 0.6917375886524822 0.02161410519494543 0.014680851063829815
2 0.707325305108543 0.6896985815602837 0.021425099902797236 0.01475177304964556
2 0.1942569391942974 0.6924113475177305 0.02103358894049034 0.01475177304964556
2 0.5786397019116536 0.691063829787234 0.02193811426719952 0.014521276595744818
2 0.06550383410735501 0.29398936170212764 0.020750081002268068 0.01586879432624111
3 0.8117237282643914 0.21695035460992912 0.0167674694891458 0.010407801418439722
2 0.8354978939410304 0.6883510638297872 0.02296414299600395 0.015159574468084998
3 0.9409223458256831 0.21593971631205672 0.01669996759909249 0.010744680851063795
2 0.192582892320985 0.2928014184397163 0.021195593476617314 0.014982269503546112
2 0.7052597472729236 0.28719858156028366 0.021533102926882125 0.014627659574468054
2 0.5765741440760341 0.28838652482269506 0.020993087806458543 0.014804964539007131
2 0.3202289664110595 0.29127659574468084 0.02156010368290313 0.015336879432624073
3 0.29800734420563774 0.22136524822695033 0.01717248082946327 0.010656028368794352
2 0.4484015552435468 0.2890780141843971 0.02153310292688198 0.015212765957446759
3 0.5543525218706123 0.21882978723404253 0.01796900313208756 0.01086879432624111
3 0.6830381250675019 0.2176418439716312 0.017766497461928935 0.010656028368794352
2 0.8339453504698132 0.2861879432624113 0.02201911653526283 0.014929078014184445
3 0.4266929474025273 0.22017730496453902 0.017766497461928935 0.011205673758865279
3 0.1706177772977643 0.22289007092198584 0.01742898801166434 0.011471631205673797
0 0.047359326061129706 0.9204787234042552 0.009882276703747691 0.011560283687943335