3 0.20104088563489614 0.20742160278745647 0.01681735985533453 0.01
3 0.7031402990340934 0.2014808362369338 0.01649980152604436 0.011271777003484307
3 0.45164733383319366 0.20351916376306622 0.016698275481850707 0.012090592334494754
3 0.5775195166056544 0.20214285714285715 0.016764433467119488 0.011707317073170742
3 0.20256251929607905 0.5996341463414635 0.016499801526044217 0.01158536585365842
3 0.327296784721916 0.5993031358885018 0.01582499007630229 0.01132404181184673
3 0.7051647333833194 0.5969686411149827 0.016883517840603383 0.011062717770034852
3 0.954871432981961 0.19930313588850176 0.017677413663829057 0.011271777003484307
3 0.45375115776474223 0.5982926829268294 0.016949675825872167 0.01167247386759584
3 0.8297666828386188 0.5962891986062718 0.01649980152604436 0.010104529616724752
3 0.5790411502668372 0.5976306620209061 0.017889119216689363 0.011219512195121979
3 0.9569090989282407 0.5952961672473868 0.01649980152604436 0.011062717770034852
2 0.3470515591231862 0.2735017421602788 0.020852996956732626 0.015540069686411187
2 0.8500242579279319 0.26817073170731714 0.021051470912539116 0.015121951219512179
2 0.22219820932386541 0.2743379790940767 0.020694217792087504 0.015662020905923366
2 0.5987959246681075 0.2701742160278746 0.020998544524324148 0.014547038327526138
2 0.7249195077845897 0.2693379790940767 0.02228200943853907 0.015069686411149802
2 0.47317514223966833 0.27266550522648086 0.021289639659506907 0.014721254355400693
2 0.2242226436730914 0.6683275261324042 0.02061482820976491 0.015296167247386734
2 0.34882459312839065 0.6676480836236934 0.021699819168173557 0.015662020905923366
2 0.7269439421338156 0.6656620209059234 0.0220306090945179 0.015418118466899007
2 0.09815198694482426 0.27616724738675963 0.020072332730560548 0.015418118466899007
2 0.47444537555682975 0.6669860627177701 0.021183786883076827 0.015243902439024359
2 0.6008203590173334 0.6666550522648084 0.021699819168173557 0.015365853658536632
3 0.20483835398932654 0.992439024390244 0.017558329290345308 0.010470383275261383
2 0.852048692277158 0.6649825783972125 0.021541040003528366 0.015365853658536632
3 0.7061703347594056 0.9918815331010453 0.018166982754818595 0.010714285714285931
3 0.45569620253164556 0.9931184668989547 0.017889119216689363 0.010714285714285931
3 0.5810655846160632 0.992439024390244 0.018087593172495853 0.01043554006968634
3 0.8317911171878446 0.9911149825783973 0.0171481497816788 0.010156794425087127
3 0.32932121907114187 0.992439024390244 0.016883517840603383 0.010034843205575043
3 0.9573325100339612 0.9891114982578398 0.01694967582587202 0.010261324041811879
2 0.09828430291536189 0.6689895470383275 0.020456049045119752 0.014059233449477423
3 0.3260133198077008 0.20519163763066203 0.017187844572839953 0.01050522648083619
3 0.8285626075067262 0.20101045296167247 0.017254002558108737 0.008954703832752577