3 0.19394717774025638 0.24374337923728812 0.016920753839370205 0.010715911347987325
2 0.09378125537726921 0.3105733580508474 0.019607077897810375 0.014375744835805051
3 0.3158507108749892 0.24212129237288132 0.016658296891131803 0.009915005958686435
3 0.806923099673062 0.23855270127118644 0.015670223674234256 0.009915005958686435
3 0.5613869052740256 0.24001257944915252 0.017306719939720813 0.010421908103813564
3 0.4388658263787318 0.2414724576271186 0.016982508415426343 0.010462460275423762
3 0.6839079841693194 0.23887711864406777 0.016210576214725134 0.009915005958686435
3 0.19555279671771486 0.6285023834745762 0.017121456211552543 0.010224216267214009
2 0.09575740181106426 0.6943591101694915 0.01999304399816098 0.014771128509004257
3 0.9299382151768046 0.23709282309322036 0.015855487402402526 0.010264768438824111
0 0.07624295577733804 0.9104210805084745 0.009093361324260096 0.010715911347987231
3 0.31757983900455994 0.6278535487288136 0.016720051467187868 0.010188733117055145
3 0.44034793620407814 0.6275291313559321 0.016858999263314068 0.010107628773834752
2 0.2150672427514411 0.30943789724576265 0.020178307726329246 0.014102017677436436
3 0.6858841306031145 0.6255826271186441 0.017044262991482338 0.010305320610434402
3 0.8084052094984083 0.624609375 0.016411278586907326 0.009686899993379256
2 0.8276726372279102 0.30359838453389826 0.020965678571044383 0.01442643505031782
3 0.5633630517078208 0.6268802966101695 0.016148821638668997 0.010381355932203367
2 0.33709428503828615 0.30749139300847456 0.020811292130904255 0.01442643505031782
2 0.7051515583326163 0.3045716366525424 0.02037901009851144 0.013990499205508513
3 0.9319143616105997 0.6239605402542372 0.016287769434795343 0.00987445378707624
2 0.5821364428288738 0.30570709745762714 0.01983865755802071 0.01382829051906782
2 0.45961536393357993 0.3063559322033898 0.020456203318581646 0.014213536149364358
2 0.21667286172889957 0.6937102754237288 0.01983865755802071 0.013990499205508513
2 0.8296487836617052 0.6898172669491525 0.021459715179493192 0.013939808990995744
2 0.3388234131678568 0.6937102754237288 0.020965678571044526 0.014325054621292375
2 0.5841125892626688 0.6917637711864407 0.020764976198862188 0.013676219875529607
2 0.7066336681579627 0.6911149364406779 0.02033269416646937 0.01351401118908901
2 0.46134449206315065 0.6924126059322033 0.020934801283016388 0.014426435050317725