2 0.10429335769280959 0.7388028824604351 0.020488059506720578 0.015308761162638245
2 0.4737700639436252 0.7374926731717407 0.020762103614772313 0.014843292073233733
2 0.34964113271564656 0.738147777816088 0.020918700247944608 0.014670896114195144
2 0.22686937230849533 0.7388028824604351 0.020448910348427503 0.014515739751060243
3 0.20601592065770585 0.6714995000517188 0.016390447605376463 0.01086094541943927
2 0.5976641002218451 0.7374926731717407 0.020566357823306763 0.013739957935386118
3 0.32865718387054677 0.6708443954073715 0.01665144199399705 0.01094714339895885
2 0.8459480621166643 0.7348550149984483 0.02164948453608223 0.014170947832982875
2 0.10247944669189611 0.34877426473123463 0.02001826960720344 0.015015688032272512
3 0.7010700769933446 0.6681894976381753 0.01731697768497978 0.010757507844016193
3 0.4525512201487668 0.6701720511671206 0.016781939188307417 0.010516153501361902
2 0.7220540258384444 0.7368375685273937 0.020527208665013653 0.013274488845981605
2 0.4720214015398668 0.34482639726924796 0.020409761190134466 0.01473985449781056
2 0.5961633824872764 0.34415405302899693 0.020253164556962026 0.014119229045271147
2 0.34789247031188825 0.3461366065579422 0.021166644917134304 0.015084646415888024
3 0.9488581495497846 0.6662241837051339 0.01696463526034193 0.010154121987380657
3 0.5771890904345556 0.6695169465227734 0.016781939188307417 0.01110229976209375
3 0.2038888163904476 0.28047098576009377 0.016847187785462674 0.010860945419439366
2 0.7205533081038756 0.34317139606247626 0.020527208665013653 0.014464020963348609
2 0.22499021271042668 0.34811916008688754 0.020605506981599943 0.01473985449781056
3 0.8249641132715645 0.666879288349481 0.016716690591152092 0.010567872289073537
3 0.5751924833616077 0.2768506706202806 0.016781939188307417 0.010688549460400586
3 0.4512984470833876 0.27783332758680135 0.016912436382617784 0.010447195117746486
2 0.8439514550437165 0.34217149950005166 0.020448910348427718 0.014395062579733192
3 0.6990734699203967 0.27535082577664377 0.01665144199399705 0.010860945419439366
3 0.32690852146678845 0.2789883805123608 0.016077254339031725 0.010154121987380561
3 0.9468615424768367 0.2740406164879495 0.016207751533342092 0.010274799158707708
3 0.8234633955369959 0.2746957211322966 0.015894558266997212 0.010085163603765145
0 0.08449693331593369 0.9183187946074542 0.009200052198877732 0.010447195117746201
0 0.09710296228631082 0.6154018549805192 0.007568837269998722 0.01044719511774639