3 0.5813740275580169 0.6485053168402778 0.017887550064280063 0.010758293999566036
3 0.5793549742879748 0.2533976236979167 0.017288143624736237 0.010633680555555525
3 0.45594034315664556 0.649169921875 0.017019988112308856 0.01059733496771912
3 0.8307271064082279 0.25140380859375 0.015765966745368443 0.010436375935872396
3 0.7045362770305909 0.2522345648871528 0.01701998811230871 0.01075829399956594
3 0.3305066587552743 0.6495022243923612 0.016956892697619942 0.01084136962890625
3 0.20658726430643462 0.6504991319444445 0.016562546355814875 0.010799831814236048
3 0.9548988825158228 0.2510715060763889 0.01643635552643733 0.010275416904025576
3 0.8317366330432491 0.64617919921875 0.017083083526997625 0.010555797153049109
3 0.20456821103639242 0.25804985894097227 0.017083083526997625 0.0112359788682726
3 0.7065553303006329 0.6471761067708334 0.017414334454113924 0.01084136962890625
2 0.22778732364187765 0.7182888454861112 0.020584879042227056 0.014839384290907181
3 0.956917935785865 0.6451822916666666 0.017146178941686543 0.010192341274685266
3 0.45442605320411394 0.25472683376736116 0.017083083526997625 0.01075829399956594
2 0.6005550336234178 0.3218519422743056 0.021136963920754266 0.014777077568901878
2 0.47537373088080176 0.3228488498263889 0.020900356115671197 0.01524437798394094
2 0.3501924281381857 0.3240119086371528 0.021831013482331175 0.01530668470594615
2 0.7262410996835443 0.3206888834635417 0.0207426175789492 0.01455900404188365
2 0.10462507416930379 0.7182888454861112 0.02037981894448841 0.015846676296657924
2 0.35221148140822783 0.717624240451389 0.021026546945048737 0.01490169101291239
2 0.6025740868934599 0.7162950303819445 0.021026546945048737 0.014112472534179688
3 0.32899236880274263 0.2563883463541667 0.017019988112308856 0.010394838121202288
2 0.7282601529535866 0.7156304253472223 0.020931903823015654 0.013624403211805618
2 0.22602065203059074 0.3256734212239583 0.02110541621340981 0.015130148993598122
2 0.4773927841508439 0.7162950303819445 0.021594405677248105 0.015420913696289062
2 0.8514224024261604 0.31935967339409727 0.02085303455465444 0.015067842271592913
2 0.8534414556962026 0.7136366102430556 0.022351550653514074 0.014559004041883743
2 0.1022274484111287 0.3270026312934028 0.020695296017932477 0.015420913696289062