3 0.1982534629613697 0.9778983050847457 0.017383635894347476 0.01054237288135596
3 0.3196678998537383 0.9778983050847457 0.017048094295792852 0.010762711864406735
2 0.21715994149531104 0.6632203389830508 0.020971349909661884 0.015118644067796557
3 0.4421922051105566 0.9778983050847457 0.017925664630474025 0.01027118644067779
3 0.6874731136539619 0.9772542372881355 0.017848231953884373 0.010220338983050775
3 0.5644584014454099 0.9778983050847457 0.018119246321947863 0.010305084745762466
2 0.3389357308784307 0.6625593220338982 0.021139120708939196 0.015237288135593304
3 0.8099974189107804 0.9759491525423728 0.017383635894347334 0.009796610169491562
2 0.46170523961111587 0.6625593220338982 0.021010066247956635 0.015
2 0.5847199518196678 0.6619152542372881 0.02173277122945894 0.014372881355932161
2 0.7072442570764862 0.6606271186440678 0.021010066247956635 0.014542372881355922
3 0.1960337262324701 0.5983389830508474 0.01704809429579278 0.009881355932203443
2 0.8297556568872063 0.6599661016949152 0.021461756861395738 0.014491525423728717
3 0.3181837735524391 0.5973559322033899 0.01744816312483861 0.009389830508474499
3 0.4404628753333907 0.5970338983050848 0.01784823195388466 0.0101864406779661
3 0.6864922997504946 0.5950847457627119 0.01717714875677541 0.009881355932203443
3 0.5629742751441108 0.5957288135593221 0.017990191860965447 0.010508474576271283
3 0.8090166050073131 0.5941186440677965 0.01764174481631245 0.009610169491525274
3 0.9320313172158651 0.9753050847457626 0.016777079927729508 0.010152542372881422
2 0.09617138432418479 0.6645084745762712 0.019203303794201133 0.014593220338983125
3 0.9315280048180331 0.593457627118644 0.017590123031919543 0.010067796610169542
0 0.0795620751957326 0.9110677966101693 0.009059623160973949 0.010423728813559591
2 0.8282715305859072 0.2731016949152542 0.020609997418910734 0.014830508474576239
1 0.9305471909145658 0.2059491525423729 0.015009033812268938 0.008389830508474555
1 0.7062505377269207 0.2700169491525424 0.018699991396369377 0.007796610169491582