0 0.06438673068529027 0.9175 0.009703186381492791 0.010724137931034647
2 0.2070013094718464 0.7095862068965518 0.02088607594936709 0.014672413793103373
2 0.7044041903099083 0.706948275862069 0.02075512876473153 0.014224137931034496
3 0.9304845045831517 0.24525862068965518 0.017023134002619074 0.010448275862068973
2 0.3306940200785684 0.7089310344827586 0.02152771715408119 0.015086206896551744
2 0.8287254474028809 0.7062931034482759 0.021567001309472002 0.014793103448276005
2 0.4550152771715409 0.7082758620689656 0.021684853775643716 0.015310344827586277
2 0.08388476647752074 0.7095862068965518 0.0212789175032737 0.015620689655172366
2 0.5795853339153209 0.7076034482758622 0.020990833697075537 0.014672413793103373
2 0.32893932780445223 0.3172068965517241 0.021855085115670088 0.015137931034482695
2 0.4535093845482322 0.3162241379310345 0.021121780881711096 0.015310344827586182
2 0.08206460061108686 0.32017241379310346 0.02051942383238759 0.014672413793103469
2 0.5780794412920122 0.31522413793103454 0.0212396333478831 0.01451724137931033
2 0.20512876473155828 0.3185344827586207 0.0209122653862942 0.014672413793103469
2 0.7028982976865997 0.3140689655172414 0.020702749890877305 0.014568965517241376
3 0.9319903972064602 0.6369827586206896 0.01710170231340012 0.009741379310344769
2 0.8272195547795724 0.31308620689655176 0.021121780881711096 0.014965517241379303
3 0.43371017023134006 0.640948275862069 0.016839807944129287 0.011017241379310387
3 0.8056656481885639 0.2459310344827586 0.016263640331732825 0.010086206896551743
3 0.3088913138367525 0.640948275862069 0.017023134002618928 0.010482758620689765
3 0.18557835006547357 0.6419310344827587 0.017023134002618928 0.011465517241379265
3 0.5585290266259275 0.640293103448276 0.016656481885639503 0.010948275862068991
3 0.6828502837189002 0.6389655172413794 0.016774334351811363 0.010862068965517249
3 0.18382365779135748 0.2521896551724138 0.017494543867306873 0.011017241379310292
3 0.6813443910955915 0.24641379310344827 0.016839807944129002 0.010637931034482809
3 0.8076691401134876 0.6379827586206896 0.0161981667394149 0.010051724137931047
3 0.30763422086425146 0.2503793103448276 0.017232649498035754 0.01068965517241376
3 0.43245307725883897 0.24939655172413794 0.01710170231340012 0.011206896551724127
3 0.556525534701004 0.2485689655172414 0.01710170231340012 0.011103448275862036