2 0.7114933752043362 0.2781878972457627 0.021166380943226867 0.014598781779660992
3 0.20004197630775183 0.21687301377118642 0.01798602027633789 0.01054356461864406
2 0.5884782597005936 0.2796477754237288 0.020487080606609788 0.014375744835805051
2 0.4652161258926267 0.28013440148305085 0.0215369083995634 0.015288168697033862
3 0.32194550944248473 0.21573755296610167 0.017445667735847013 0.010421908103813564
2 0.8340144540996299 0.2775390625 0.02203094500801221 0.015409825211864358
3 0.44471360664200293 0.21443988347457624 0.01784707248021169 0.010797015691207624
3 0.6902498010410393 0.21216896186440679 0.01784707248021169 0.010675359176377129
3 0.8127708799363331 0.21119570974576268 0.017646370108029205 0.010345872782044505
2 0.3424480286931085 0.28110765360169493 0.021011994503086596 0.015592309984110196
2 0.22079151386260001 0.28272974046610166 0.020687782978792053 0.015288168697033862
3 0.5672346855372967 0.21330442266949148 0.01750742231190315 0.011050466763771189
0 0.08054687163920675 0.9161546610169491 0.009093361324260096 0.010345872782044505
3 0.20164759528521034 0.6014698093220339 0.017584615531973213 0.011354608050847521
2 0.7129754850296824 0.6650556144067796 0.020965678571044383 0.013990499205508513
2 0.835990600533425 0.6634335275423728 0.0215369083995634 0.01465961003707624
2 0.5899603695259399 0.6657044491525423 0.020842169418932254 0.014771128509004257
3 0.32342761926783103 0.6004965572033898 0.017584615531973213 0.010797015691207624
2 0.34442417512690354 0.6670021186440678 0.021413399247451125 0.015115821967690598
3 0.9357859954400758 0.21070908368644067 0.017507422311903005 0.01050301244703391
2 0.22276766029639505 0.6676509533898305 0.020965678571044456 0.01454809156514822
3 0.4464427347715736 0.5998477224576271 0.01806321349640795 0.010305320610434402
3 0.6922259474748343 0.5982256355932203 0.018063213496408097 0.010756463519597522
2 0.46694525402219733 0.6663532838983051 0.021583224331605467 0.015531481726694855
3 0.5692108319710918 0.5991988877118644 0.01764637010802935 0.010837567862817726
3 0.8147470263701281 0.5972523834745762 0.017785317904155697 0.010345872782044505
3 0.9377621418738706 0.5966035487288136 0.01784707248021169 0.010345872782044505
3 0.20411777832745417 0.9829846398305085 0.018202161292534224 0.010675359176376938
3 0.32540376570162605 0.9829846398305085 0.018202161292534155 0.010503012447034053
3 0.6932140206917318 0.9823358050847457 0.01812496807246409 0.010421908103813469
3 0.4474308079884711 0.9829846398305085 0.01792426570028175 0.010675359176376938
3 0.570692941796438 0.9829846398305085 0.018402863664716492 0.010715911347987231
3 0.8157350995870257 0.9810381355932202 0.017507422311903005 0.010421908103813469
3 0.9377621418738706 0.9797404661016949 0.017584615531973213 0.01006707660222446