2 0.2192396510434485 0.7096114864864864 0.02028309955525145 0.014442567567567531
2 0.3401813205610674 0.7089695945945946 0.02112983236400963 0.014712837837837849
2 0.5840275401984264 0.7076858108108108 0.02071929524461168 0.013834459459459558
3 0.9278138898392063 0.2547128378378378 0.015869825521724147 0.010033783783783766
2 0.7063162846390695 0.7063851351351351 0.020411392405063292 0.013733108108108164
2 0.4624700650017107 0.7083277027027027 0.021245295928840186 0.015236486486486456
2 0.8286050290797127 0.7057432432432433 0.02088607594936709 0.014493243243243227
2 0.0990420800547383 0.7096114864864864 0.020693636674649327 0.015422297297297216
2 0.21764881970578173 0.3268074324324325 0.020411392405063362 0.013935810810810854
2 0.33894970920287376 0.3255067567567568 0.02104002736914121 0.014324324324324398
2 0.5825521724255902 0.3234121621621622 0.019988026000684344 0.014442567567567626
2 0.7048409168662334 0.3221114864864865 0.020642319534724403 0.014442567567567626
2 0.4609946972288745 0.324375 0.020411392405063292 0.01478040540540538
2 0.09707919945261718 0.32809121621621623 0.02028309955525145 0.01478040540540538
2 0.8271296613068766 0.3211486486486487 0.020924563804310656 0.015
3 0.9292764283270614 0.6388175675675676 0.016190557646253677 0.009797297297297215
3 0.8060126582278481 0.25550675675675677 0.016755046185425893 0.010185810810810759
3 0.6856867943893261 0.6407432432432433 0.01688333903523788 0.010506756756756773
3 0.5638855627779679 0.641722972972973 0.01593397194663014 0.01059121621621614
3 0.31833304823811154 0.25971283783783783 0.01637016763599037 0.01059121621621614
3 0.6837239137872051 0.25631756756756763 0.01649846048580221 0.01042229729729731
0 0.07945176188847076 0.9107263513513514 0.009006158056790975 0.010726351351351013
3 0.4415968183373247 0.642685810810811 0.016434314060896217 0.010726351351351393
3 0.19677557304139584 0.26101351351351354 0.016819192610331886 0.010979729729729684
3 0.19849469722887447 0.6433445945945947 0.01720407115976741 0.01140202702702709
3 0.5614351693465618 0.25729729729729733 0.017486315429353375 0.011097972972973007
3 0.8069876838864182 0.6397804054054055 0.016819192610331744 0.009695945945946012
3 0.31955183031132406 0.6433445945945947 0.016947485460143727 0.010236486486486457
3 0.43987769414984607 0.25858108108108113 0.01625470407115967 0.01101351351351345
0 0.09172938761546358 0.609070945945946 0.008929182346903878 0.01118243243243247