2 0.10300891239289853 0.6917601719798658 0.020097436171611506 0.014562209980599808
3 0.2024721174155964 0.6262452810402686 0.016307197258638374 0.01020157577207423
3 0.8079322173202059 0.6214280096476511 0.01655172880141078 0.0090825637714975
2 0.4650989943532178 0.6904755662751679 0.020831030799928933 0.014180842662017691
3 0.6871336351906109 0.6230337667785235 0.017071358329802225 0.010437421350671154
3 0.32278163645964636 0.6256029781879195 0.016368330144331474 0.010276845637583847
3 0.44406928167478626 0.625281826761745 0.016612861687103915 0.010241719700345963
3 0.9297089256208906 0.6207857067953021 0.016689277794220227 0.009187941583210962
3 0.5658459899754711 0.623997221057047 0.016246064372945238 0.01072846483064173
2 0.34356681759530544 0.6911178691275168 0.020128002614458074 0.013749295433095578
2 0.5863866395683577 0.6898332634228188 0.020021020064495118 0.01332778418624154
2 0.7076742847834976 0.6885486577181209 0.020280834828690843 0.013689079540687885
2 0.22289050123709672 0.6917601719798658 0.019226292550484626 0.01347832391726096
2 0.8289619299986373 0.6879063548657719 0.02115197844981765 0.014120626769609809
2 0.1012360587077982 0.31360436765939603 0.019822338185992494 0.014682641765415288
3 0.44260209241815146 0.2447173867449665 0.01687267645129964 0.0103571334941275
3 0.5643788007188363 0.24359335675335572 0.016689277794220372 0.010527745189282693
3 0.806954091149116 0.24166644819630875 0.01586398383736324 0.009739920596948367
2 0.4631427420110381 0.3092688234060403 0.02032668449296066 0.014010230966862405
2 0.22117878043768954 0.3128014890939598 0.020021020064495118 0.013899835164114905
3 0.9282417363642559 0.24070299391778524 0.01569586840170715 0.009965730193477308
2 0.5844303872261779 0.3086265205536913 0.019455540871833852 0.013689079540687885
2 0.3418550967958982 0.3113563076761745 0.020754614692812475 0.014401634267512595
3 0.6851773828484312 0.242469326761745 0.0168115435656065 0.010241719700346057
2 0.7062070955268627 0.30718133913590606 0.020128002614457928 0.013538539809668654
3 0.2005158650734167 0.24728659815436246 0.01655172880141085 0.010648176974098172
3 0.32082538411746675 0.24584141673657722 0.016490595915717714 0.010121287915530578
2 0.8274947407420026 0.30653903628355705 0.0206323489214262 0.013689079540687885
0 0.08387431917095357 0.9075739303691277 0.008795493929096902 0.010161431843802499