3 0.4487673213591394 0.23573152197098973 0.01738074099100312 0.010656363321245692
3 0.2032973022961939 0.23818126066552897 0.016419451123525705 0.01078905750053328
3 0.9416919579211128 0.23132199232081913 0.016093852942606048 0.010294006139345129
3 0.32696259234458025 0.6236068152730375 0.017318722289875597 0.010334835117587508
3 0.8186468548840021 0.2321385718856655 0.016155871643733423 0.010294006139345129
3 0.3254741435175184 0.23654810153583616 0.016667525928035998 0.010100068492694068
3 0.5745412472458633 0.6219736561433447 0.01699312410895587 0.010452218430034084
2 0.7164400354257571 0.2999146757679181 0.02031112461928111 0.014137033716403569
3 0.695105602237871 0.23279183553754265 0.016791563330291037 0.010911544435260226
3 0.20490978852551087 0.623933447098976 0.016993124108955798 0.010217451805140741
3 0.6970902006739533 0.620993760665529 0.017582301769667665 0.010615534343003408
2 0.5928987827796258 0.30089457124573377 0.019737451633851016 0.013922681580631414
3 0.5715643495917397 0.23409836284129693 0.017582301769667807 0.010911544435260226
2 0.10394334308981724 0.6899130759385664 0.020822778903583614 0.015106721949658777
3 0.45075191979522183 0.6229535516211604 0.01679156333029118 0.010294006139345129
3 0.820135303711064 0.6196872333617747 0.016791563330291324 0.010100068492694163
2 0.22599614690888664 0.6892598122866893 0.020078554490052733 0.014137033716403569
2 0.34854510033697667 0.6892598122866893 0.020977825656402556 0.014361593096736366
2 0.34656050190089427 0.30367094176621157 0.02074525552717418 0.01504547848229521
2 0.4703498293515358 0.3025277303754266 0.020264610593435435 0.014473872786902764
2 0.8394851384628677 0.29909809620307165 0.02122590046091278 0.014085997493600644
2 0.5948833812157083 0.6879532849829351 0.020621218124918995 0.013657293222056334
3 0.9441727059662158 0.6190339697098975 0.0168535820314187 0.009451908463097236
2 0.7184246338618394 0.6866467576791808 0.02026461059343529 0.013983925047994793
2 0.47183827817859764 0.6886065486348123 0.02122590046091292 0.01442283656409984
2 0.2243836606795697 0.3051407849829351 0.020574704099073318 0.01442283656409984
2 0.8414697368989501 0.6853402303754266 0.021923610848598056 0.01442283656409984
2 0.10214480075711754 0.3062839963737201 0.020419657346254377 0.015106721949658682