3 0.1987769414984605 0.2146283783783784 0.01630602121108445 0.009695945945945918
3 0.6856098186794389 0.20886824324324327 0.01599811837153613 0.010929054054054083
3 0.44176359904208 0.2108445945945946 0.016190557646253823 0.011722972972972959
3 0.5638085870680808 0.20951013513513517 0.01625470407115967 0.011351351351351392
3 0.20025230927129664 0.5949155405405406 0.01599811837153613 0.011233108108108165
3 0.32119397878891554 0.5945945945945946 0.015343824837495785 0.010979729729729684
3 0.6875726992815602 0.5923310810810811 0.016370167635990515 0.010726351351351393
3 0.9296869654464591 0.20675675675675678 0.017139924734861273 0.010929054054054034
3 0.44380345535408827 0.5936148648648649 0.016434314060896217 0.01131756756756772
3 0.8083860759493672 0.5916722972972973 0.01599811837153613 0.009797297297297215
3 0.565283954840917 0.5929729729729731 0.017345193294560392 0.01087837837837848
3 0.9316626753335616 0.5907094594594594 0.01599811837153613 0.010726351351351393
2 0.3403481012658229 0.27869932432432437 0.020218953130345458 0.015067567567567627
2 0.8280277112555593 0.2735304054054054 0.020411392405063292 0.014662162162162151
2 0.2192909681833733 0.2795101351351352 0.020065001710571333 0.015185810810810855
2 0.5844380773178243 0.275472972972973 0.020360075265138583 0.014104729729729778
2 0.7067268217584675 0.27466216216216216 0.021604515908313283 0.014611486486486455
2 0.46263684570646596 0.27788851351351357 0.02064231953472469 0.014273648648648607
2 0.2212538487854944 0.6615202702702703 0.0199880260006842 0.014831081081081075
2 0.3420672254533014 0.6608614864864866 0.02104002736914121 0.01518581081081076
2 0.7086897023605885 0.6589358108108109 0.021360759493670885 0.014949324324324303
2 0.09901642148477592 0.2812837837837838 0.019462025316455696 0.014949324324324399
2 0.4638684570646596 0.6602195945945947 0.020539685254875133 0.01478040540540538
2 0.5864009579199453 0.6598986486486487 0.02104002736914121 0.014898648648648797
3 0.20245894628806022 0.9757770270270271 0.01702446117003079 0.010152027027027088
2 0.8299905918576806 0.6582770270270271 0.02088607594936709 0.014898648648648797
3 0.6885477249401302 0.9752364864864866 0.017614608279165358 0.010388513513513544
3 0.4456893602463223 0.9764358108108108 0.017345193294560392 0.010388513513513544
3 0.567246835443038 0.9757770270270271 0.01753763256927808 0.010118243243243417
3 0.8103489565514883 0.9744932432432433 0.016626753335614197 0.009847972972972912
3 0.3231568593910366 0.9757770270270271 0.016370167635990442 0.009729729729729873
3 0.9320732124529594 0.9725506756756757 0.016434314060896363 0.009949324324324682
2 0.09914471433458777 0.6621621621621623 0.019834074580910042 0.013631756756756772
3 0.3199495381457407 0.21246621621621622 0.016665241190557692 0.010185810810810759
3 0.8072186110160795 0.20841216216216218 0.016729387615463612 0.00868243243243242