2 0.10300906210608797 0.693036912751678 0.02024920791741899 0.01479865771812096
3 0.8089079480802644 0.6236744966442953 0.016557081047933814 0.009848993288590577
3 0.9301987871767793 0.6230369127516778 0.01612271318093528 0.01
3 0.6871316390147516 0.6246476510067115 0.017004224440432057 0.010721476510067116
3 0.20259428337818966 0.6275335570469799 0.015931080298436304 0.010050335570469807
3 0.32278642728170887 0.6268959731543625 0.016608183149933557 0.010285234899328847
3 0.5663390454127347 0.6259228187919463 0.01630157053793484 0.01040268456375846
2 0.4650930058256397 0.6911241610738256 0.021156270227915365 0.0143959731543625
2 0.3435722072701258 0.6923993288590605 0.02040251422341844 0.01395973154362423
3 0.44406449085272376 0.6268959731543625 0.016812591557932646 0.01023489932885904
2 0.223009573127108 0.693036912751678 0.019201614826423127 0.013171140939597308
2 0.7081601539876674 0.6898322147651007 0.019942595305420054 0.013372483221476538
2 0.5863838449221546 0.6904697986577182 0.020134228187919465 0.013473154362416154
2 0.8294509930841822 0.6891946308724832 0.021245698906415072 0.013842281879194616
3 0.8069532926787722 0.24343959731543624 0.015739447415937035 0.009932885906040289
3 0.5643843900112425 0.24520134228187918 0.01630157053793484 0.010570469798657693
3 0.6851769836132595 0.24422818791946313 0.016812591557932934 0.010167785234899328
2 0.5844291895206623 0.3113590604026846 0.020249207917419024 0.013372483221476538
2 0.34160477634313363 0.31328859060402686 0.020376963172418584 0.014345637583892597
2 0.7066909685551732 0.3094295302013423 0.019827615575920637 0.013422818791946345
2 0.4636365959186455 0.31184563758389267 0.020325861070418588 0.014077181208053654
2 0.1014248969440943 0.3155369127516779 0.019942595305420197 0.015016778523489904
3 0.20039689299219846 0.24889261744966448 0.01625046843593506 0.010520134228187886
3 0.9282441317752872 0.2431040268456376 0.01562446768643762 0.010083892617449616
2 0.22118267298061528 0.31456375838926176 0.020095901611419612 0.013959731543624135
3 0.3205762613702177 0.24776845637583894 0.016493203420433998 0.010050335570469807
3 0.4426080809457296 0.24681208053691278 0.016748713930433083 0.010352348993288654
2 0.8279818076516883 0.3083053691275168 0.02076022893741683 0.013959731543624135
0 0.08375634517766499 0.9088590604026846 0.008495724457466028 0.010285234899329225