3 0.20379746835443038 0.995 0.017721518987341773 0.01
3 0.2017920127900844 0.21612209743923613 0.018108384015690905 0.010155995686848959
3 0.9553006329113924 0.9947916666666666 0.01714135021097056 0.010416666666666666
3 0.7041139240506329 0.9956597222222223 0.01845991561181425 0.00868055555555543
3 0.4544303797468354 0.995 0.017721518987341773 0.01
3 0.8300369198312237 0.9956597222222223 0.01714135021097056 0.00868055555555543
3 0.3278481012658228 0.995 0.017721518987341773 0.01
1 0.1022274484111287 0.2850748697916667 0.015048256403283227 0.01524437798394094
2 0.22475874373681437 0.6765272352430556 0.02195720431170886 0.01590898301866313
3 0.5784810126582278 0.995 0.017721518987341773 0.01
2 0.34943528316191985 0.6758626302083335 0.022304229092497314 0.01634513007269959
2 0.47486896756329117 0.6758626302083335 0.021799465774986863 0.015607833862304688
3 0.32621617055643465 0.21512518988715282 0.017556299137163767 0.0104727215237088
2 0.7257363363660339 0.6738688151041667 0.021799465774986718 0.015015920003255209
2 0.6005550336234178 0.6751980251736112 0.02235155065351393 0.015015920003255209
3 0.8276985265031646 0.21014065212673613 0.017887550064280063 0.010192341274685313
3 0.576831157700422 0.21196831597222224 0.017966419332641134 0.011319054497612816
3 0.4516498549578059 0.21346367730034724 0.018518504211168203 0.0112359788682726
2 0.8509176391086498 0.6732042100694445 0.022477741482891615 0.015420913696289062
2 0.2232444537842827 0.2835795084635417 0.021878335043347862 0.016220516628689268
2 0.3479209932093882 0.28191799587673616 0.022304229092497314 0.016282823350694475
1 0.10386792919303797 0.6778564453125001 0.014535606158936589 0.015368991427951452
2 0.7237172830959916 0.2784288194444445 0.02230422909249746 0.01578436957465281
3 0.20343249357199367 0.6094021267361112 0.017556299137163767 0.010799831814236048
3 0.7025172237605486 0.2109714084201389 0.017682489966541308 0.01003657446967234
2 0.5985359803533755 0.2795918782552083 0.022083395141086547 0.0157220628526476
2 0.8488985858386076 0.2775980631510417 0.021294702457476267 0.015659756130642393
3 0.3282352238264768 0.608737521701389 0.018108384015690978 0.010436375935872396
2 0.47310229595200426 0.2812533908420139 0.021594405677248105 0.01495361328125
3 0.7045362770305909 0.6060791015625 0.018029514747329906 0.01059733496771912
3 0.45341652656909287 0.6080729166666666 0.01823457484506852 0.01089329189724386
3 0.8297175797732068 0.6054144965277778 0.018029514747329906 0.009958691067165735
3 0.5783454476529536 0.6067437065972223 0.018739338162579115 0.011360592312282923
3 0.9528798292457807 0.20914374457465282 0.018029514747329906 0.010934829711914062
3 0.9554036458333334 0.6044175889756945 0.01845540879647943 0.010472721523708704
0 0.08405596898074895 0.9304063585069445 0.0094721991301589 0.010353300306531992