3 0.20422121293080417 0.2034561403508772 0.016190221747261552 0.009350877192982427
3 0.5843841838097783 0.19887719298245612 0.017045150948437046 0.01157894736842105
3 0.457306973016297 0.20005263157894737 0.016657761154154398 0.012175438596491214
3 0.7137590168314187 0.5979824561403508 0.017045150948437192 0.011000000000000038
3 0.3317659631311782 0.6003333333333333 0.016150146940956456 0.011403508771929865
2 0.22566123430403418 0.27124561403508773 0.021199572535399443 0.015228070175438594
2 0.47827945498263424 0.2680526315789473 0.020932407160032012 0.014596491228070173
2 0.3517098584023511 0.26907017543859646 0.0210927063852524 0.015052631578947361
2 0.8594977290943093 0.2651929824561403 0.021052631578947448 0.015175438596491233
2 0.6058642799893134 0.2670526315789473 0.021787336361207506 0.015
2 0.7326743254074272 0.26621052631578945 0.022642265562383145 0.015403508771929732
2 0.22757146673791076 0.6684912280701755 0.021199572535399443 0.015228070175438499
2 0.6079080951108735 0.6668245614035087 0.022001068661501453 0.015052631578947361
2 0.35349986641731224 0.6681578947368421 0.02204114346780655 0.015473684210526433
2 0.48032327010419446 0.6674912280701755 0.021333155223083124 0.014824561403508862
3 0.20772107934811648 0.994736842105263 0.017365749398877896 0.010526315789473604
2 0.7352391130109538 0.6658070175438595 0.02224151749933218 0.01510526315789472
2 0.8615415442158697 0.6651403508771929 0.02190756078012294 0.015578947368420965
2 0.10056104728827144 0.2732631578947368 0.020291210259150393 0.015403508771929732
3 0.5877638258081752 0.994736842105263 0.018701576275714622 0.010526315789473604
3 0.46086027250868283 0.994736842105263 0.018701576275714622 0.010526315789473604
3 0.7133315522308308 0.994736842105263 0.018701576275714622 0.010526315789473604
3 0.3332888057707721 0.994736842105263 0.017365749398877965 0.010526315789473604
3 0.8405824205183008 0.9938947368421053 0.01744589901148816 0.010035087719298114
3 0.9679134384183811 0.9925438596491227 0.017178733636120654 0.010578947368420966
2 0.10056104728827144 0.6695087719298245 0.02077210793481166 0.01340350877192975
3 0.3305503606732567 0.20180701754385966 0.016991717873363635 0.009807017543859663
3 0.7114213197969543 0.19791228070175437 0.01744589901148816 0.009245614035087755
3 0.8380042746460059 0.19721052631578945 0.01760619823670855 0.00931578947368422
3 0.964934544483035 0.19661403508771927 0.017339032861341332 0.009982456140350896
3 0.45896339834357464 0.600140350877193 0.016777985573069688 0.01164912280701761
3 0.5857066524178466 0.5996140350877193 0.017245524979962533 0.010122807017543778
3 0.8399278653486507 0.5974912280701754 0.01649746192893401 0.010070175438596417
3 0.9670184344109003 0.5965087719298245 0.016056639059577944 0.00878947368421052
3 0.20626502805236438 0.6010701754385964 0.016590969810312592 0.010561403508771909