2 0.4625135006696332 0.7166382252559726 0.021579470341728958 0.015580204778156978
2 0.5858080960815656 0.7166382252559726 0.02217565991273167 0.014641638225256012
2 0.21692227934505548 0.7179351535836177 0.02109992655635718 0.014761092150170612
2 0.338972653043591 0.7172866894197951 0.02174795869875148 0.01522184300341299
2 0.7093489437076077 0.7153242320819112 0.020983280770726392 0.014590443686006817
0 0.07589752451721606 0.9224061433447097 0.009266859636237959 0.01034129692832759
2 0.8323972869054305 0.7140102389078499 0.021929407698621905 0.014812286689419618
2 0.09487190564652007 0.7179351535836177 0.021553549056033162 0.01600682593856656
2 0.09288892729079362 0.33250853242320816 0.020568540199593886 0.015153583617747397
3 0.1957186676459152 0.6509726962457337 0.01699140277357762 0.010955631399317364
3 0.6880157255799887 0.6486860068259385 0.01745798591610143 0.010699658703071577
2 0.33748217911608414 0.33039249146757677 0.02174795869875148 0.01522184300341299
2 0.46053052231390673 0.32858361774744027 0.021968289627165596 0.01581911262798627
2 0.5843176221540587 0.32810580204778156 0.020931438199334657 0.0150511945392491
3 0.19372272864734089 0.26506825938566553 0.01712100920205638 0.011399317406143344
3 0.441180282542014 0.6499999999999999 0.016537780273901567 0.010460750853242379
3 0.31788568713008164 0.6506484641638224 0.0166673867023804 0.010136518771331187
2 0.21493930098932906 0.3313651877133105 0.020309327342636223 0.014761092150170612
3 0.9321294336199075 0.2583617747440273 0.017522789130340773 0.010341296928327684
3 0.56249189959822 0.2608191126279863 0.01745798591610143 0.011740614334471029
2 0.7073659653518815 0.3264675767918088 0.021423942627554333 0.0149317406143345
3 0.8110640687778113 0.6470648464163822 0.017198773059143767 0.010290102389078393
3 0.43944355640039745 0.26211604095563135 0.01684883570225082 0.01095563139931746
3 0.5644748779539465 0.6496757679180886 0.0166673867023804 0.010648464163822572
2 0.8304143085497041 0.32549488054607506 0.0212295329848363 0.014812286689419807
3 0.6860327472242623 0.2596757679180887 0.017380222059014332 0.010648464163822572
3 0.8095735948503046 0.2590273037542662 0.0173154188447747 0.010614334470989775
3 0.3166544260595325 0.26358361774744027 0.01699140277357755 0.010750853242320868
3 0.9341124119756339 0.6467235494880547 0.01725061563053507 0.0101023890784982