3 0.18180379746835443 0.1943923611111111 0.015981012658227847 0.00925347222222219
3 0.5570543248945149 0.18986111111111112 0.016824894514767885 0.011458333333333333
3 0.43161919831223633 0.19102430555555558 0.016442510548523255 0.012048611111111095
3 0.6847573839662447 0.5848090277777779 0.016824894514768027 0.010885416666666667
3 0.30770042194092834 0.5871354166666667 0.015941455696202603 0.011284722222222286
2 0.20296677215189876 0.26147569444444446 0.020925632911392406 0.015069444444444476
2 0.4523206751054853 0.25831597222222225 0.02066191983122358 0.014444444444444477
2 0.32738660337552744 0.25932291666666674 0.020820147679324847 0.014895833333333334
2 0.8286128691983122 0.25548611111111114 0.020780590717299673 0.015017361111111047
2 0.5782568565400844 0.2573263888888889 0.02150580168776362 0.01484375
2 0.7034282700421941 0.25649305555555557 0.0223496835443038 0.015243055555555524
2 0.20485232067510553 0.6545833333333334 0.020925632911392406 0.015069444444444382
2 0.5802742616033756 0.6529340277777778 0.021716772151898735 0.014895833333333334
2 0.32915348101265823 0.6542534722222223 0.021756329113924052 0.0153125
2 0.4543380801687764 0.6535937500000001 0.02105748945147689 0.014670138888888951
3 0.1860495780590717 0.978576388888889 0.01722046413502112 0.01046875
2 0.7059599156118144 0.6519270833333334 0.021954113924050632 0.014947916666666667
2 0.8306302742616035 0.6512673611111112 0.021624472573839853 0.015416666666666667
2 0.07948312236286921 0.2634722222222222 0.020029008438818552 0.015243055555555524
3 0.561089135021097 0.978576388888889 0.01838080168776376 0.010885416666666667
3 0.4359045358649789 0.9792534722222223 0.017892932489451573 0.01109375
3 0.6852584388185655 0.9779166666666667 0.01776107594936709 0.010677083333333334
3 0.30996835443037973 0.978576388888889 0.016956751054852368 0.010520833333333333
3 0.809941983122363 0.9765972222222223 0.017220464135020905 0.009930555555555429
3 0.9356276371308019 0.9752604166666666 0.016956751054852226 0.01046875
2 0.07948312236286921 0.6555902777777778 0.020503691983122387 0.013263888888888952
3 0.30650052742616035 0.19276041666666668 0.01677215189873425 0.009704861111111095
3 0.682449894514768 0.18890625000000003 0.017220464135020905 0.009149305555555572
3 0.8073971518987343 0.18821180555555558 0.01737869198312246 0.00921875
3 0.93268723628692 0.1876215277777778 0.01711497890295349 0.009878472222222238
3 0.43325421940928266 0.5869444444444445 0.01656118143459906 0.011527777777777715
3 0.5583597046413502 0.5864236111111112 0.017022679324894468 0.010017361111111048
3 0.8092958860759494 0.5843229166666667 0.016284282700421846 0.009965277777777715
3 0.9347441983122364 0.5833506944444444 0.015849156118143363 0.008697916666666666
3 0.18382120253164558 0.5878645833333335 0.016376582278481013 0.010451388888888953