3 0.1982085309243922 0.23984717653508772 0.017514464500400735 0.011480177494517534
2 0.09401664356799358 0.31002946820175437 0.02064661326142132 0.014995588336074566
3 0.3245172238177932 0.238671875 0.016411820293714973 0.010624935752467101
3 0.45159297355062783 0.23699287280701753 0.017786130464366803 0.011217833401864065
3 0.5779016664440288 0.23581757127192982 0.017642307306972946 0.010871539199561369
3 0.8325645371359871 0.23397066885964912 0.016339908715017972 0.010666910807291667
0 0.07637433626102057 0.9307565789473684 0.00941242663388325 0.011007958127741328
3 0.705233101790008 0.23481016995614032 0.01698711292329025 0.010582960697642535
3 0.20012617302297622 0.6369311951754385 0.017578385903686877 0.010708885862116138
2 0.09625389268300827 0.7050986842105263 0.021173964838531917 0.015352376302083333
3 0.9593846012556773 0.2331311677631579 0.016339908715017972 0.010708885862116234
3 0.3257956518835159 0.6362595942982455 0.017450543097114666 0.010787589089912331
3 0.453127087229495 0.6355879934210527 0.017051034326576245 0.011049933182565799
3 0.7072785866951643 0.6335731907894736 0.017306719939720813 0.011301783511513197
2 0.21994180804167782 0.3086862664473684 0.021173964838531952 0.014712256716008766
3 0.5804585225754741 0.6349163925438597 0.016523682749465685 0.010666910807291667
3 0.8335872795885654 0.6322299890350876 0.017306719939720813 0.009795928419681937
2 0.8540421286401282 0.30264185855263154 0.021381709399211878 0.014596825315241233
2 0.727222064520438 0.3031455592105263 0.021014161330316455 0.014428925095942968
2 0.47307056505476885 0.30532826206140345 0.0210461220319596 0.014596825315241233
2 0.5998906291744589 0.30432086074561404 0.020422888349919895 0.014533862733004431
2 0.3462505009350788 0.3068393640350877 0.021381709399211878 0.014932625753837764
3 0.9609187149345445 0.6318941885964913 0.016859270116717964 0.010026791221217196
2 0.22147592172054498 0.7044270833333334 0.02056671150731368 0.014596825315241138
2 0.8555762423189954 0.7010690789473684 0.02229258939603929 0.014827688116776396
2 0.7287561781993054 0.7017406798245613 0.021253866592639593 0.014712256716008862
2 0.34778461461394605 0.7044270833333334 0.021621414661534874 0.014428925095943063
2 0.6019361140796152 0.7030838815789473 0.021413670100854876 0.014481393914473605
2 0.47486036434678064 0.7037554824561403 0.021957002028787007 0.015058550918311464