3 0.18306416412047144 0.20258620689655174 0.015870798777826288 0.009189655172413751
3 0.5558184199039721 0.19718965517241382 0.016708860759493727 0.011379310344827568
3 0.4313269314709734 0.19855172413793104 0.016329113924050603 0.011965517241379283
3 0.6826538629419469 0.5883275862068966 0.016708860759493727 0.010810344827586202
3 0.3081711043212571 0.5909655172413794 0.01583151462243562 0.011206896551724223
2 0.20474901789611527 0.2690000000000001 0.02078131820165864 0.014965517241379303
2 0.45213443910955914 0.2658793103448276 0.020519423832387522 0.014344827586206843
2 0.32841553906591014 0.26798275862068965 0.020676560453950193 0.014793103448275814
2 0.8268659973810564 0.2635344827586207 0.02063727629855967 0.014913793103448257
2 0.5768747271933654 0.26548275862068965 0.02135748581405496 0.014741379310344863
2 0.7017197730248801 0.2644137931034483 0.0221955477957224 0.015137931034482695
2 0.20637276298559581 0.6586896551724138 0.02078131820165864 0.014965517241379303
2 0.5792186817983414 0.6568620689655172 0.021567001309471857 0.014793103448276005
2 0.33015713662156265 0.6585517241379311 0.021606285464862526 0.015206896551724185
2 0.4541772151898734 0.6573620689655172 0.0209122653862942 0.014568965517241472
3 0.18792230467044957 0.9819310344827586 0.017101702313400264 0.010396551724137832
2 0.703945875163684 0.6563448275862069 0.02180270624181601 0.01484482758620686
2 0.827520733304234 0.6554310344827586 0.021475338280226967 0.015310344827586277
2 0.08155390659100831 0.27087931034482765 0.019890877346137047 0.015137931034482695
3 0.5590528153644697 0.9806379310344827 0.01825403753819305 0.010810344827586202
3 0.4350720209515496 0.9824137931034482 0.017769532955041478 0.011017241379310387
3 0.6833347883020516 0.9811896551724139 0.01763858577040606 0.010603448275862395
3 0.3111567001309472 0.9816724137931034 0.016839807944129218 0.010448275862068689
3 0.8069751200349192 0.9792931034482759 0.01710170231340012 0.00986206896551721
3 0.9319773024879966 0.9775689655172414 0.016839807944129002 0.010396551724137832
2 0.0823919685726757 0.6592586206896552 0.020362287210824993 0.013172413793103412
3 0.30726756874727196 0.2006551724137931 0.016656481885639503 0.009637931034482723
3 0.6805194238323877 0.19632758620689658 0.01710170231340012 0.009086206896551752
3 0.8046573548668704 0.19662068965517243 0.01725883893496308 0.0091551724137931
3 0.9291357485814055 0.19465517241379313 0.016996944565691962 0.009810344827586212
3 0.4328852029681362 0.5902931034482759 0.016446966390222608 0.011448275862068915
3 0.5571278917503274 0.5892758620689655 0.016905281536446926 0.009948275862068954
3 0.8063334788302051 0.5871896551724138 0.01617197730248779 0.009896551724137908
3 0.9309166302924486 0.5862241379310345 0.015739851593190583 0.008637931034482828
3 0.18523788738542124 0.5915 0.016263640331732897 0.010379310344827484