2 0.21294491387185172 0.7023653803054856 0.02104394696920269 0.015086119525889547
2 0.33608634836226015 0.7017054270247904 0.02107516944245076 0.01526141961607415
2 0.46022690199660704 0.7010454737440953 0.021200059335443038 0.015086119525889547
2 0.5846172354169384 0.7010454737440953 0.020919057076210414 0.014910819435704945
2 0.7085080092653007 0.6997255671827052 0.020809778419842172 0.014622089875400894
3 0.4387458404019313 0.6340602157535427 0.016782079370840378 0.010399420055953283
3 0.31485506655356904 0.6347201690342378 0.016532299584855824 0.010239587620784875
2 0.832398783113663 0.6977457073406198 0.021168836862194968 0.014673648725455188
3 0.687026947670625 0.6320803559114574 0.016594744531351964 0.00981164916533413
2 0.08849213550502413 0.3129929446953763 0.019951160405520016 0.016045114136899623
2 0.09086504347187783 0.7023653803054856 0.020528776160609406 0.01629259661716024
3 0.8109177215189872 0.6314204026307623 0.016266908562247235 0.009888987440415668
2 0.334337889860368 0.31002315493224836 0.021449839121427592 0.015199548996008996
3 0.19146385227717602 0.6353801223149329 0.016844524317336518 0.010724240811295437
2 0.5826189971290616 0.3078783067699893 0.021168836862194968 0.015024248905824393
2 0.4582286637087302 0.3088682366910319 0.02096589078608252 0.01531297846612854
0 0.07088266059310974 0.9135504301279177 0.00898426667713363 0.010600499571164938
2 0.2111964553699595 0.31150804981381236 0.0208097784198421 0.014797389965585496
3 0.4372471616860237 0.24237794366100057 0.016969414210328795 0.010765487891338871
2 0.7070093305493931 0.3068883768489466 0.02104394696920269 0.015024248905824393
3 0.9323106975075035 0.23841822397682996 0.015962489448078418 0.009888987440415668
3 0.9343089357953802 0.630100496069372 0.016594744531351964 0.01028083470082831
3 0.6850287093827482 0.23990311885839394 0.016906969263832654 0.01008491107062199
3 0.1898402836682761 0.24452279182325962 0.01671963442434424 0.01089954090148004
3 0.8094190428030796 0.23907817725752503 0.016204463615751098 0.009775557970296219
2 0.8304005448257862 0.3060634352480777 0.021200059335443038 0.015024248905824393
3 0.5631361738222628 0.633730239113195 0.016782079370840378 0.011239829311838385
3 0.561137935534386 0.24155300206013167 0.016844524317336518 0.011776041352403243
3 0.31335638783766145 0.24369785022239077 0.01614201866925489 0.01008491107062199