2 0.46502456067710574 0.32515558792372884 0.020842169418932254 0.015054993710275445
2 0.5877926578766239 0.32450675317796607 0.020332694166469517 0.015004303495762676
2 0.10110484397853395 0.7113744703389829 0.02073409891083412 0.015531481726694855
2 0.34225646347758754 0.32693988347457625 0.021490592467521333 0.014771128509004257
2 0.22208205847242535 0.7113744703389829 0.02030181687844145 0.014426435050317725
2 0.2203529303428547 0.32791313559322033 0.02030181687844145 0.014102017677436436
2 0.7108077733803665 0.323046875 0.021212696875268933 0.014831956766419505
2 0.34398559160715825 0.7107256355932203 0.02116638094322672 0.01465961003707624
3 0.19910935617955777 0.26205640889830506 0.016781806043244005 0.01083756786281782
2 0.7122898832057128 0.7087791313559322 0.020764976198862188 0.014041189420021093
3 0.20083848430912846 0.6448689088983051 0.017044262991482408 0.01126336566472465
3 0.32150692592273944 0.26027211334745765 0.016148821638668997 0.010878120034427922
2 0.8333288522756603 0.32223583156779656 0.021212696875268933 0.014771128509004257
3 0.6910463090424159 0.6422735699152542 0.017044262991482338 0.010543564618644155
2 0.4667536888066764 0.7100768008474576 0.02108918772315666 0.015115821967690598
3 0.6895641992170696 0.2568657309322034 0.016596542315075593 0.010381355932203367
2 0.589768804310419 0.7094279661016949 0.020687782978791983 0.014710300251589009
2 0.09875817008840229 0.329048596398305 0.02002392128618901 0.014943475238347426
3 0.5690192667555708 0.6435712394067796 0.016025312486556868 0.011222813493114358
3 0.566549083713327 0.25800119173728814 0.01659654231507574 0.011760129766949111
2 0.8348109621010066 0.7074814618644067 0.02178392670378766 0.014598781779660992
3 0.8135673879377097 0.6413003177966101 0.016720051467187868 0.00991500595868653
3 0.4440280048180332 0.2594610699152542 0.01608706706261286 0.011354608050847427
3 0.8120852781123634 0.25637910487288135 0.01647303316296361 0.010421908103813564
3 0.935100393616106 0.25475701800847456 0.016596542315075593 0.011354608050847427
3 0.32298903574808574 0.6445444915254237 0.016148821638668997 0.010421908103813469
3 0.4457571329476039 0.643895656779661 0.016210576214725134 0.010969362420550889
0 0.08140513421663942 0.9144597457627118 0.009054764714225009 0.010381355932203557
3 0.9365825034414522 0.6406514830508474 0.017121456211552543 0.011486402608580496