2 0.21810890440855524 0.7175511853448276 0.02095986161883456 0.014737043709590504
2 0.09585871003382802 0.7175511853448276 0.02095986161883456 0.01579926589439651
3 0.4434352493452641 0.25883620689655173 0.016589307514458786 0.010900668440193991
3 0.32011983031427327 0.6508890086206898 0.01677728833615234 0.010281898235452521
3 0.3191172659319075 0.25982623922413794 0.016135020528699293 0.010684098868534496
2 0.5890577258838935 0.32384832974137934 0.02111651230357919 0.014675166689116377
3 0.5680038738542121 0.2570211476293104 0.016651967788356637 0.011199740705818991
2 0.34167496453513757 0.7168911637931035 0.0213514883306962 0.015376439587823256
2 0.713876991488433 0.3226932920258621 0.021241832851375035 0.014912361934267248
3 0.6948282682234832 0.6482489224137932 0.016589307514458643 0.011024422481142248
2 0.34017111796158883 0.3261584051724138 0.022448043123908745 0.015438316608297385
2 0.4644891013749455 0.3246733566810345 0.02144547874154298 0.015737388873922384
3 0.9434642350501965 0.6462688577586208 0.017027929431743888 0.009931261786099222
2 0.7153808380619817 0.714911099137931 0.020912866413411245 0.01467516668911647
3 0.6923218572675688 0.2558661099137931 0.016714628062254346 0.010441747205010756
2 0.21647973728721084 0.32731344288793107 0.020912866413411172 0.015139244342672385
3 0.8166398406809253 0.25487607758620695 0.015954872241243007 0.010482998551993509
3 0.44493909591881275 0.6498989762931034 0.016323001350392847 0.010642847521551743
3 0.19530056470973373 0.26131128771551726 0.01743522121207985 0.011375058930495735
3 0.19805761676123965 0.6508890086206898 0.015900044501582278 0.010684098868534496
2 0.5910628546486251 0.7155711206896552 0.020991191755783487 0.015139244342672479
3 0.5700090026189437 0.6495689655172414 0.01671462806225449 0.011158489358836239
2 0.8381949749017896 0.3215382543103449 0.02139848353611952 0.015613634832974128
3 0.9419603884766478 0.25454606681034486 0.016017532515140858 0.010085954337284497
2 0.4662435890440856 0.7162311422413794 0.021523804083915365 0.015613634832974222
2 0.8396988214753384 0.7135910560344828 0.021476808878491904 0.014912361934267248
3 0.8191462516368399 0.647258890086207 0.016589307514458643 0.010204551959859979
2 0.09328963880401571 0.3287984913793104 0.020442914359177215 0.01485048491379312
0 0.07549412101702313 0.9280980603448277 0.009085739715189873 0.010684098868534496