3 0.30963517878115615 0.9839095309105953 0.017578252438666286 0.010600499571164938
3 0.43302639305754925 0.9839095309105953 0.018327591796620094 0.010559252491121503
3 0.6808079407542738 0.9825896243492052 0.01784364346127502 0.010600499571164938
3 0.18636885439775544 0.9832495776299003 0.017781198514778808 0.01068299373125181
2 0.2053521181325851 0.6631722364927766 0.021652785197540114 0.015921372896769315
3 0.1823723778220018 0.20499967137020306 0.017703142331658636 0.010399420055953283
3 0.8051982741746051 0.981269717787815 0.01784364346127502 0.010203496425746772
1 0.08420892193005348 0.27330483592214594 0.014783841082963588 0.015550149176378297
3 0.9285894884509982 0.9806097645071199 0.017109915339945107 0.010523161296083591
3 0.5569171669059115 0.9832495776299003 0.01778119851477874 0.010481914216040155
2 0.3286184425159859 0.6625122832120814 0.02207428858638912 0.016106984756964777
2 0.5773991093566487 0.6611923766506913 0.0222460121892535 0.015086119525889547
2 0.4527589961503327 0.6618523299313863 0.021527895304547764 0.0156738904165087
3 0.30588848199138713 0.20367976480881286 0.017703142331658636 0.01044066713599672
3 0.8022009167427899 0.19873011520359962 0.01764069738516257 0.010322081780871793
2 0.7012898832050111 0.6605324233699961 0.021730841380660216 0.015086119525889547
3 0.5539198094740962 0.20054498672551113 0.017921699644395193 0.011198582231794997
3 0.6778105833224585 0.19955505680446847 0.01778119851477888 0.01008491107062199
3 0.4297792558397494 0.2020298816070751 0.01818709066700378 0.01098203506156691
2 0.8251806570533732 0.6592125168086059 0.0219493986933967 0.015612019796443546
3 0.184120836323894 0.5955270252215287 0.017234805232937453 0.010641746651208565
1 0.08527048602048805 0.6638321897734717 0.0150726489605083 0.015550149176378392
2 0.2038534394166775 0.271819941040582 0.02177767509053239 0.01641633785729064
2 0.3273695435860629 0.270335046159018 0.02157472901441987 0.016045114136899623
2 0.6992916449171341 0.26670530311519497 0.022152344769509436 0.015550149176378297
2 0.575400871068772 0.26802520967658516 0.021980621166644912 0.01561201979644345
2 0.8231824187654965 0.26588036151432604 0.021403005411555487 0.015797631656639007
3 0.30763694049327933 0.5948670719408337 0.017703142331658636 0.010363328860915181
2 0.4510105376484405 0.26967509287832286 0.021246893045315143 0.015199548996008996
3 0.43177749412762617 0.5942071186601385 0.018265146850123953 0.01098203506156691
3 0.6798088216103354 0.5925572354584008 0.01804658953738747 0.010239587620784875
3 0.5554184881900038 0.5932171887390959 0.018827151368589343 0.011157335151751513
3 0.8046987146026359 0.5915673055373581 0.018405647979740265 0.009966325715497016
3 0.9260916905911523 0.19757519696238318 0.017921699644395193 0.010817046741393119
3 0.9285894884509982 0.5905773756163155 0.01804658953738747 0.010559252491121692
0 0.0659749975531776 0.915274389718305 0.009819467836519644 0.01044066713599672