0 0.07975966472801917 0.9124155405405406 0.008967670201847444 0.010388513513513544
2 0.09707919945261718 0.3301182432432433 0.020334416695176195 0.014949324324324399
2 0.3391934656175163 0.32768581081081083 0.021283783783783896 0.014949324324324399
2 0.09922169004447487 0.7119594594594596 0.021129832364009594 0.015354729729729873
2 0.21789257612042426 0.3288175675675676 0.020180465275402036 0.014375
2 0.460750940814232 0.3262331081081081 0.020565343824837413 0.015118243243243228
2 0.5830396852548752 0.32559121621621623 0.020488368114950424 0.014949324324324399
2 0.21948340745809106 0.7119594594594596 0.020180465275402036 0.014375
2 0.7053284296955183 0.32412162162162167 0.021014368799179072 0.014949324324324399
3 0.6856867943893261 0.6430912162162162 0.01720407115976741 0.010506756756756773
2 0.3404250769757099 0.7113006756756757 0.02096305165925422 0.014493243243243227
2 0.7072913102976394 0.7087162162162163 0.021091344509066207 0.014172297297297215
3 0.9278138898392063 0.2570439189189189 0.016318850496065664 0.01145270270270269
2 0.8271296613068766 0.3233277027027027 0.021335100923708605 0.015067567567567627
2 0.8286050290797127 0.7080743243243244 0.021745638043106554 0.014543918918918925
2 0.46271382141635314 0.7106587837837838 0.02120680807389662 0.015304054054053988
3 0.8074880260006843 0.6417905405405406 0.01702446117003086 0.009847972972973101
3 0.68421142661649 0.2584966216216217 0.016562606910708346 0.010118243243243228
3 0.3197955867259665 0.6450337837837838 0.016498460485802283 0.010726351351351393
2 0.5845150530277113 0.7100168918918919 0.020616660964762265 0.014831081081081075
3 0.5638855627779679 0.6437331081081081 0.016755046185425893 0.01131756756756772
3 0.8060126582278481 0.2576858108108109 0.016626753335614197 0.010236486486486457
3 0.4415968183373247 0.6443750000000001 0.016190557646253823 0.010641891891891835
3 0.5619226821758467 0.2596283783783784 0.017139924734861416 0.011621621621621614
3 0.4401214505644886 0.2609121621621622 0.016318850496065664 0.011317567567567532
3 0.19849469722887447 0.6453547297297297 0.017075778309955495 0.01118243243243247
3 0.1968910366062265 0.26334459459459464 0.01702446117003079 0.011097972972973007
3 0.31833304823811154 0.2620439189189189 0.016318850496065664 0.011097972972973007
0 0.09240933971946631 0.6139864864864866 0.009108792336640427 0.01140202702702709
3 0.9292764283270614 0.6414695945945946 0.01728104686965454 0.010979729729729684