2 0.4628982104682656 0.30975055054530204 0.020448950264346934 0.013899835164114905
2 0.583941324140633 0.3087870962667786 0.019822338185992532 0.013799475343435385
3 0.4421130293326066 0.24455681103187923 0.017010225444109236 0.010608033045826346
2 0.7062070955268627 0.3076630662751678 0.020021020064495118 0.013588719720008366
3 0.4435802185892414 0.625924129614094 0.016490595915717787 0.010241719700345963
3 0.806465028063571 0.241827023909396 0.015390203973241605 0.009890460327967693
3 0.3222925733741015 0.6262452810402686 0.016689277794220372 0.010316989565855769
3 0.6846883197628864 0.24214817533557048 0.016429463030024506 0.010086161978292789
3 0.20027133353064425 0.24696544672818793 0.016429463030024648 0.01068832090237
3 0.5658459899754711 0.624639523909396 0.016429463030024648 0.010808752687185385
3 0.5634006745477464 0.24343278104026847 0.01720890732261182 0.010608033045826346
3 0.9277526732787109 0.24134529677013422 0.015741718065976965 0.009890460327967693
3 0.6871336351906109 0.623997221057047 0.016689277794220227 0.01072846483064173
3 0.20198305433005148 0.6268875838926175 0.016429463030024648 0.0103571334941275
3 0.9292198625353457 0.6217491610738256 0.016368330144331512 0.010121287915530578
2 0.10300891239289853 0.6924024748322148 0.019944603957378734 0.014622425873007501
3 0.8079322173202059 0.6230337667785235 0.01630719725863852 0.01020157577207423
2 0.22252370392293805 0.6924024748322148 0.01948610731468035 0.013749295433095578
2 0.3416105652531258 0.31151688338926176 0.020097436171611575 0.014341418375104904
2 0.343322286052533 0.6924024748322148 0.020372534157230476 0.013960051056522692
2 0.8270056776564576 0.30702076342281887 0.020280834828690843 0.013799475343435385
3 0.32082538411746675 0.2455202653104027 0.01586398383736331 0.009930604256239518
2 0.2210565146663033 0.3128014890939598 0.02005158650734169 0.014010230966862405
2 0.5858975764828127 0.6911178691275168 0.019898754293108844 0.01332778418624154
2 0.7076742847834976 0.6898332634228188 0.020128002614457928 0.013428144006921154
2 0.46460993126767286 0.6911178691275168 0.020953296571315064 0.014281202482697116
2 0.8284728669130925 0.6885486577181209 0.020953296571315207 0.013849655253775192
2 0.10068586273656016 0.31360436765939603 0.019898754293108882 0.014622425873007595