3 0.8192483361607723 0.6340206185567009 0.017108182174083192 0.010481674309554337
2 0.0988777241289312 0.706616556907906 0.020762103614772275 0.015791469847946635
3 0.9436382617773718 0.6330379615901802 0.01696463526034193 0.010154121987380657
3 0.6958501892209317 0.6350205151191256 0.016912436382617784 0.010895424611247217
3 0.3231893514289442 0.6373306209702444 0.016533994519117867 0.010567872289073537
3 0.20041759102179302 0.6383132779367651 0.01659924311627305 0.010326517946419436
3 0.5714602636043324 0.6363307244078198 0.01723867936839356 0.010809226631727637
2 0.4685501761712123 0.7046340033789608 0.021049197442254974 0.014791573285522289
3 0.44733133237635386 0.6370030686480709 0.016912436382617784 0.010516153501361902
2 0.3446691896124233 0.7053063476192117 0.020631606420461947 0.014912250456849244
2 0.22127104267258252 0.7059614522635589 0.020709904737048167 0.014739854497810465
2 0.5924442124494322 0.7039788987346136 0.020709904737048167 0.013791676723097562
2 0.09669842098394883 0.316260386856532 0.02017486624037584 0.014963969244560877
3 0.6933576928096046 0.2426817915388063 0.01731697768497978 0.010567872289073537
3 0.5699725955891948 0.24383684446436574 0.016912436382617784 0.010757507844016193
2 0.7168341380660315 0.7033237940902665 0.020605506981599873 0.013739957935386118
3 0.818243507764583 0.24168189497638173 0.015476967245204039 0.010240319966899952
3 0.44558266997259555 0.2453194497120987 0.01704293357692801 0.010481674309554146
2 0.8412240636826308 0.7013412405613212 0.021075296881117193 0.013912353894424707
3 0.19853843142372435 0.2477847119263524 0.016651441993997124 0.01098162259076651
3 0.9416416547044238 0.24152673861324686 0.016599243116272904 0.010240319966899952
3 0.3211927443559963 0.24647450263765816 0.01696463526034193 0.010274799158707708
2 0.5904476053764843 0.31146777919525565 0.020683805298186093 0.014670896114195048
2 0.34292052720866495 0.3136227286832396 0.02145373874461711 0.015205323587215073
2 0.21965287746313453 0.31527772989001135 0.020566357823306763 0.014619177326483511
2 0.46655356909826434 0.3124676757576802 0.020409761190134466 0.015084646415888024
2 0.7148375309930836 0.31015756990656135 0.02037061203184121 0.014343343792021464
2 0.8387315672713036 0.30900251698100195 0.020605506981599873 0.014670896114195048
0 0.0791465483492105 0.9217667137882285 0.009082604723998437 0.010723028652208628