3 0.4337049171751809 0.22896927637411346 0.018104547454672448 0.011072037067819167
3 0.17801250388135867 0.23151457225177305 0.017103225472344472 0.011209907261192408
3 0.947156989145696 0.22438774379432624 0.016764068026717142 0.010695545385915372
3 0.3068277318014904 0.6319744570035462 0.01803994603645777 0.01073796698387639
3 0.8189877754077114 0.22523617575354613 0.016828669444932037 0.010695545385915372
3 0.3052772977643374 0.22981770833333334 0.017361631145203327 0.010494042795600648
3 0.5647165933146128 0.6302775930851063 0.01770078859083051 0.01085992907801426
2 0.7125246381898693 0.2956560283687943 0.021156964465317542 0.014688478293993796
3 0.690301750324009 0.225914921320922 0.017490833981632828 0.011337172055075371
3 0.17969214075494114 0.632313829787234 0.01770078859083051 0.010616004889738519
3 0.6923689957068797 0.6292594747340425 0.018314502063870277 0.011029615469858148
2 0.5838386131061669 0.29667414671985815 0.020559401346831502 0.014465764904698612
3 0.5616157252403067 0.22727241245567376 0.018314502063870277 0.011337172055075371
2 0.07452103190139324 0.7008671320921986 0.021689926165588885 0.01569599124556741
3 0.4357721625580516 0.6312957114361701 0.017490833981632682 0.010695545385915276
3 0.8205382094448644 0.6279019835992907 0.017490833981632828 0.010494042795600648
2 0.20165662294794254 0.7001883865248227 0.020914709147012336 0.014688478293993702
2 0.3293090253402095 0.7001883865248227 0.021851429711125633 0.01492179708277926
2 0.32724177995733883 0.29955881538120566 0.021609174392820504 0.015632358848625925
2 0.4561862107139 0.29837101063829785 0.021108513401656516 0.015038456477171943
2 0.840693851927854 0.29480759640957444 0.022109835383984488 0.014635451296542593
2 0.5859058584890376 0.6988308953900709 0.021479971556391145 0.014190024517952034
3 0.9497410458742844 0.6272232380319149 0.017555435399847434 0.009820599927969813
2 0.71459188357274 0.6974734042553191 0.021108513401656516 0.014529397301639999
2 0.457736644751053 0.6995096409574467 0.022109835383984488 0.01498542947972074
2 0.1999769860743601 0.3010859929078014 0.021431520492730047 0.01498542947972074
2 0.8427610973107246 0.6961159131205674 0.022836601338899885 0.01498542947972074
2 0.07264759077316665 0.3022737976507092 0.02127001694719328 0.01569599124556741