3 0.19536123150219392 0.2486659163135593 0.016920753839370205 0.011091018935381385
2 0.09470127253075798 0.3164691472457627 0.019946728066118913 0.014487263307733068
3 0.317388273789039 0.24753045550847455 0.015855487402402526 0.010264768438824111
3 0.44015637098855714 0.24590836864406776 0.01718321078760868 0.01083756786281782
3 0.5621834132754022 0.24477290783898303 0.017044262991482338 0.010503012447033862
3 0.8082136442828873 0.2429886122881356 0.015786013504339568 0.010305320610434307
0 0.07765700953927557 0.9161546610169491 0.009093361324260077 0.010634807004767027
3 0.6851985287791448 0.24379965572033896 0.016411278586907326 0.010224216267214009
3 0.1972138687838768 0.6322894597457627 0.016982508415426274 0.010345872782044505
2 0.09686268269272132 0.6981461864406779 0.020456203318581685 0.014831956766419505
3 0.9307347231781811 0.24217756885593217 0.015786013504339568 0.010345872782044505
3 0.3186233653101609 0.631640625 0.01685899926331414 0.010421908103813469
3 0.44163848081390344 0.6309917902542372 0.016473033162963464 0.010675359176377129
3 0.6871746752129398 0.6290452860169491 0.016720051467187868 0.01091867220603812
2 0.21635778736126643 0.31517147775423726 0.02045620331858172 0.014213536149364454
3 0.564653596317646 0.6303429555084745 0.01596355791050073 0.010305320610434402
3 0.809201717499785 0.6277476165254237 0.016720051467187868 0.009463863049523222
2 0.8289631818377354 0.30933196504237287 0.02065690569076413 0.014102017677436436
2 0.7064421029424417 0.3098185911016949 0.02030181687844152 0.013939808990995744
2 0.46090590854340524 0.31192730402542374 0.020332694166469517 0.014102017677436436
2 0.5834269874386991 0.31095405190677966 0.019730587049922504 0.014041189420021189
2 0.3383848296481115 0.3133871822033898 0.020656905690763984 0.01442643505031782
3 0.9322168330035275 0.6274231991525424 0.016287769434795343 0.009686899993379256
2 0.21783989718661276 0.6974973516949152 0.019869534846048777 0.01410201767743653
2 0.8304452916630817 0.6942531779661016 0.0215369083995634 0.014325054621292375
2 0.7079242127677879 0.6949020127118644 0.020533396538651855 0.014213536149364358
2 0.3398669394734578 0.6974973516949152 0.02088848535097432 0.013939808990995744
2 0.5854031338724942 0.6961996822033898 0.020687782978791983 0.013990499205508513
2 0.46263503667297595 0.6968485169491525 0.021212696875268933 0.01454809156514822