3 0.17193137211661447 0.18825783972125437 0.01681735985533453 0.01
3 0.6740307855158117 0.18231707317073173 0.01649980152604436 0.011271777003484307
3 0.422537820314912 0.1843554006968641 0.016698275481850707 0.012090592334494754
3 0.5484100030873728 0.18297909407665508 0.016764433467119488 0.011707317073170742
3 0.1734530057777974 0.5804703832752613 0.016499801526044217 0.01158536585365842
3 0.2981872712036343 0.5801393728222997 0.01582499007630229 0.01132404181184673
3 0.6760552198650378 0.5778048780487806 0.016883517840603383 0.011062717770034852
3 0.9257619194636794 0.18013937282229966 0.017677413663829057 0.011271777003484307
3 0.4246416442464606 0.5791289198606272 0.016949675825872167 0.01167247386759584
3 0.800657169320337 0.5771254355400697 0.01649980152604436 0.010104529616724752
3 0.5499316367485556 0.5784668989547039 0.017889119216689363 0.011219512195121979
3 0.9277995854099591 0.5761324041811846 0.01649980152604436 0.011062717770034852
2 0.3179420456049045 0.2543379790940767 0.020852996956732626 0.015540069686411187
2 0.8209147444096503 0.249006968641115 0.021051470912539116 0.015121951219512179
2 0.19308869580558374 0.2551742160278746 0.020694217792087504 0.015662020905923366
2 0.5696864111498258 0.2510104529616725 0.020998544524324148 0.014547038327526138
2 0.6958099942663081 0.25017421602787454 0.02228200943853907 0.015069686411149802
2 0.4440656287213867 0.25350174216027876 0.021289639659506907 0.014721254355400693
2 0.1951131301548097 0.6491637630662022 0.02061482820976491 0.015296167247386734
2 0.31971507961010903 0.6484843205574914 0.021699819168173557 0.015662020905923366
2 0.697834428615534 0.6464982578397213 0.0220306090945179 0.015418118466899007
2 0.0690424734265426 0.25700348432055753 0.020072332730560565 0.015418118466899007
2 0.445335862038548 0.647822299651568 0.021183786883076827 0.015243902439024359
2 0.5717108454990517 0.6474912891986063 0.021699819168173557 0.015365853658536632
3 0.17572884047104487 0.9732752613240417 0.017558329290345308 0.010470383275261383
2 0.8229391787588763 0.6458188153310105 0.021541040003528366 0.015365853658536632
3 0.677060821241124 0.9727177700348434 0.018166982754818595 0.010714285714285931
3 0.42658668901336394 0.9739547038327526 0.017889119216689363 0.010714285714285931
3 0.5519560710977816 0.9732752613240417 0.018087593172495853 0.01043554006968634
3 0.8026816036695629 0.9719512195121952 0.0171481497816788 0.010156794425087127
3 0.30021170555286025 0.9732752613240417 0.016883517840603383 0.010034843205575043
3 0.9282229965156795 0.9699477351916376 0.01694967582587202 0.010261324041811879
2 0.06917478939708024 0.6498257839721254 0.020456049045119752 0.014059233449477423
3 0.29690380628941915 0.18602787456445996 0.017187844572839953 0.01050522648083619
3 0.7994530939884446 0.1818466898954704 0.017254002558108737 0.008954703832752577