2 0.10160285602195687 0.315531276216443 0.019638939528913157 0.015134260958473172
3 0.2008826623875754 0.24937408242449668 0.016184931487252172 0.010161431843802405
3 0.32082538411746675 0.2477683252936242 0.01675041067991344 0.010005874121749135
3 0.6851773828484312 0.24455681103187923 0.016689277794220227 0.010397277422399327
3 0.5643788007188363 0.24535968959731547 0.016307197258638374 0.010161431843802405
3 0.44284662396092395 0.24680487101510068 0.01675041067991351 0.010316989565855673
3 0.806954091149116 0.24343278104026847 0.01521444692687407 0.009850316399695866
0 0.0839965849423398 0.9095008389261746 0.008795493929096902 0.010161431843802499
3 0.9282417363642559 0.243111629614094 0.01586398383736324 0.009739920596948367
3 0.32302616800241885 0.627851038171141 0.016551728801410814 0.010121287915530578
2 0.1033757097070572 0.6936870805369127 0.020326684492960698 0.014562209980599808
3 0.20296118050114131 0.62849334102349 0.01586398383736331 0.010046018050020962
3 0.6876226982761559 0.6256029781879195 0.0168115435656065 0.010316989565855769
3 0.8089103434912956 0.624639523909396 0.016490595915717787 0.00985031639969596
2 0.22154557775184822 0.31456782193791955 0.02032668449296066 0.014010230966862405
3 0.44431381321755875 0.6275298867449666 0.016490595915717787 0.00973992059694846
3 0.566335053061016 0.626566432466443 0.01675041067991351 0.010316989565855769
2 0.8279838038275475 0.3083053691275168 0.020953296571315207 0.013849655253775192
2 0.3420996283386707 0.3132832162332215 0.020448950264346934 0.014180842662017596
3 0.9301979887064356 0.6236760696308725 0.015986249608749514 0.009815190462458077
2 0.7066961586124076 0.3092688234060403 0.020173852278728033 0.013428144006921154
2 0.46363180509658297 0.3119986105285235 0.020479516707193432 0.014010230966862405
2 0.5849194503117229 0.3113563076761745 0.020372534157230476 0.013428144006921154
2 0.22325729855125545 0.6943293833892619 0.020128002614458074 0.01347832391726096
2 0.8294509930841822 0.6891909605704699 0.020922730128468566 0.01358871972000846
2 0.7081633478690423 0.6904755662751679 0.020021020064495118 0.013277604275901921
2 0.3438113491380779 0.6924024748322148 0.02017385227872789 0.014180842662017691
2 0.5868757026539025 0.6911178691275168 0.020280834828690843 0.013428144006921154
2 0.46534352589599026 0.6917601719798658 0.02107556234270134 0.014451814177852308