3 0.18177361823439545 0.989183728448276 0.018046158882584044 0.010482998551993509
3 0.1781393223483195 0.21118332435344825 0.017983498608686192 0.010085954337284497
3 0.9265536337843737 0.9858836206896552 0.01716891504801384 0.010400495858028004
3 0.6779176669576604 0.9878636853448277 0.018046158882584044 0.010482998551993509
3 0.42978298232213014 0.989183728448276 0.01857877121071578 0.010441747205010945
3 0.8027369325622 0.9865436422413795 0.018187144498854283 0.009931261786099033
3 0.305214357813182 0.989183728448276 0.017560541759875627 0.01060159617456899
1 0.07926141013749453 0.2796605603448276 0.014944475324639902 0.015139244342672385
2 0.200947662047141 0.6684132543103448 0.021805775316455698 0.01579926589439651
3 0.5541009657354867 0.9885237068965518 0.018328130115124373 0.010364400929418024
2 0.32476436326931474 0.6677532327586208 0.02215040682289388 0.016232405037715503
2 0.4493329877782628 0.6677532327586208 0.021649124631711068 0.015500193628771513
3 0.3017053824749018 0.21019329202586212 0.01743522121207985 0.010400495858028004
2 0.6984702367961589 0.6657731681034483 0.021649124631710925 0.014912361934267248
2 0.5741522533828023 0.6670932112068966 0.02219740202831734 0.014912361934267248
3 0.7997292394151025 0.20524313038793104 0.01776418765004357 0.01012204926589438
3 0.5505919903972065 0.20705818965517242 0.017842512992415956 0.011240992052801744
3 0.4262740069838499 0.20854323814655173 0.018390790389022225 0.011158489358836239
2 0.8227882202095156 0.6651131465517243 0.022322722576113042 0.015314562567349223
2 0.19944381547359233 0.2781755118534483 0.021727449974083383 0.016108650996767247
2 0.32326051669576605 0.2765254579741379 0.022150406822893952 0.016170528017241375
1 0.08089057725883894 0.6697332974137932 0.01443536059921979 0.015262998383620736
2 0.6964651080314275 0.27306034482758623 0.02215040682289402 0.015675511853448256
3 0.17976848946966392 0.6017510775862069 0.01743522121207985 0.010725350215517248
3 0.675411256001746 0.2060681573275862 0.01756054175987548 0.00996735671470906
2 0.5721471246180707 0.2742153825431035 0.021931095864251397 0.015613634832974128
2 0.8207830914447839 0.27223531788793104 0.021147842440528114 0.0155517578125
3 0.30371051123963333 0.6010910560344828 0.017983498608686192 0.010364400929418024
2 0.4475785001091227 0.2758654364224138 0.02144547874154298 0.01485048491379312
3 0.6774163847664776 0.5984509698275863 0.017905173266313808 0.010524249898976261
3 0.42802849465299 0.6004310344827586 0.018108819156481895 0.010818165746228488
3 0.8017343681798341 0.5977909482758621 0.017905173266313808 0.00989001043911647
3 0.5520958369707551 0.5991109913793103 0.018610101347664706 0.011282243399784496
3 0.9240472228284592 0.20425309806034483 0.017905173266313808 0.010859417093211192
3 0.9265536337843737 0.5968009159482759 0.01832813011512452 0.010400495858028004
0 0.06121525125491053 0.9205414870689655 0.009406873618916416 0.010281898235452521