3 0.20232599734269074 0.21711409395973158 0.01577777399243689 0.009848993288590601
2 0.22252370392293808 0.2828588706679951 0.020448950264346934 0.014281202482697116
3 0.32278163645964636 0.2162954855285235 0.017010225444109198 0.009965730193477332
2 0.343322286052533 0.28116807361577184 0.020953296571315064 0.015254692743288558
2 0.7081633478690423 0.27795655935402686 0.020999146235585023 0.014622425873007595
3 0.44406928167478626 0.21485030411073827 0.017667403965310132 0.01027684563758387
2 0.4648544628104453 0.2798834679110738 0.021274244221203924 0.015194476850880866
3 0.6871336351906109 0.2126022441275168 0.017468722086807692 0.010477565278942932
3 0.8089103434912956 0.21163878984899331 0.01713249121549551 0.009965730193477332
2 0.5863866395683577 0.27892001363255037 0.020204418721574385 0.014562209980599808
3 0.5658459899754711 0.21372627411912754 0.01720890732261182 0.010939220454068775
2 0.8294509930841822 0.27699310507550334 0.021656324756785923 0.015023865155725673
3 0.20369477512945866 0.5970205012583893 0.017010225444109236 0.010397277422399421
3 0.3244933572590536 0.5960570469798658 0.017132491215495437 0.010316989565855769
2 0.3450340068519402 0.6615719379194632 0.020922730128468566 0.015314908635696345
2 0.22423542472234528 0.6628565436241611 0.020448950264346934 0.014963649263317886
3 0.9301979887064356 0.21099648699664433 0.017667403965310132 0.0103571334941275
3 0.5673131792321058 0.5944512898489933 0.017667403965310132 0.010858932597525192
3 0.44602553401696593 0.5954147441275168 0.01713249121549551 0.010121287915530578
3 0.6895789506183355 0.5938089869966443 0.017468722086807692 0.010608033045826346
2 0.710119600211222 0.6596450293624162 0.020999146235585023 0.014070446859270192
3 0.8103775327479305 0.5925243812919464 0.017545138193923858 0.0103571334941275
2 0.5878538288249924 0.6609296350671141 0.020479516707193432 0.014562209980599808
2 0.4663216520670801 0.6609296350671141 0.021442359656860015 0.01519447685088096
2 0.8314072454263619 0.6590027265100672 0.020922730128468566 0.014401634267512502
3 0.9321542410486152 0.5922032298657718 0.017407589201114407 0.010086161978292693
3 0.5692694315742854 0.9743734270134229 0.018156467050855087 0.009965730193477308
3 0.32620507805846083 0.9750157298657719 0.01780495295811973 0.009890460327967882
3 0.44700366018805576 0.9750157298657719 0.01774382007242659 0.00985031639969596
3 0.2061400905571833 0.9750157298657719 0.017667403965310205 0.00985031639969596
3 0.6905570767894254 0.9743734270134229 0.017804952958119583 0.009965730193477308
3 0.8113556589190203 0.973088821308725 0.01733117309399795 0.009815190462458077
3 0.9326433041341602 0.972446518456376 0.017545138193923858 0.00958938086592904