3 0.18914263343338114 0.20353066924111296 0.01658619339684194 0.009895528048822537
3 0.6843403366827612 0.19765196703789262 0.016273000130497133 0.011154018549805194
3 0.4363043194571316 0.19966899975864563 0.016468745921962683 0.01196427955728717
3 0.5604463004045412 0.19830707168223974 0.01653399451911772 0.011585008447402
3 0.19064335116794986 0.5916456918249835 0.016273000130497203 0.011464331276074807
3 0.31366305624429075 0.59131813950281 0.01560746443951462 0.011205737337516829
3 0.6863369437557092 0.5890080336516912 0.01665144199399705 0.01094714339895885
3 0.9326112488581495 0.1954970175499086 0.017434425159858966 0.011154018549805194
3 0.4383792248466658 0.5903182429403855 0.016716690591152234 0.011550529255594386
3 0.8092261516377398 0.5883356894114401 0.016273000130497133 0.009998965624245756
3 0.56194701813911 0.5896631382960383 0.017643220670755553 0.01110229976209375
3 0.9346209056505285 0.5873530324449194 0.016273000130497133 0.01094714339895885
2 0.3331462873548219 0.2689204565044995 0.020566357823306763 0.015377719546253853
2 0.8292052720866501 0.2636451401579147 0.020762103614772313 0.014963969244560877
2 0.21000913480360173 0.26974795710788535 0.020409761190134393 0.015498396717580997
2 0.581430249249641 0.26562769368686 0.020709904737048167 0.014395062579733192
2 0.7058201748662404 0.2648001930834741 0.021975727521858293 0.014912250456849244
2 0.4575362129714211 0.26809295590111365 0.020996998564530828 0.01456745853877178
2 0.21200574187654964 0.659621418473951 0.020331462873548173 0.015136365203599657
2 0.33489494975858014 0.6589490742336999 0.021401539866892822 0.015498396717580902
2 0.7078167819391883 0.6569837603006585 0.02172778285266874 0.015257042374926802
2 0.08766801513767454 0.27155811467779195 0.019796424376875885 0.015257042374926802
2 0.4587889860368002 0.6582939695893528 0.020892600809082534 0.015084646415888024
2 0.583426856322589 0.6579664172671792 0.021401539866892822 0.015205323587215169
3 0.19288790291008742 0.9803468606695857 0.01731697768497978 0.010360997138227001
2 0.8312018791595981 0.6563114160604074 0.021244943233720524 0.015205323587215169
3 0.6873287224324677 0.9797951936006619 0.017917264778807177 0.010602351480881293
3 0.4402975336030275 0.9810192049098367 0.017643220670755553 0.010602351480881293
3 0.5639436252120579 0.9803468606695857 0.017838966462220957 0.010326517946419245
3 0.8112227587106876 0.9790366513808915 0.016912436382617784 0.0100506844119572
3 0.3156596633172386 0.9803468606695857 0.016651441993997124 0.009930007240630244
3 0.9350384966723214 0.9770540978519463 0.016716690591152092 0.010154121987380848
2 0.08779851233198485 0.660276523118298 0.02017486624037584 0.013912353894424707
3 0.31239723345948056 0.20132400096541736 0.016951585540910894 0.010395476330034757
3 0.8080386271695159 0.19718649794848805 0.017016834138066077 0.008861152294590195