3 0.18032718552847574 0.2389544823133491 0.017199271743215935 0.009524500466579202
2 0.07569859571199572 0.307336211622807 0.020534750805670573 0.014712256716008766
3 0.30607133315522306 0.23765762061403506 0.016523682749465685 0.010462282415021965
3 0.43289139727491316 0.23631441885964913 0.017051034326576245 0.011301783511513197
3 0.5602228326208923 0.23513911732456136 0.01724279853643467 0.011175858347039498
3 0.6865315255142933 0.23346011513157894 0.01677936836261025 0.010142222621984635
3 0.8143743320865616 0.23278851425438593 0.01698711292329025 0.0100267912212171
3 0.18116891113411698 0.6359169407894736 0.01764230730697302 0.011396227384868401
2 0.07812760903686881 0.7047560307017543 0.021046122031959668 0.015950520833333332
3 0.9406830249799626 0.2319490131578947 0.01698711292329025 0.009984816166392534
3 0.3070940756078012 0.6352453399122806 0.01772220906108066 0.010220925849780732
2 0.20124023176596312 0.30632881030701753 0.02072651501552896 0.014712256716008766
3 0.6885770104194495 0.6328947368421052 0.017578385903686808 0.010624935752467195
3 0.8148857033128506 0.6322231359649122 0.01785005186765309 0.010220925849780732
3 0.5617569462997596 0.6342379385964912 0.01757838590368695 0.010708885862116138
3 0.4346811965669249 0.6349095394736842 0.017514464500400808 0.010220925849780732
2 0.32754892465936414 0.3044819078947368 0.02182915922221487 0.015289413719846531
2 0.8353405523644135 0.30062020285087715 0.021669355713999586 0.014649294133771964
2 0.45436898877905424 0.30347450657894737 0.021413670100854876 0.015352376302083333
2 0.5811890528987443 0.3024671052631579 0.020966220277852027 0.014481393914473699
2 0.7085204882447235 0.30129180372807013 0.021333768346747307 0.014596825315241233
3 0.9427285098851188 0.6312157346491227 0.017306719939720813 0.010063519394188536
2 0.20315787386454714 0.7047560307017543 0.021014161330316597 0.014880156935306938
2 0.8373860372695698 0.7007264254385964 0.022004943081251577 0.014764725534539403
2 0.5832345378039006 0.7034128289473685 0.021413670100854876 0.014313493695175528
2 0.3293387239513759 0.7040844298245613 0.021701316415642585 0.015173982319078997
2 0.7100546019235907 0.7020696271929824 0.021205925540175023 0.014313493695175528
2 0.45615878807106597 0.7034128289473685 0.02208484483535929 0.01553077028508767