2 0.4682741116751269 0.7406205673758864 0.022653634301760435 0.016560283687943336
3 0.3163408575440112 0.27008865248226954 0.017172480829463196 0.010656028368794352
3 0.19009882276703746 0.6724113475177305 0.01818500918025705 0.011560283687943146
2 0.3401150232206502 0.7406205673758864 0.02219462144940059 0.015939716312056665
3 0.4447699535586996 0.26872340425531915 0.01818500918025705 0.011471631205673797
2 0.7253888108867047 0.7385815602836879 0.022059617669294696 0.015035460992907777
2 0.5967032076898153 0.73927304964539 0.02253213089966526 0.015815602836879446
2 0.21245544875256508 0.7412943262411347 0.02103358894049034 0.01526595744680852
3 0.1886812830759261 0.27143617021276595 0.01803650502214065 0.011382978723404259
2 0.08590290528134788 0.7412943262411347 0.02219462144940059 0.016560283687943336
3 0.9595123663462578 0.6676595744680851 0.018036505022140437 0.0107446808510637
3 0.5749945998487958 0.6707092198581559 0.01796900313208756 0.011524822695035368
3 0.7031671886812831 0.6696985815602836 0.018104006912193743 0.01111702127659574
2 0.8535613997191922 0.7372340425531915 0.02292364186197208 0.015567375886524815
3 0.5724160276487742 0.2677127659574468 0.01796900313208756 0.011382978723404259
2 0.852008856247975 0.3350709219858156 0.02265363430176029 0.01611702127659574
3 0.7011016308456637 0.2663475177304964 0.017698995571875913 0.010815602836879445
2 0.7233232530510855 0.33592198581560284 0.022194621449400737 0.01569148936170213
3 0.8297872340425532 0.26567375886524824 0.017766497461928935 0.0104432624113475
3 0.3178799006372178 0.6717375886524823 0.017496489901717288 0.010939716312056666
2 0.4667215682039097 0.33812056737588647 0.02219462144940059 0.015815602836879446
3 0.8313397775137703 0.6683333333333333 0.017969003132087706 0.010212765957446853
2 0.5951506642185981 0.3374468085106383 0.021978615401231246 0.015567375886524815
3 0.9579598228750404 0.264822695035461 0.017915001620045404 0.010992907801418426
2 0.21103790906145373 0.34083333333333327 0.020912085538395093 0.015443262411347499
3 0.4463089966519062 0.6713829787234042 0.01769899557187606 0.010780141843971667
2 0.3383059725672318 0.33948581560283686 0.02296414299600395 0.015744680851063796
2 0.08344583648342153 0.34253546099290777 0.02156010368290313 0.01569148936170213
0 0.0656793390214926 0.9530673758865248 0.009612269143536026 0.011294326241134437