3 0.8137790084388186 0.6326215277777778 0.016890822784810126 0.010590277777777905
2 0.08560126582278481 0.7057291666666667 0.02097837552742615 0.01609375
3 0.9389636075949368 0.6319618055555556 0.016890822784810126 0.010225694444444381
3 0.6880933544303799 0.6339583333333334 0.01728639240506329 0.010972222222222286
3 0.18786919831223628 0.6369444444444444 0.016890822784810126 0.010590277777777905
2 0.45892668776371315 0.7037326388888889 0.0214662447257383 0.014947916666666667
2 0.3337552742616034 0.7043923611111113 0.02138713080168781 0.015190972222222286
3 0.5629087552742617 0.6349479166666667 0.017220464135021048 0.010833333333333334
2 0.20895305907172998 0.7057291666666667 0.02103111814345989 0.015017361111111047
3 0.3120516877637131 0.6362847222222223 0.017022679324894537 0.0109375
2 0.5841112869198313 0.7037326388888889 0.021031118143459964 0.013940972222222096
2 0.7097969409282701 0.7024131944444445 0.020780590717299673 0.0140625
3 0.4372231012658228 0.6356076388888889 0.017141350210970418 0.010590277777777905
2 0.08338607594936709 0.3142708333333334 0.020622362869198337 0.0153125
3 0.8117616033755275 0.2391840277777778 0.015822784810126583 0.010121527777777715
2 0.8354825949367088 0.7010763888888889 0.02167721518987342 0.01421875
2 0.5825949367088608 0.30961805555555555 0.020925632911392406 0.01484375
2 0.2074367088607595 0.31328125 0.02078059071729953 0.014774305555555523
2 0.7082805907172995 0.308125 0.020899261603375335 0.014722222222222286
3 0.6865770042194094 0.24000000000000005 0.016824894514768027 0.010711805555555618
2 0.33198839662447255 0.31161458333333336 0.021756329113924052 0.015729166666666666
2 0.4571598101265823 0.3102951388888889 0.020978375527426114 0.01553819444444438
3 0.18623417721518992 0.24548611111111115 0.0162447257383966 0.011024305555555619
3 0.4359704641350211 0.24300347222222224 0.01782700421940933 0.010642361111111142
3 0.5614055907172996 0.24133680555555556 0.017497362869198264 0.010885416666666667
3 0.9369462025316457 0.23883680555555556 0.01670622362869208 0.010399305555555525
2 0.8334651898734179 0.30713541666666666 0.020978375527426256 0.01456597222222219
3 0.3097705696202532 0.24432291666666667 0.017352320675105462 0.010520833333333333
0 0.06546677215189875 0.9230555555555556 0.009150843881856547 0.01055555555555543