2 0.22043977756296712 0.28523957444539244 0.020977825656402556 0.015157758172461608
3 0.6948828411889229 0.9879879479522183 0.01828001215735294 0.010493047408276274
3 0.19972553138635674 0.21811673421501704 0.01779936722361427 0.010952373413502603
3 0.3252513824685704 0.9892944752559726 0.0184505635854538 0.010416493074072074
2 0.34286469358880195 0.28360641531569963 0.021179386435067248 0.01612744640571672
2 0.4661578714304229 0.2822998880119454 0.021830582796906705 0.0159437160036263
3 0.4480484107011707 0.9892944752559726 0.01792340462586938 0.010452218430034084
3 0.4450715130470471 0.21517704778156996 0.01806294670340655 0.011085067592790097
3 0.5718377381518123 0.9892944752559726 0.018481572936017633 0.01021745180514093
3 0.3222744848144468 0.2166468909982935 0.01738074099100312 0.010870715457017942
3 0.2036947282585216 0.9892944752559726 0.018311021507916775 0.010656363321245787
3 0.817431794617013 0.9873346843003412 0.017582301769667665 0.01021745180514093
3 0.5688608404976886 0.21419715230375427 0.017799367223614342 0.011391284929607556
3 0.6919059435347992 0.21289062499999994 0.01806294670340655 0.011166725549274758
2 0.7132403767226854 0.28034009705631396 0.021256909811476755 0.01493319879212881
2 0.5896991240765541 0.2818099402730375 0.021024339682248233 0.01475967563459894
3 0.8149510465719099 0.21207404543515357 0.01765982514607717 0.010334835117587413
2 0.8362854797597961 0.27968683340443684 0.021551498641832652 0.015219001639825081
3 0.20133801761567371 0.603215656996587 0.017721843847204835 0.01143211390784984
3 0.5703492893247505 0.6015824978668941 0.017721843847204835 0.010829886478775658
3 0.3237629336415086 0.6028890251706485 0.017520283068540216 0.010952373413502603
3 0.44730418628763985 0.6022357615187712 0.018000928002278888 0.010334835117587508
2 0.34460121722037407 0.6691952858361774 0.020931311630556882 0.015045478482295304
3 0.6938905419708817 0.6006026023890785 0.01814047007981606 0.010707399544048712
2 0.591187572903616 0.6678887585324231 0.021179386435067248 0.015157758172461512
3 0.9409730472631441 0.9866814206484641 0.01806294670340655 0.010018410536209407
2 0.4678943950619951 0.6685420221843004 0.021675536044087833 0.01545376826471852
2 0.22267245080355982 0.6698485494880545 0.02125690981147661 0.01481071185740196
3 0.9384922992180412 0.21125746587030714 0.01765982514607717 0.010993202391744887
2 0.7147288255497473 0.6669088630546075 0.020621218124919138 0.014198277183767042
3 0.8169356450079924 0.5996227069112627 0.017721843847204835 0.01057470536476103
2 0.8382700781958785 0.6656023357508531 0.0214584705901413 0.01442283656409984
3 0.9404768976541236 0.5989694432593856 0.017799367223614342 0.01053387638651884
0 0.07959530730224218 0.9213550554607508 0.009233034130367858 0.01125859075031978