3 0.9282417363642559 0.971804215604027 0.016872676451299785 0.010086161978292693
3 0.5643788007188363 0.9743734270134229 0.017468722086807546 0.010121287915530578
3 0.4433356870464689 0.9756580327181209 0.01788136906523604 0.010161431843802499
3 0.20186078855866524 0.9750157298657719 0.01740758920111448 0.010276845637583847
3 0.322048041831329 0.9750157298657719 0.017331173093998096 0.010397277422399232
1 0.10141945736487754 0.284540163590604 0.014305095252188892 0.014562209980599808
3 0.807443154234661 0.973088821308725 0.017407589201114407 0.009775046534186154
3 0.19807054964569212 0.21838296979865773 0.0170713583298023 0.009815190462458077
3 0.6856664459339761 0.9737311241610739 0.017407589201114407 0.010276845637583847
2 0.2202006542665997 0.6634988464765101 0.021274244221203997 0.015375124528104038
2 0.3408769706248084 0.6628565436241611 0.02173274086390238 0.01567620399014269
2 0.5844303872261779 0.6615719379194632 0.02168689119963242 0.014903433370910192
2 0.46265367892549314 0.6622142407718121 0.021121412006971155 0.015736419882550385
2 0.7057180324413179 0.6602873322147652 0.021365943549743558 0.014732821675755
3 0.31862460023251465 0.21709836409395977 0.01746872208680758 0.010276845637583918
3 0.8045087757213913 0.2122810927013423 0.017606271079617142 0.009850316399695889
3 0.43991224544765445 0.21549260696308725 0.018156467050855087 0.010858932597525192
2 0.8270056776564576 0.6596450293624162 0.021488209321129832 0.014963649263317886
3 0.5614444222055668 0.214047425545302 0.01727004020830496 0.010608033045826346
2 0.21848893346719248 0.2830949821728188 0.02099914623558495 0.015254692743288558
3 0.19941547313094063 0.5983051069630873 0.017132491215495437 0.0103571334941275
1 0.10264211507873983 0.664783452181208 0.014862932834138533 0.014793037568162692
2 0.3394097813681736 0.2818103764681208 0.021518775763976473 0.015615988097734904
2 0.703761780099138 0.2782777107802014 0.021488209321129832 0.015194476850880866
2 0.5824741348839982 0.27924116505872487 0.021610475092516106 0.015495556312919424
3 0.32058085257469426 0.5976628041107382 0.01754513819392393 0.009965730193477308
2 0.46094195812608596 0.2806863464765101 0.021518775763976473 0.014903433370910192
2 0.8250494253142779 0.2773142565016779 0.020831030799928933 0.015194476850880866
3 0.6832211305062516 0.21340512269295303 0.016872676451299785 0.009890460327967693
3 0.6846883197628864 0.5950935927013423 0.01713249121549551 0.010316989565855769
3 0.806465028063571 0.5941301384228188 0.017468722086807692 0.009775046534186154
3 0.44162396624706163 0.5966993498322148 0.017667403965310132 0.010608033045826346
3 0.5629116114622015 0.5957358955536913 0.01826344960081804 0.011109832149224038
3 0.9257964209365313 0.21131763842281884 0.017468722086807692 0.010357133494127525
3 0.9277526732787109 0.5934878355704699 0.017606271079617142 0.010046018050020962
0 0.08387431917095357 0.9075739303691277 0.009315123457488368 0.01068832090237