2 0.2224014381515518 0.28213152789429535 0.02067819858569609 0.014903433370910192
3 0.6900680137038804 0.973088821308725 0.01801891805804549 0.010316989565855769
3 0.20198305433005148 0.21613490981543626 0.01754513819392393 0.010768608758913582
3 0.32571601497291597 0.9743734270134229 0.018187033493701692 0.010241719700345963
2 0.3430777545097605 0.28052577076342283 0.02087688046419875 0.01585685166736577
2 0.46460993126767286 0.27924116505872487 0.021518775763976473 0.015676203990142596
3 0.4467591286452833 0.9743734270134229 0.017667403965310132 0.010276845637583847
3 0.4438247501320138 0.2132445469798658 0.01780495295811973 0.01089907652579697
3 0.5687803684887406 0.9743734270134229 0.018217599936548222 0.01004601805002115
3 0.3227816364596464 0.21468972839765102 0.017132491215495437 0.010688320902369975
3 0.2058955590144108 0.9743734270134229 0.01804948450089213 0.010477565278943075
3 0.8108665958334753 0.972446518456376 0.01733117309399795 0.01004601805002115
3 0.5658459899754711 0.2122810927013423 0.017545138193924004 0.011200155987835577
3 0.6871336351906109 0.21099648699664433 0.017804952958119583 0.0109793643823406
2 0.7081633478690423 0.2773142565016779 0.020953296571315207 0.014682641765415288
2 0.5863866395683577 0.2787594379194631 0.02072404824996598 0.014512030070260095
3 0.8084212804057508 0.21019360843120807 0.017407589201114407 0.010161431843802428
2 0.8294509930841822 0.2766719536493289 0.021243677778357284 0.014963649263317981
3 0.20357250935807245 0.5947724412751679 0.017468722086807546 0.011240299916107309
3 0.5673131792321058 0.5931666841442954 0.017468722086807546 0.010648176974098079
3 0.32424882571628116 0.5944512898489933 0.01727004020830496 0.010768608758913653
3 0.44602553401696593 0.5938089869966443 0.01774382007242659 0.010161431843802499
2 0.34478947530916776 0.6596450293624162 0.0206323489214262 0.014793037568162692
3 0.6890898875327907 0.5922032298657718 0.01788136906523604 0.010527745189282693
2 0.5878538288249924 0.6583604236577182 0.02087688046419875 0.014903433370910192
3 0.9326433041341602 0.971804215604027 0.017804952958119583 0.00985031639969596
2 0.4663216520670801 0.6590027265100672 0.021365943549743704 0.01519447685088096
2 0.22460222203650396 0.6602873322147652 0.020953296571315134 0.014562209980599808
3 0.9301979887064356 0.2093907298657718 0.017407589201114407 0.010808752687185385
2 0.7096305371256773 0.6573969693791947 0.02032668449296066 0.013960051056522692
3 0.8103775327479305 0.5912397755872484 0.017468722086807692 0.010397277422399421
2 0.8314072454263619 0.6561123636744968 0.02115197844981765 0.014180842662017691
3 0.9321542410486152 0.5905974727348994 0.017545138193923858 0.0103571334941275
0 0.083568654742488 0.9075739303691277 0.009101158357562478 0.011069688220952306