3 0.32596054651568834 0.9621696728187921 0.01766740396531017 0.010608033045826156
3 0.2058955590144108 0.9621696728187921 0.01727004020830496 0.01000587412174923
3 0.44700366018805576 0.9621696728187921 0.016949092558416097 0.01004601805002115
3 0.8113556589190203 0.960242764261745 0.017545138193923858 0.010437421350671154
3 0.6900680137038804 0.9615273699664431 0.017606271079617142 0.01004601805002115
3 0.5687803684887406 0.9615273699664431 0.01780495295811973 0.01004601805002115
2 0.4663216520670801 0.6484047294463088 0.02173274086390238 0.015314908635696345
2 0.3450340068519402 0.6490470322986578 0.021778590528172197 0.014963649263317886
3 0.5673131792321058 0.581926384228188 0.017407589201114407 0.010046018050020962
2 0.5878538288249924 0.6477624265939598 0.021151978449817796 0.01519447685088096
3 0.3240042941735087 0.583210989932886 0.01766740396531017 0.010397277422399421
3 0.6890898875327907 0.5809629299496645 0.017407589201114407 0.010161431843802499
3 0.20357250935807245 0.5841744442114094 0.017468722086807546 0.010527745189282693
3 0.44553647093142107 0.583210989932886 0.01774382007242659 0.009775046534186154
2 0.2238686274081866 0.6496893351510067 0.02032668449296066 0.015023865155725768
3 0.8103775327479305 0.5796783242449666 0.017010225444109236 0.009815190462458077
2 0.7096305371256773 0.6471201237416108 0.02104499589985484 0.014793037568162692
2 0.8309181823408169 0.6458355180369127 0.02104499589985484 0.015314908635696345
3 0.9321542410486152 0.9596004614093961 0.0168115435656065 0.009930604256239425
3 0.9316651779630702 0.5790360213926175 0.017071358329802225 0.010046018050020962
2 0.10429270299245394 0.6500104865771813 0.020479516707193467 0.01543534042051173
0 0.08344638897110178 0.9075739303691277 0.008826060371943452 0.010437421350671154