2 0.20423259493670887 0.7119618055555555 0.020846518987341772 0.01484375
2 0.32853375527426165 0.7113020833333333 0.021716772151898735 0.015121527777777904
2 0.5791534810126583 0.7099826388888889 0.021294831223628644 0.01421875
3 0.9324894514767933 0.24442708333333332 0.016310654008438626 0.0103125
2 0.704839135021097 0.7086458333333334 0.020978375527426256 0.014114583333333333
2 0.4542194092827005 0.7106423611111111 0.021835443037974682 0.015659722222222287
2 0.8305247890295359 0.7079861111111111 0.0214662447257383 0.014895833333333334
2 0.08069620253164558 0.7119618055555555 0.02126845991561181 0.015850694444444383
2 0.20259757383966245 0.31852430555555555 0.020978375527426183 0.014322916666666666
2 0.3272679324894515 0.3171875 0.021624472573839565 0.014722222222222286
2 0.5776371308016878 0.31503472222222223 0.020543248945147776 0.01484375
2 0.7033227848101266 0.3136979166666667 0.021215717299577868 0.01484375
2 0.45270305907173 0.31602430555555555 0.020978375527426114 0.01519097222222219
2 0.07867879746835445 0.31984375 0.020846518987341772 0.01519097222222219
2 0.8290084388185655 0.31270833333333337 0.02150580168776362 0.015416666666666667
3 0.9339926160337554 0.639201388888889 0.016640295358649693 0.010069444444444381
3 0.8073048523206752 0.24524305555555556 0.017220464135020905 0.01046875
3 0.6836366033755276 0.6411805555555556 0.017352320675105677 0.010798611111111238
3 0.5584520042194092 0.6421875 0.016376582278481013 0.010885416666666667
3 0.3060785864978903 0.24956597222222224 0.016824894514767957 0.010885416666666667
3 0.6816191983122364 0.24607638888888891 0.016956751054852226 0.010711805555555618
0 0.060561708860759504 0.9186631944444443 0.009256329113924069 0.01102430555555543
3 0.4327663502109705 0.6431770833333335 0.016890822784810126 0.011024305555555619
3 0.1811445147679325 0.2509027777777778 0.01728639240506329 0.01128472222222219
3 0.1829113924050633 0.6438541666666667 0.017681962025316456 0.01171875
3 0.5559335443037975 0.24708333333333332 0.01797204641350206 0.01140625
3 0.8083069620253165 0.6401909722222223 0.01728639240506329 0.009965277777777715
3 0.30733122362869203 0.6438541666666667 0.01741824894514763 0.010520833333333333
3 0.4309994725738397 0.2484027777777778 0.016706223628691935 0.011319444444444382
0 0.07318037974683546 0.6086284722222223 0.009177215189873435 0.01149305555555562