3 0.19741703729045504 0.20771959459459463 0.015549093397194689 0.009003378378378338
3 0.5625256585699624 0.20331081081081084 0.01637016763599037 0.011148648648648654
3 0.44048067054396167 0.20444256756756757 0.01599811837153613 0.011722972972972959
3 0.6867772836127268 0.5875844594594596 0.016370167635990515 0.01059121621621614
3 0.3199110502907972 0.589847972972973 0.015510605542251121 0.010979729729729684
2 0.21800803968525492 0.2729898648648649 0.020360075265138583 0.014662162162162151
2 0.46062264796442015 0.2699155405405405 0.0201034895655149 0.014054054054054082
2 0.3390651727677044 0.2708952702702703 0.020257440985289026 0.014493243243243227
2 0.8267447827574411 0.2671621621621622 0.020218953130345458 0.014611486486486455
2 0.5831551488197059 0.2689527027027027 0.02092456380431051 0.014442567567567626
2 0.7049435511460828 0.2681418918918919 0.021745638043106554 0.014831081081081075
2 0.2198426274375642 0.6554729729729731 0.020360075265138583 0.014662162162162151
2 0.5851180294218269 0.6538682432432432 0.02112983236400963 0.014493243243243227
2 0.3407842969551831 0.6551520270270271 0.021168320218953197 0.014898648648648797
2 0.4625855285665413 0.6545101351351352 0.020488368114950424 0.014273648648648798
3 0.20154806705439615 0.9707094594594595 0.016755046185425965 0.010185810810810759
2 0.7074067738624701 0.6528885135135135 0.021360759493670885 0.014543918918918925
2 0.8287076633595623 0.6522466216216217 0.021040027369141356 0.015
2 0.0978617858364694 0.2749324324324324 0.01948768388641805 0.014831081081081075
3 0.5664514197742045 0.9707094594594595 0.01788402326377018 0.010591216216216328
3 0.4446501881628464 0.9713682432432432 0.017409339719466385 0.010793918918919114
3 0.6872647964420118 0.9700675675675675 0.01728104686965454 0.010388513513513544
3 0.32211768730756074 0.9707094594594595 0.01649846048580221 0.010236486486486457
3 0.808578515224085 0.9687837837837838 0.016755046185425893 0.009662162162162152
3 0.9308672596647282 0.9674831081081081 0.01649846048580221 0.010185810810810759
2 0.0978617858364694 0.6564527027027028 0.019949538145740707 0.01290540540540538
3 0.3187435853575094 0.20613175675675677 0.016318850496065664 0.009442567567567579
3 0.6845321587410197 0.20238175675675676 0.016755046185425893 0.008902027027027042
3 0.8061024632227165 0.2017060810810811 0.01690899760520016 0.008969594594594621
3 0.9280063291139242 0.20113175675675676 0.016652411905576477 0.009611486486486503
3 0.44207150188162847 0.5896621621621622 0.016113581936366687 0.01121621621621614
3 0.5637957577830995 0.5891554054054053 0.016562606910708204 0.009746621621621519
3 0.8079498802600068 0.5871114864864866 0.015844166951761864 0.009695945945946012
3 0.9300076975709888 0.5861655405405405 0.015420800547382919 0.008462837837837849
3 0.19937991789257614 0.5905574324324324 0.01593397194663021 0.010168918918918924