2 0.2131345653420368 0.26224738675958187 0.021104397300754158 0.014895470383275248
3 0.19187138887663743 0.19439024390243906 0.018233140740087306 0.010801393728222971
2 0.3378688307678737 0.26059233449477354 0.021752745556388668 0.015905923344947722
3 0.44550787280024695 0.9803658536585367 0.018524235875270134 0.010313588850174256
3 0.1960393419485732 0.9803658536585367 0.018524235875270134 0.010383275261323963
2 0.46399241388435586 0.2589198606271777 0.02233493582675433 0.01627177700348426
3 0.4424646054778812 0.19139372822299652 0.01829929872535616 0.01118466898954703
3 0.3171084549905174 0.19273519163763067 0.018087593172496 0.010749128919860643
3 0.5688395889383849 0.19040069686411154 0.018034666784280885 0.011811846689895494
3 0.694460371366824 0.18905923344947737 0.018087593172496 0.011219512195121932
2 0.71623958011732 0.25724738675958186 0.021951219512195017 0.015296167247386734
3 0.6980064393772328 0.9796864111498259 0.018378688307678755 0.010383275261323963
3 0.5718828562607506 0.9803658536585367 0.018868257398668004 0.010470383275261383
3 0.8231244211176291 0.9790243902439025 0.01803466678428103 0.010505226480836048
2 0.590115997000838 0.258588850174216 0.021501345212367066 0.015
3 0.8200811537952631 0.18806620209059235 0.018166982754818595 0.010627177700348416
2 0.8418603625457594 0.25625435540069685 0.022427557006130593 0.015540069686411187
3 0.5703612225995678 0.5842160278745645 0.018378688307678755 0.011219512195121979
3 0.31888148899572183 0.5855400696864111 0.018034666784280885 0.011062717770034852
3 0.19364442288184186 0.5862020905923345 0.018087593172495926 0.011358885017421584
3 0.4447536717681825 0.5848780487804879 0.018233140740087233 0.010557491289198424
2 0.33989326511709966 0.6535714285714286 0.021263176465399422 0.015592334494773657
3 0.69648480571605 0.5832055749128919 0.01872270983107677 0.010871080139372869
2 0.21542363163233805 0.6542334494773518 0.02162042958585096 0.015365853658536632
2 0.5916376306620209 0.6515679442508711 0.021183786883076827 0.015470383275261384
3 0.9462047369117453 0.18756097560975613 0.01803466678428103 0.011097560975609752
2 0.4660168482335818 0.6535714285714286 0.022255546244431733 0.016027874564459997
3 0.9487319719490143 0.9783623693379792 0.01803466678428103 0.010226480836236836
2 0.8438847968949852 0.650226480836237 0.021951219512195017 0.015069686411149709
2 0.7182640144665461 0.6515679442508711 0.02167335597406622 0.014425087108013865
3 0.8221055881444892 0.582212543554007 0.01829929872535616 0.010923344947735246
3 0.9482291712609713 0.5815331010452962 0.018378688307678755 0.010627177700348512
0 0.06966435848806952 0.910993031358885 0.009037180787721092 0.011097560975609516
3 0.321117628897808 0.9830662020905923 0.019423984474926034 0.01104529616724714