3 0.32571601497291597 0.9743734270134229 0.018018918058045636 0.010316989565855769
2 0.2224014381515518 0.28116807361577184 0.020280834828690843 0.014853253460570481
3 0.20186078855866524 0.21645606124161076 0.017468722086807546 0.010316989565855698
3 0.4467591286452833 0.9743734270134229 0.01788136906523604 0.010241719700345963
2 0.46460993126767286 0.2782777107802014 0.02132009388547374 0.015495556312919424
3 0.2058955590144108 0.9743734270134229 0.01804948450089213 0.010527745189282693
2 0.3430777545097605 0.2794017407718121 0.02104499589985484 0.01543534042051173
3 0.4438247501320138 0.21340512269295303 0.01794250195092918 0.010728464830641802
3 0.32253710491687393 0.21485030411073827 0.017331173093998023 0.01027684563758387
3 0.5653569268899261 0.21260224412751683 0.017468722086807546 0.011019508310612427
3 0.6905570767894254 0.973088821308725 0.01815646705085523 0.010161431843802499
3 0.6871336351906109 0.21115706270973156 0.017667403965310132 0.010477565278942932
3 0.5687803684887406 0.9743734270134229 0.01808005094373877 0.010316989565855769
2 0.7081633478690423 0.27619022651006714 0.020922730128468566 0.014903433370910192
3 0.8113556589190203 0.972446518456376 0.017606271079617142 0.010201575772074421
3 0.8084212804057508 0.21035418414429533 0.01713249121549551 0.010005874121749182
3 0.20357250935807245 0.5963781984060403 0.01760627107961707 0.010648176974098079
2 0.5868757026539025 0.27763540792785235 0.020479516707193432 0.014451814177852308
2 0.8289619299986373 0.27554792365771813 0.02156462542824629 0.015084081048133366
3 0.5673131792321058 0.5941301384228188 0.017545138193924004 0.010899076525796924
2 0.34478947530916776 0.6615719379194632 0.020922730128468566 0.015314908635696345
3 0.32424882571628116 0.5957358955536913 0.017407589201114446 0.010648176974098079
3 0.44578100247419344 0.5950935927013423 0.01794250195092918 0.01020157577207423
2 0.5878538288249924 0.6602873322147652 0.02055593281430989 0.014451814177852308
2 0.4663216520670801 0.6609296350671141 0.021488209321129832 0.01543534042051173
3 0.6890898875327907 0.5934878355704699 0.01788136906523604 0.01072846483064173
2 0.22423542472234528 0.6622142407718121 0.020632348921426274 0.015134260958473079
3 0.9301979887064356 0.21003303271812082 0.017071358329802225 0.010567889117554519
2 0.7096305371256773 0.6590027265100672 0.021121412006971298 0.014120626769609809
3 0.8103775327479305 0.5922032298657718 0.017606271079617142 0.0103571334941275
3 0.9326433041341602 0.9711619127516778 0.017545138193923858 0.009699776668676729
2 0.8309181823408169 0.6583604236577182 0.02107556234270148 0.014451814177852308
3 0.9321542410486152 0.5918820784395974 0.017804952958119583 0.01020157577207423
0 0.08387431917095357 0.9082162332214765 0.008826060371943452 0.010567889117554614