2 0.09891203320112044 0.31451910895270274 0.01972158029395098 0.015125377758129256
3 0.19867099966857682 0.24791490709459463 0.016621378566808478 0.010972718934755031
3 0.3196095620937393 0.24613663956925677 0.016621378566808547 0.010310920509132208
3 0.564187852805337 0.2441967113597973 0.01668276870001925 0.01050794446790538
3 0.44214426798238116 0.24516667546452703 0.017143194699099817 0.010467529296875
3 0.685494756029764 0.24274176520270274 0.01688228663295411 0.010386698954814146
3 0.8082750224512488 0.241771801097973 0.015393575902593614 0.009841094145903733
3 0.20075826419774206 0.6313740498310811 0.016375818033965518 0.01042711412584462
2 0.10087651746386418 0.6973316089527027 0.020335481626058412 0.01449894260715799
3 0.32132848582364015 0.6307274070945946 0.017020414432678335 0.010033066208298086
3 0.9300730467413617 0.24128681904560811 0.015761916701858125 0.009957287762616148
3 0.6879503613581937 0.6284641575168919 0.016943676766164813 0.01042711412584462
3 0.443372070646596 0.6304040857263514 0.01637581803396559 0.009957287762616148
3 0.8097483856483065 0.627170872043919 0.016191647634333336 0.010073481379328465
2 0.21954364496022924 0.3137108055320946 0.02002853096000468 0.013892715041701819
3 0.5661523370680808 0.6294341216216217 0.01668276870001925 0.010310920509132113
2 0.8289021072100583 0.3070827174831081 0.020964730491468627 0.013943234005489842
3 0.9325286520697914 0.6265242293074325 0.01625303776754404 0.009997702933646527
2 0.3407277679182347 0.3119325380067568 0.020841950225047076 0.014610084327491583
2 0.46252579220834766 0.3098309491131757 0.02068847489202017 0.014377697094066756
2 0.5848149375641465 0.3091843063766892 0.019614147560832143 0.013680535393792279
2 0.7071040829199453 0.30789102090371623 0.020182006293031653 0.013943234005489842
0 0.08166140576890181 0.9139569256756757 0.008663682549366034 0.010720124115814921
2 0.22126256869013 0.6966849662162162 0.019199764161659676 0.013155138170396867
2 0.830866591472802 0.6928051097972973 0.021164248424403485 0.013680535393792184
2 0.34269225218097843 0.6960383234797298 0.020289439026150314 0.013842196077913892
2 0.7085774461170031 0.6934517525337839 0.019905750693583343 0.013518874709670664
2 0.5867794218268902 0.6940983952702703 0.020335481626058412 0.013731054357580206
2 0.46449027647109137 0.6953916807432433 0.020887992824955032 0.014104894689611456