2 0.34307396177562777 0.7026845637583893 0.020632473682417416 0.01479865771812096
2 0.5863838449221546 0.7013926174496644 0.020453616325418148 0.014563758389261732
2 0.22252410315810994 0.7033221476510069 0.020325861070418734 0.014614093959731539
2 0.46436480087214266 0.702030201342282 0.021245698906415072 0.014848993288590578
2 0.7081601539876674 0.700755033557047 0.020683575784417412 0.0143959731543625
2 0.10068391646509726 0.3245302013422819 0.01922716587742309 0.015083892617449711
3 0.32228818178721086 0.6371644295302015 0.01636544816543451 0.010050335570469807
3 0.6866461690457535 0.6349161073825504 0.01687646918543264 0.010167785234899232
3 0.4438217558682247 0.6371644295302015 0.016493203420433963 0.01043624161073827
2 0.10283020474908869 0.7033221476510069 0.020479167376418073 0.015922818791946347
2 0.8289655231151841 0.6994630872483222 0.020875208666916535 0.014731543624160964
2 0.34136204135863457 0.3216275167785235 0.02068357578441727 0.014614093959731539
3 0.20149558818519403 0.6381208053691276 0.01674871393043301 0.010469798657718077
2 0.5844291895206623 0.31969798657718124 0.020453616325418148 0.014395973154362404
2 0.2206844274861173 0.3230704697986578 0.02005757503491976 0.01479865771812077
3 0.8079370081422683 0.6339597315436243 0.016046060027935863 0.009781879194630961
2 0.46265288045514946 0.320503355704698 0.020530269478418 0.014848993288590672
2 0.7062054985861753 0.31842281879194634 0.02045361632541829 0.014563758389261732
3 0.9292150717132832 0.6329865771812081 0.016365448165434403 0.009882550335570386
3 0.6846915136442614 0.2535570469798658 0.016608183149933523 0.01
3 0.927260416311791 0.25209731543624164 0.016250468435934987 0.010201342281879135
2 0.8274963376826902 0.3174664429530202 0.02083688209041654 0.014731543624161058
3 0.8069532926787722 0.2524328859060403 0.016608183149933523 0.010083892617449616
3 0.19978366776820086 0.25837248322147655 0.016301570537934768 0.010352348993288654
3 0.4421098354512316 0.2559563758389262 0.015931080298436304 0.010167785234899328
0 0.08375634517766499 0.9075671140939598 0.008751234967464995 0.010117449664429614
3 0.3205762613702177 0.2570805369127517 0.016046060027935755 0.010234899328859133
3 0.5634006745477464 0.25434563758389267 0.015330630599938647 0.011241610738255
3 0.5664156985657344 0.6366107382550337 0.015177324293939233 0.010318791946308655