2 0.3452841276871189 0.6448657718120806 0.02079855551391683 0.015369127516778462
1 0.9297133172077814 0.9570302013422819 0.010718665894457241 0.010083892617449616
2 0.4665621912581338 0.6442281879194631 0.021437331788914195 0.015553691275167694
2 0.7101148093891596 0.6426174496644296 0.020875208666916535 0.014848993288590578
2 0.5878530303546486 0.643271812080537 0.020632473682417416 0.015671140939597306
2 0.22472149354410115 0.645520134228188 0.02017255476441932 0.015318791946308655
2 0.8314056484856744 0.6413422818791947 0.02045361632541829 0.014681208053691346
3 0.20382073382618474 0.5803187919463088 0.016876469185432497 0.010050335570469807
3 0.5678082308452288 0.577751677852349 0.016953122338432203 0.01020134228187923
2 0.10465710489558139 0.6458389261744967 0.02173116887541306 0.015973154362416152
3 0.3242428371887031 0.5793624161073826 0.01636544816543451 0.010117449664429425
3 0.4477310666712091 0.9595973154362417 0.018077368582427665 0.011241610738255
0 0.08356471229516574 0.9075671140939598 0.009428337818962285 0.010520134228188075
3 0.44577641126971695 0.5787080536912753 0.015982182400436012 0.009664429530201347
3 0.6890862944162437 0.5767953020134229 0.016608183149933523 0.01023489932885904
3 0.8098916635437606 0.5758221476510067 0.015982182400436157 0.009546979865771922
1 0.9287296017442853 0.574546979865772 0.010629237215957535 0.009446308724832117
3 0.3262102681156952 0.9595973154362417 0.017068102067931728 0.01107382550335539
3 0.20614587946717547 0.9595973154362417 0.017068102067931766 0.010570469798657693
3 0.6905554798487378 0.9589597315436242 0.017068102067931475 0.010436241610738459
3 0.8113608489762547 0.9576677852348994 0.016493203420434106 0.010520134228188075
3 0.5687791707832249 0.9595973154362417 0.017272510475930886 0.010469798657718077
1 0.10283020474908869 0.2696308724832215 0.016812591557932754 0.0093624161073825