3 0.20509347037319947 0.21043238146551724 0.018046158882584044 0.010818165746228488
2 0.22664860459406375 0.27676454741379314 0.021649124631711068 0.015314562567349128
0 0.08403382120253164 0.9209455818965517 0.009704509919931263 0.011106925175107942
3 0.32903549214316896 0.20894733297413792 0.017638867102247865 0.01060159617456899
2 0.3500893441728503 0.27494948814655173 0.022025086275098176 0.015923019935344864
2 0.4746579686817983 0.2739594558189655 0.02177444517950677 0.015861142914870736
3 0.7029920067656047 0.20515220905172415 0.01832813011512452 0.011158489358836192
2 0.5997278753819294 0.2734644396551724 0.02144547874154298 0.014737043709590504
3 0.45335347555652555 0.20746228448275864 0.018249804772752135 0.011024422481142248
2 0.7245471409864688 0.2719793911637931 0.02139848353611952 0.014737043709590504
3 0.8268087079877783 0.20432718211206896 0.017638867102247865 0.010601596174568944
3 0.5781727411610651 0.20647225215517243 0.018108819156481895 0.011375058930495688
2 0.8483638422086426 0.271319369612069 0.022448043123908745 0.015500193628771513
3 0.2068479580423396 0.6005051185344827 0.018046158882584044 0.010983171134159496
2 0.22840309226320385 0.6681573275862069 0.021241832851374962 0.014963926117995735
3 0.9516279735923178 0.20383216594827588 0.017842512992415956 0.010900668440193944
3 0.330789979812309 0.5998450969827587 0.018249804772752135 0.010818165746228488
2 0.3518438318419904 0.6674973060344829 0.021273162988323817 0.015376439587823256
3 0.7044958533391532 0.5975350215517242 0.01839079038902237 0.011024422481142248
3 0.5801778699257967 0.5981950431034484 0.018108819156481895 0.010941919787176744
3 0.45535860432125713 0.5991850754310345 0.0186727616215627 0.010482998551993509
3 0.8288138367525099 0.5962149784482759 0.017983498608686192 0.010859417093211239
2 0.47616181525534707 0.6668372844827586 0.02210341161747056 0.01579926589439651
2 0.6007304397642951 0.6655172413793103 0.020834541071038857 0.01467516668911647
2 0.8503689709733742 0.6638671875 0.021852770521879013 0.014737043709590504
2 0.7260509875600175 0.6648572198275863 0.02063089518087077 0.014066709321120736
3 0.9536331023570495 0.5955549568965517 0.018249804772752135 0.010482998551993509
3 0.33254446748144917 0.9882677801724139 0.018046158882584044 0.01056034482758605
3 0.20922904845045834 0.9882677801724139 0.01818714449885421 0.010482998551993509
3 0.45611052760803145 0.9882677801724139 0.018046158882584044 0.010122049265894474
3 0.5816817164993453 0.9882677801724139 0.01857877121071578 0.010642847521551554
3 0.705498417721519 0.9876077586206897 0.01839079038902237 0.010941919787176554
3 0.8298164011348756 0.9862877155172415 0.018187144498854283 0.01052424989897645
3 0.9541343845482323 0.9856276939655172 0.017701527376145717 0.00969922295932103