2 0.7081601539876674 0.2776342281879195 0.021194596804415076 0.015134228187919424
3 0.20186607842469254 0.2169295302013423 0.017336388103430668 0.010318791946308727
3 0.32278642728170887 0.2153355704697987 0.01713197969543147 0.010570469798657717
2 0.8294509930841822 0.2769966442953021 0.021437331788914195 0.015083892617449711
0 0.08375634517766499 0.9082214765100671 0.00878956154396483 0.010083892617449616
2 0.4646075358566416 0.2795637583892618 0.021565087043913755 0.015671140939597306
2 0.5863838449221546 0.27875838926174495 0.02083688209041654 0.01520134228187923
3 0.4438217558682247 0.2137248322147651 0.017745204919428985 0.010973154362416129
2 0.22239634790311044 0.2826174496644296 0.02072190236091705 0.014848993288590672
2 0.34307396177562777 0.28117449664429534 0.020926310768916243 0.015922818791946347
3 0.6871316390147516 0.21147651006711415 0.017604674138929424 0.010906040268456395
3 0.20357799884168573 0.5951006711409397 0.01760467413892957 0.010805369127516921
3 0.8084224781112663 0.21067114093959732 0.017336388103430595 0.010234899328859086
3 0.5658407999182368 0.21291946308724838 0.017336388103430737 0.011275167785234904
2 0.7101148093891596 0.6583557046979867 0.021002963921915953 0.014177852348993459
3 0.3242428371887031 0.5944463087248323 0.017413041256430336 0.01060402684563769
2 0.5878530303546486 0.659010067114094 0.020760228937416976 0.01479865771812096
2 0.8314056484856744 0.6567617449664431 0.021194596804415076 0.014278523489932885
3 0.9301987871767793 0.2100335570469799 0.017336388103430595 0.010721476510067116
2 0.34478588219262085 0.6602852348993289 0.020926310768916243 0.015251677852349039
3 0.44577641126971695 0.5938087248322149 0.018077368582427665 0.010117449664429425
3 0.6890862944162437 0.5921979865771813 0.018013490954927956 0.01060402684563769
3 0.5673099853507308 0.5931711409395973 0.01754079651142986 0.010654362416107498
3 0.8103771335127586 0.5912416107382551 0.017604674138929424 0.01040268456375846
2 0.2246065138146016 0.6609228187919465 0.021041290498415875 0.01479865771812096
2 0.46631945627363475 0.6596476510067114 0.021782270977412876 0.015436241610738269
3 0.9321534425782715 0.5906040268456377 0.017668551766429133 0.010318791946308655
3 0.6905554798487378 0.9730872483221479 0.018077368582427953 0.01040268456375846
3 0.44700286171771203 0.9743791946308726 0.017885735699928396 0.010234899328858849
3 0.5687791707832249 0.9743791946308726 0.01821789936292708 0.010318791946308845
3 0.2057753892276769 0.9743791946308726 0.01788573569992847 0.010285234899329225
3 0.3259547576056962 0.9743791946308726 0.018269001464926934 0.010352348993288843
3 0.8113608489762547 0.9724496644295304 0.017540796511430007 0.01020134228187923
3 0.9331371580417676 0.9711577181208054 0.017668551766429133 0.009731543624161152