1 0.9362667119468076 0.1734330985915493 0.011247050832916446 0.010457746478873228
3 0.17613230142274966 0.18015845070422534 0.018123972259955656 0.011091549295774664
2 0.0717049760491885 0.24992957746478875 0.022199184957460507 0.01688380281690134
3 0.30275881175377134 0.17809859154929575 0.01730624865946956 0.011179577464788745
3 0.42976067062272105 0.1770950704225352 0.017641381282619467 0.011179577464788698
1 0.9382775076857081 0.5714260563380281 0.010482948452134024 0.00920774647887318
3 0.557540037177379 0.1757394366197183 0.01784246085650957 0.011302816901408429
3 0.8115705655251304 0.17338028169014083 0.017172195610209464 0.010105633802816906
3 0.6848100021448488 0.17473591549295772 0.017426896403803606 0.010915492957746456
3 0.17792861228283402 0.5770950704225353 0.01750732823335952 0.01061619718309847
3 0.3043004218202616 0.5764084507042253 0.01683706298705934 0.010264084507042337
3 0.4313022806892114 0.5754049295774647 0.016649388718095282 0.009982394366197127
3 0.8136215771788089 0.5723767605633803 0.016086365911203396 0.00971830985915498
3 0.6868610137985272 0.5737147887323943 0.01683706298705934 0.009982394366197127
3 0.5596044541359834 0.5747359154929577 0.017306248659469486 0.010140845070422604
2 0.197553978694502 0.24852112676056337 0.02124740830771435 0.015827464788732374
2 0.32431454207478366 0.24684859154929578 0.02215896904268248 0.016320422535211206
2 0.706526596124973 0.24285211267605633 0.02174340458997637 0.015528169014084483
2 0.834145099020519 0.24262323943661968 0.02195788946879252 0.01570422535211274
2 0.5790957674983913 0.2441549295774648 0.021703188675198524 0.015633802816901438
2 0.4518258025309216 0.24549295774647883 0.022802423679130636 0.016320422535211206
1 0.9393499320797883 0.9710211267605632 0.01109959247873009 0.011038732394366283
0 0.05169085579466648 0.917095070422535 0.009772467291055962 0.011126760563380078
2 0.0725495102595267 0.6457042253521127 0.021864052334310418 0.01612676056338027
2 0.3261108529348681 0.6454929577464789 0.02154232501608641 0.015334507042253639
2 0.19948434260384643 0.6458274647887323 0.020805033245156222 0.01545774647887318
2 0.8356867090870093 0.6417957746478874 0.02148870379638223 0.01540492957746475
2 0.7089261457067276 0.6427992957746479 0.02174340458997637 0.01540492957746475
2 0.4536221133910059 0.6448239436619717 0.022319832701794447 0.01563380281690134
2 0.5811467791520697 0.6438028169014084 0.021381461356974444 0.015880281690140805
3 0.18011367698577252 0.9743838028169013 0.01764138128261961 0.010211267605633718
3 0.30609673268034604 0.9743838028169013 0.017788839636805606 0.010950704225352107
3 0.8151631872452991 0.9723591549295774 0.017426896403803606 0.010739436619718011
3 0.4328438907557017 0.9743838028169013 0.01705154786587549 0.01061619718309847
3 0.5606232573103596 0.9737147887323945 0.01784246085650957 0.010704225352112644
3 0.6878932222778293 0.9730457746478873 0.017426896403803606 0.010792253521126819
0 0.058487345392149837 0.8955281690140843 0.005951955387145199 0.009647887323943678