3 0.31924189689808613 0.24330071459044367 0.016357432422398184 0.010217451805140741
3 0.1969410182745064 0.2446072418941979 0.016357432422398184 0.01037566409582979
3 0.19904965411284398 0.6310126919795221 0.016729544629163588 0.01057470536476103
3 0.8141511318961421 0.6267664782423208 0.016419451123525632 0.010217451805140741
3 0.44427159837127916 0.6303594283276449 0.016543488525780813 0.009982685180247397
2 0.22001197509396467 0.6976455844709897 0.020233601242871675 0.013657293222056334
3 0.936700085324232 0.6261132145904437 0.01585353047573646 0.010018410536209407
3 0.3212264953341686 0.6303594283276449 0.0168535820314187 0.01057470536476103
3 0.9352116364971702 0.2382379212883959 0.01627990904598875 0.009753022177634421
3 0.8121665334600595 0.23905450085324229 0.015551189307739783 0.009982685180247397
3 0.44253507473970705 0.2419941872866894 0.017194684887620416 0.010574705364761124
3 0.5680609258219207 0.6290529010238908 0.016931105407828207 0.010452218430034084
3 0.6891214304229488 0.23938113267918087 0.016791563330291324 0.010574705364761124
3 0.6906098792500107 0.628073005546075 0.01725670358874808 0.01053387638651884
3 0.5655801777768177 0.24068765998293515 0.01672954462916366 0.010493047408276463
2 0.710455863610835 0.30585070925767915 0.020156077866462094 0.013708329444859259
2 0.4638695079275932 0.30830044795221845 0.020621218124918995 0.014473872786902764
2 0.5869146109647038 0.30797381612627983 0.020388647995690616 0.013606256999253408
2 0.3423128537175444 0.6963390571672354 0.020466171372100123 0.014085997493600644
2 0.340328255281462 0.30977029116894195 0.020822778903583687 0.014473872786902764
2 0.09820724607940554 0.6976455844709897 0.020342133969844908 0.014647395944432635
2 0.8335009666479457 0.30487081377986347 0.020977825656402414 0.01442283656409984
2 0.4656060315591653 0.6956857935153583 0.021179386435067248 0.014586152477069163
2 0.21815141406013738 0.31140345029863475 0.02054369474850956 0.014198277183767042
2 0.7119443124378969 0.6943792662116041 0.02031112461928111 0.013769572912222732
2 0.5888992094007862 0.6950325298634812 0.0202336012428716 0.01392268158063132
2 0.8349894154750074 0.6930727389078497 0.021303423837322286 0.013983925047994793
2 0.09622264764332311 0.3123833457764505 0.01969093760800534 0.01504547848229521