2 0.46252579220834766 0.30869932432432434 0.020366176692663763 0.014327178130278733
2 0.5843238164984605 0.30789102090371623 0.019491367294410734 0.013781573321368227
3 0.4416531469166952 0.2433884079391892 0.016820896499743408 0.010720124115815017
3 0.685494756029764 0.24064017630912166 0.016559988433597846 0.010310920509132208
3 0.3210829252907971 0.6265242293074325 0.01694367676616496 0.01050794446790538
3 0.8077839013855629 0.2403168549408784 0.016053519834609183 0.010230090167071352
2 0.7066129618542594 0.30659773543074326 0.020028530960004752 0.013993752969277864
3 0.5656612160023948 0.6249076224662162 0.01637581803396559 0.01076053928684549
3 0.19842543913573385 0.24581331820101354 0.016559988433597773 0.010760539286845396
3 0.5636967317396511 0.241771801097973 0.017081804565889112 0.010548359638935854
3 0.9295819256756758 0.23918523015202703 0.016114909967819883 0.01050794446790538
3 0.443372070646596 0.6262009079391893 0.01625303776754404 0.010679708944784542
2 0.3407277679182347 0.3101542704814189 0.021133553357798134 0.014327178130278733
3 0.6874592402925078 0.6242609797297298 0.016498598300387142 0.010972718934755031
2 0.10032400626496751 0.6934517525337839 0.02045826189247989 0.014438319850612325
3 0.19989880233279167 0.627170872043919 0.016943676766164886 0.01072012411581511
2 0.2207714476244441 0.6928051097972973 0.020135963693123482 0.014104894689611456
3 0.3196095620937393 0.24435837204391891 0.016053519834609183 0.010310920509132208
3 0.9315464099384195 0.6223210515202703 0.016820896499743408 0.009396527264569273
2 0.34220113111529255 0.6921584670608109 0.021041468157981934 0.014276659166490806
2 0.8289021072100583 0.30546611064189194 0.02056569462559862 0.014104894689611456
2 0.21942086469380775 0.3119325380067568 0.02010526862651813 0.013943234005489842
3 0.8087661435169348 0.6229676942567568 0.017020414432678266 0.009805730871252081
2 0.5862883007612043 0.6915118243243245 0.02025874395954496 0.014054375725823434
2 0.7080863250513173 0.6902185388513514 0.020611737225506865 0.014054375725823434
2 0.4639991554054055 0.6915118243243245 0.020841950225047076 0.014549461570946012
2 0.8298843493414301 0.6889252533783785 0.0214098089572463 0.014104894689611456
2 0.09854369240185598 0.3127408414273649 0.019829013027069783 0.014721226047825175
0 0.0813544551028481 0.9113703547297298 0.008932264382163007 0.01038669895481424