3 0.8321866677539858 0.6382386113556338 0.01717521965848861 0.010299037879621551
2 0.09200045061373953 0.7106899207746478 0.02164943654431348 0.015280065402178782
3 0.9604796250536212 0.6375646456866196 0.0164696083933407 0.010335895377145713
3 0.7049200541127475 0.639586542693662 0.017977050641611456 0.010783450704225287
3 0.32235045544523483 0.6419454225352113 0.017431805573087916 0.010662347498074307
3 0.4498736550010724 0.6416084397007042 0.01723936613713847 0.010583367146236734
3 0.5781666123007078 0.6409344740316901 0.01723936613713847 0.010620224643761085
3 0.1963667713769929 0.6426193882042253 0.01711107317983889 0.010783450704225287
2 0.4719400436566097 0.7093419894366196 0.02203431541621244 0.015227411834286879
2 0.34441684410077217 0.7100159551056338 0.02128059429207706 0.014532384738116282
2 0.7269864427682847 0.7073200924295774 0.02124852105275213 0.014427077602332665
2 0.217791695246032 0.7106899207746478 0.020446690069629354 0.014532384738116282
2 0.5997198291270465 0.7086680237676055 0.021328704151064384 0.014532384738116282
2 0.854253056409523 0.7066461267605633 0.022242791471824275 0.014648222587478017
2 0.08975532386099593 0.3145665988116197 0.02079949570220338 0.015638109663842385
2 0.21599559384383712 0.3132186674735915 0.021328704151064384 0.01487989828620158
2 0.34236415678397797 0.3115337533010563 0.021777729501613132 0.01558545609595067
3 0.8311603240955887 0.2377345125440141 0.0164696083933407 0.010220057527783884
3 0.7028673667959534 0.2387454610475352 0.017576135150050177 0.011046718543683956
3 0.5750875813255165 0.23992490096830982 0.01805723373992371 0.011088841397997366
2 0.4698873563398155 0.3098488391285211 0.021569253446001153 0.01498520542198501
3 0.958426937736827 0.2372290382922535 0.01717521965848861 0.01054124429192342
3 0.44807755359887746 0.24127283230633803 0.017912904162961592 0.011478477800396169
3 0.19431408406019873 0.2441371863996479 0.01711107317983889 0.01117308710662409
3 0.32055435404303995 0.24228378080985916 0.017303512615788334 0.010746593206701125
2 0.8527135409219275 0.3064790107834507 0.021569253446001153 0.01470087615536973
2 0.5971539699810539 0.30866939920774644 0.02076742246287845 0.014427077602332758
2 0.7254469272806893 0.3074899592869718 0.021088154856127618 0.014532384738116189
0 0.0719226027963466 0.9364684198943661 0.009373404192704615 0.01117308710662428