0 0.06288822468608068 0.9307565789473684 0.009596200668330888 0.010708885862116328
3 0.1871514326743254 0.676891447368421 0.017578385903686877 0.010787589089912331
2 0.20862902417846646 0.7453947368421052 0.020774456067993604 0.014428925095943063
2 0.3349377170718675 0.7453947368421052 0.02149357185496259 0.014596825315241138
3 0.3129487543414374 0.676891447368421 0.01764230730697302 0.011007958127741139
3 0.5676116250333957 0.676219846491228 0.017450543097114666 0.01074561403508767
2 0.7159092806572268 0.7427083333333333 0.02109406308442417 0.014533862733004336
3 0.44002450407427196 0.676891447368421 0.017514464500400808 0.010708885862116138
3 0.9470490749398878 0.2734272203947368 0.016523682749465685 0.010624935752467101
2 0.4617577811915575 0.7447231359649122 0.022372491150147 0.015289413719846531
3 0.6944316891530857 0.6748766447368421 0.01785005186765309 0.011007958127741139
2 0.5890892165375367 0.7433799342105263 0.021205925540175023 0.014261024876644797
3 0.8202290108201976 0.2744346217105263 0.015972360646122837 0.010462282415021965
2 0.8427293447769169 0.7413651315789473 0.022500333956719284 0.014596825315241138
3 0.8212517532727758 0.6742050438596491 0.016715446959323966 0.010582960697642535
2 0.08065837479962597 0.34915021929824563 0.021333768346747273 0.015404845120614064
3 0.18548947618888592 0.27963952850877194 0.01724279853643467 0.011217833401864065
2 0.33289223216671116 0.34646381578947366 0.021669355713999444 0.015173982319078903
3 0.31141464066257013 0.27812842653508774 0.01685927011671789 0.010582960697642535
2 0.20709491049959922 0.3478070175438596 0.021381709399211878 0.014995588336074566
2 0.4599679818995458 0.3447848135964912 0.021413670100854876 0.014764725534539499
2 0.08327915233435747 0.7460663377192982 0.02120592554017499 0.015404845120614064
3 0.4384903903954047 0.2771210252192982 0.017370641343006955 0.011133883292214932
3 0.5650547689019503 0.2757778234649123 0.01772220906108066 0.011133883292214932
2 0.5870437316323804 0.34411321271929823 0.020966220277852027 0.014596825315241233
2 0.7143751669783595 0.3427700109649123 0.021253866592639593 0.014649294133771964
3 0.6928975754742185 0.27460252192982454 0.017051034326576245 0.010787589089912236
3 0.949094559845044 0.6735334429824561 0.016715446959323966 0.010582960697642535
2 0.8417066023243388 0.3417626096491228 0.021877100274679297 0.0148276881167763
0 0.07407447026115416 0.6204769736842105 0.007287039974619289 0.011438202439693063