3 0.1858664338716718 0.2190689655172414 0.016643387167175876 0.009896551724137908
3 0.6827717154081187 0.2131896551724138 0.01632911392405075 0.011155172413793081
3 0.4338804015713662 0.21520689655172415 0.016525534701003944 0.011965517241379283
3 0.5584504583151463 0.21384482758620693 0.01659100829332158 0.011586206896551706
3 0.18737232649498037 0.6072241379310345 0.016329113924050676 0.011465517241379265
3 0.31081623745089487 0.606896551724138 0.015661283282409462 0.011206896551724223
3 0.6847752073330424 0.6045862068965518 0.016708860759493727 0.010948275862068991
3 0.9318987341772152 0.21103448275862075 0.0174945438673068 0.011155172413793081
3 0.4359624618070712 0.605896551724138 0.016774334351811363 0.011551724137931197
3 0.8080881711043214 0.6039137931034483 0.01632911392405075 0.01
3 0.5599563509384549 0.6052413793103448 0.017704059362723696 0.01110344827586213
3 0.9339153208206025 0.6029310344827586 0.01632911392405075 0.010948275862068991
2 0.3303666521169796 0.2844655172413793 0.020637276298559524 0.015379310344827578
2 0.828136185072021 0.27918965517241384 0.020833697075512865 0.014965517241379303
2 0.2068048886948931 0.2852931034482759 0.020480139676996925 0.015500000000000019
2 0.5795067656045396 0.2811724137931035 0.02078131820165864 0.014396551724137983
2 0.7043256219991272 0.28034482758620693 0.02205150589262314 0.014913793103448257
2 0.455185508511567 0.28363793103448276 0.021069402007856872 0.014568965517241376
2 0.20880838061981669 0.6752068965517242 0.02040157136621559 0.01513793103448279
2 0.33212134439109564 0.6745344827586208 0.021475338280226967 0.015499999999999924
2 0.7063291139240506 0.6725689655172414 0.02180270624181601 0.015258620689655231
2 0.0840419030990834 0.2871034482758621 0.019864687909209935 0.015258620689655231
2 0.4564426014840681 0.6738793103448277 0.020964644260148425 0.015086206896551744
2 0.5815102575294632 0.6735517241379311 0.021475338280226967 0.015206896551724185
3 0.18860759493670887 0.9933333333333333 0.017721518987341773 0.013333333333333334
2 0.8301396769969447 0.671896551724138 0.02131820165866429 0.015206896551724185
3 0.6835443037974683 0.9933333333333333 0.020253164556962026 0.013333333333333334
3 0.43670886075949367 0.9933333333333333 0.017721518987341773 0.013333333333333334
3 0.5607594936708861 0.9933333333333333 0.017721518987341773 0.013333333333333334
3 0.8100916630292448 0.9946551724137932 0.01697075512876485 0.010051724137930857
3 0.31139240506329113 0.9933333333333333 0.015189873417721518 0.013333333333333334
3 0.9343343518114361 0.9926724137931034 0.016774334351811363 0.010155172413793328
2 0.0841728502837189 0.6758620689655173 0.020244434744652987 0.013913793103448409
3 0.30954604975993016 0.21686206896551724 0.017010039284155374 0.010396551724137927
3 0.8068965517241381 0.21272413793103448 0.01707551287647301 0.008862068965517172