3 0.192335224792667 0.21201724137931036 0.015870798777826288 0.009189655172413751
3 0.5649978175469228 0.20751724137931035 0.016708860759493727 0.011379310344827568
3 0.4404277608031427 0.20867241379310345 0.016329113924050603 0.011965517241379332
3 0.691820165866434 0.5997413793103449 0.016708860759493727 0.010810344827586202
3 0.31736359668267133 0.6020517241379311 0.01583151462243569 0.011206896551724223
2 0.2133522479266696 0.27863793103448276 0.02078131820165864 0.014965517241379303
2 0.46098646879092103 0.2755 0.020519423832387522 0.014344827586206843
2 0.33691401134875604 0.2765 0.020676560453950193 0.014793103448275814
2 0.8346835443037974 0.2726896551724138 0.02063727629855967 0.014913793103448257
2 0.5860541248363161 0.2745172413793104 0.02135748581405496 0.014741379310344863
2 0.7103622872108251 0.27368965517241384 0.0221955477957224 0.015137931034482695
2 0.2152247926669577 0.6690344827586208 0.02078131820165864 0.014965517241379303
2 0.5880576167612397 0.6673965517241379 0.021567001309471857 0.014793103448276005
2 0.3386687036228721 0.6687068965517242 0.021606285464862526 0.015206896551724185
2 0.46298996071584464 0.6680517241379311 0.0209122653862942 0.014568965517241472
3 0.19655172413793104 0.9907931034482759 0.017101702313400264 0.010396551724137832
2 0.7128764731558273 0.6663965517241379 0.02180270624181601 0.01484482758620686
2 0.8366870362287212 0.6657413793103449 0.021475338280226967 0.015310344827586277
2 0.09072020951549543 0.2806206896551724 0.019890877346137047 0.015137931034482695
3 0.56900480139677 0.9907931034482759 0.01825403753819305 0.010810344827586202
3 0.4446835443037975 0.9914655172413792 0.017769532955041478 0.011017241379310387
3 0.692317765168049 0.9901379310344828 0.01763858577040606 0.010603448275862395
3 0.3196158882584024 0.9907931034482759 0.016839807944129287 0.010448275862068689
3 0.8161414229594064 0.9888275862068967 0.01710170231340012 0.00986206896551721
3 0.940960279353994 0.9875 0.016839807944129002 0.010396551724137832
2 0.09072020951549543 0.6700344827586207 0.020362287210824993 0.013172413793103412
3 0.316171977302488 0.21039655172413793 0.016656481885639503 0.009637931034482771
3 0.6895285901353122 0.2065689655172414 0.01710170231340012 0.009086206896551752
3 0.8136141422959408 0.2058793103448276 0.01725883893496308 0.0091551724137931
3 0.9380401571366217 0.20529310344827587 0.016996944565691962 0.009810344827586212
3 0.4420515058926233 0.6018620689655173 0.016446966390222608 0.011448275862068915
3 0.5662941946748146 0.6013448275862069 0.016905281536446926 0.009948275862068954
3 0.8154997817546924 0.5992586206896552 0.01617197730248779 0.009896551724137908
3 0.9400829332169359 0.5982931034482758 0.015739851593190583 0.008637931034482828
3 0.1943387167175906 0.6027758620689656 0.016263640331732897 0.010379310344827484