3 0.19100897533828023 0.6761853448275862 0.016323001350392847 0.010482998551993509
3 0.31407375327367965 0.6755253232758621 0.01683994861005019 0.010163300612877227
2 0.08655429875054561 0.3540948275862069 0.019894636962570943 0.01508768015894399
3 0.4388930188782192 0.674865301724138 0.01710625477411613 0.010642847521551743
2 0.08912336998035793 0.7428475215517242 0.020442914359177215 0.015613634832974222
3 0.56396292557835 0.6742052801724139 0.01677728833615234 0.01056034482758624
3 0.8120976102138805 0.6722252155172415 0.016839948610050337 0.010008608061691765
2 0.2115615451767787 0.7428475215517242 0.020599565043921842 0.014623602505387983
3 0.6882809089917067 0.6735452586206897 0.016902608883948185 0.010482998551993509
2 0.33337311763422084 0.3511247306034483 0.021805775316455698 0.015139244342672385
2 0.4576911010475775 0.35013469827586213 0.021476808878491904 0.015314562567349128
3 0.9354130292448714 0.2785223599137931 0.01638566162429084 0.010044702990301744
2 0.335127605303361 0.7421875000000001 0.021398483536119662 0.01508768015894399
2 0.20993237805543433 0.3527747844827586 0.02078754586561547 0.014912361934267248
2 0.7093347610213881 0.7402074353448276 0.020881536276462175 0.014396720096982752
2 0.582510366652117 0.34947467672413796 0.02111651230357919 0.014283278892780136
3 0.5614565146224357 0.2811624461206897 0.017294235595809684 0.011106925175107751
2 0.4599468709079005 0.7415274784482758 0.021680454768659995 0.015139244342672479
2 0.8336527444347448 0.7388873922413793 0.0213514883306962 0.014396720096982752
2 0.7073296322566565 0.34815463362068966 0.020787545865615542 0.015025803138469863
3 0.1885025643823658 0.2857825969827586 0.01716891504801398 0.011509125808189632
3 0.31206862450894807 0.2834725215517242 0.01710625477411613 0.010400495858028004
3 0.43713853120907903 0.2828125 0.017497881485977775 0.010684098868534496
3 0.6857744980357923 0.2803374191810345 0.01723157532191169 0.010323149582435368
3 0.9374181580096029 0.6715651939655173 0.016965269157846036 0.010240646888469769
3 0.8105937636403318 0.27918238146551727 0.01626034107649485 0.010240646888469863
2 0.5845154954168486 0.7408674568965518 0.020912866413411245 0.014912361934267248
0 0.0688214412374509 0.9177532327586208 0.008874261290784589 0.010642847521551554
2 0.8316476156700131 0.3468345905172414 0.021805775316455698 0.014912361934267248