3 0.2008122002851341 0.21 0.01647297705966215 0.009795221843003408
3 0.6926297144338357 0.20418088737201365 0.016161921631312828 0.01104095563139931
3 0.44628677582408083 0.20617747440273035 0.016356331274031147 0.011843003412969276
3 0.5695813712360133 0.20482935153583615 0.016421134488270633 0.011467576791808891
3 0.20230267421264092 0.5941808873720137 0.01616192163131297 0.011348122866894149
3 0.3244826543396553 0.5938566552901023 0.015500928846070771 0.011092150170648551
3 0.6946126927895624 0.5915699658703072 0.016537780273901712 0.010836177474402764
3 0.9392059446148527 0.20204778156996586 0.0173154188447747 0.01104095563139931
3 0.4483475180368946 0.5928668941979521 0.01660258348814091 0.011433447098976141
3 0.8166630664880977 0.5909044368600682 0.016161921631312828 0.009897610921501609
3 0.57107184516352 0.5922184300341297 0.017522789130340773 0.01098976109215035
3 0.9412018836134273 0.5899317406143344 0.016161921631312828 0.010836177474402764
2 0.34383289411154794 0.27472696245733785 0.020425973128267084 0.01522184300341299
2 0.83650581068821 0.2695051194539249 0.02062038277098555 0.014812286689419807
2 0.22153626819890265 0.27554607508532425 0.020270445414092533 0.015341296928327685
2 0.5904220849354128 0.2714675767918089 0.02056854019959396 0.014249146757679227
2 0.7139629325614549 0.2706484641638225 0.021825722555838725 0.014761092150170612
2 0.46737374173759016 0.2739078498293515 0.020853674342247417 0.014419795221843022
2 0.2235192465546291 0.6614675767918089 0.020192681557005217 0.014982935153583602
2 0.34556962025316457 0.6608020477815699 0.02125545427053181 0.01534129692832759
2 0.7159459109171814 0.6588566552901023 0.021579470341729103 0.01510238907849839
2 0.1000302414999784 0.27733788395904435 0.019661295200241923 0.015102389078498295
2 0.4686179634509871 0.6601535836177473 0.020749989199464237 0.014931740614334407
2 0.5924050632911392 0.6598293515358362 0.02125545427053181 0.015051194539249196
3 0.2045319047824772 0.9789419795221842 0.017198773059143694 0.010255972696245787
2 0.8384887890439365 0.6581911262798634 0.02109992655635704 0.015051194539249196
3 0.6955977016460017 0.9783959044368601 0.017794962630146478 0.010494880546075365
3 0.4502527325355337 0.9796075085324231 0.017522789130340773 0.010494880546075365
3 0.5730548235192465 0.9789419795221842 0.017717198773059092 0.01022184300341299
3 0.8186460448438242 0.9776450511945391 0.016796993130859375 0.009948805460750615
3 0.32646563269538165 0.9789419795221842 0.016537780273901567 0.009829351535836016
3 0.9416166241845594 0.9756825938566552 0.016602583488141056 0.010051194539249384
2 0.10015984792845725 0.6621160409556314 0.020037153842830627 0.01377133105802064
3 0.32322547198341034 0.20781569965870306 0.016835875059402924 0.010290102389078442
3 0.8154836479889402 0.2037201365187713 0.016900678273642267 0.00877133105802045