3 0.17182210806906895 0.2313160115418119 0.017079291206776814 0.011014612709603662
2 0.06893481164270278 0.3006757676393728 0.020340027062750853 0.015599692740091485
3 0.29731295207956604 0.22964870971254356 0.016256192835365835 0.010113227658155494
3 0.5488011621752746 0.2269810267857143 0.017015975947437475 0.010972930163871979
3 0.4226771655713845 0.22848159843205573 0.017554155651821533 0.010550894388338368
3 0.6739121146297358 0.22598064568815332 0.017348381058968698 0.010670731707317032
3 0.8005426333083403 0.22498026459059234 0.016184963168609123 0.010269537204649359
3 0.17397482688660523 0.6266332752613241 0.01714260646611608 0.010509211842606685
2 0.07134079149759626 0.6946591898954704 0.021004837285813517 0.01559969274009139
3 0.29832599622899486 0.6259663545296167 0.01714260646611608 0.010634259479801737
3 0.926160107837516 0.2244800740418119 0.017015975947437475 0.010311219750381137
3 0.8015556774577692 0.6226317508710802 0.01728506579962943 0.010431057069359706
3 0.6759382029285935 0.6232986716027875 0.01747501157764752 0.010879144435975641
3 0.5508272504741323 0.6242990527003485 0.017475011577647376 0.010837461890243958
3 0.4244499928328849 0.6249659734320558 0.01707929120677674 0.010431057069359706
2 0.19334929624443173 0.2995086563588851 0.02113146780449214 0.015182867282774359
2 0.31808035714285715 0.29750789416376305 0.02146387291602351 0.015599692740091485
2 0.8218165604463459 0.2930061792247387 0.021463872916023367 0.015182867282774359
3 0.9281861961363738 0.6216313697735192 0.017823245504013634 0.009878763338414653
2 0.4439510927093901 0.2963407828832753 0.021052323730317984 0.01506824028201218
2 0.5695685672385657 0.295673862151568 0.021052323730317984 0.014609732278963464
2 0.6961990859171702 0.2943400206881533 0.020735747433621363 0.014891089462652473
2 0.1951221235059322 0.6946591898954704 0.020735747433621506 0.014828565644054947
2 0.8238426487452036 0.6899907447735192 0.022255313657764637 0.015005716463414653
2 0.6977186521413135 0.6919915069686412 0.020894035581969672 0.013671875
2 0.5715946555374234 0.6926584277003485 0.021178954248996663 0.013619771817835347
2 0.32010644544171485 0.6939922691637631 0.02128975595284038 0.015068240282012273
2 0.4459771810082477 0.6933253484320558 0.02187542210172889 0.015068240282012273