0 0.08057631658530262 0.9166382252559725 0.009137253207759127 0.010494880546075365
3 0.9378061951872813 0.25291808873720134 0.016213764202704418 0.009829351535836205
2 0.22173067784162095 0.7121672354948804 0.02074998919946431 0.014590443686006817
2 0.3441569101827451 0.7115187713310579 0.02106104462781349 0.014812286689419618
2 0.7140406964185422 0.709556313993174 0.020542618913897876 0.014027303754266238
2 0.8370890396163649 0.7082423208191124 0.021385060699010784 0.014470989761092217
2 0.46745150559467746 0.710853242320819 0.021423942627554333 0.015392491467576784
2 0.5909923532207197 0.7102047781569965 0.02113880848490073 0.014982935153583602
2 0.10005616278567417 0.7121672354948804 0.020853674342247382 0.01563139931740617
2 0.34266643625523824 0.32445392491467573 0.021968289627165596 0.0150511945392491
2 0.21999395170000433 0.3259215017064846 0.02046485505681085 0.014470989761092217
3 0.939296669114788 0.6403071672354949 0.01673218991662003 0.009829351535836205
2 0.5885168704367736 0.32232081911262794 0.020542618913898164 0.014641638225255917
2 0.7125502224910354 0.3210238907849829 0.02109992655635704 0.014812286689419807
2 0.4657147794530608 0.3233105802047781 0.020749989199464237 0.015392491467576784
3 0.814265347561239 0.25356655290102387 0.01642113448827078 0.009863481228668907
2 0.8355985656888582 0.32037542662116036 0.02125545427053181 0.014692832764505113
2 0.09825463342981812 0.3268941979522184 0.020192681557005255 0.014761092150170612
3 0.3215924309845768 0.25813993174061434 0.016097118417073484 0.010904436860068263
2 0.5701516395213203 0.6432423208191126 0.01699140277357755 0.010955631399317364
3 0.5676761567373741 0.25552901023890784 0.017522789130340773 0.01116040955631405
3 0.3230699442692358 0.6448805460750852 0.016537780273901567 0.010460750853242379
2 0.6931999827191428 0.6422696245733788 0.0166673867023804 0.010870307167235561
3 0.6907244999351968 0.2543856655290102 0.01712100920205638 0.01049488054607508
3 0.19890698578649502 0.25960750853242315 0.017056205987817038 0.011262798634812346
3 0.816740830345185 0.6412798634812287 0.01596751198859451 0.01022184300341299
2 0.4468700047522357 0.6442320819112627 0.01684883570225082 0.010750853242320772
3 0.44487406575366134 0.25699658703071665 0.01684883570225082 0.011296928327645048
2 0.2010195705707003 0.6448805460750852 0.017056205987817038 0.011296928327645143