0 0.06489742470536884 0.9078103448275863 0.00966390222610214 0.010862068965517058
2 0.08463116542994326 0.7012241379310344 0.021121780881711023 0.01622413793103438
2 0.08262767350501964 0.3124655172413793 0.020440855521606294 0.015793103448275947
2 0.32945002182453076 0.30982758620689654 0.022156263640331735 0.015500000000000019
2 0.20575731121780882 0.31115517241379315 0.020755128764731602 0.015137931034482695
3 0.3098996071584461 0.6338965517241381 0.016774334351811436 0.010448275862068878
3 0.6833478830205152 0.6315862068965518 0.017769532955041335 0.01098275862068969
2 0.4540069838498472 0.30834482758620696 0.021724137931034528 0.015793103448275947
2 0.7033958969882148 0.3066896551724138 0.021278917503273768 0.015379310344827578
3 0.43420776953295503 0.6332413793103449 0.016774334351811363 0.010482758620689765
2 0.5785770405936272 0.3078448275862069 0.021396769969445627 0.015379310344827578
3 0.8076691401134876 0.6302758620689656 0.01710170231340012 0.010241379310344882
3 0.5585290266259275 0.6322586206896552 0.016839807944129287 0.011068965517241243
2 0.8277171540811874 0.3053793103448276 0.021684853775643862 0.014965517241379303
3 0.6813443910955915 0.23887931034482762 0.01723264949803597 0.010603448275862017
3 0.18620689655172412 0.6335689655172414 0.017023134002618928 0.01098275862068969
2 0.20738105630728942 0.7012241379310344 0.0209122653862942 0.014672413793103373
3 0.30814491488433 0.2423448275862069 0.016591008293321653 0.010362068965517229
3 0.8061632474901791 0.23822413793103445 0.01710170231340012 0.010948275862068991
3 0.5570231340026189 0.2400344827586207 0.016708860759493727 0.011413793103448313
3 0.43245307725883897 0.2415172413793104 0.017023134002618928 0.010948275862068991
2 0.8292230467044959 0.6972586206896553 0.0221955477957224 0.01513793103448279
2 0.3309428197293759 0.7005689655172415 0.021684853775643716 0.015310344827586277
3 0.9319903972064602 0.629948275862069 0.01710170231340012 0.01015517241379314
2 0.7049017896115233 0.6985862068965518 0.02152771715408119 0.01474137931034477
3 0.1843212570929725 0.24382758620689657 0.016970755128764704 0.011155172413793176
2 0.5800829332169359 0.6999137931034483 0.02152771715408119 0.015499999999999924
2 0.45551287647315586 0.6999137931034483 0.021776516804888752 0.015931034482758642
3 0.9304845045831517 0.23756896551724138 0.01737669140113494 0.010862068965517249
0 0.07886948930597992 0.6022241379310345 0.010161501527717144 0.011724137931034495
0 0.012950676560453952 0.9870172413793105 0.007031863814927977 0.009517241379310235