3 0.1765849443784426 0.1799645390070922 0.016362458148828186 0.009450354609929027
3 0.5608867048277352 0.17441489361702128 0.0172264823415055 0.011702127659574443
3 0.43253861108111025 0.17581560283687941 0.016834971379198677 0.012304964539007084
3 0.6916513662382548 0.5766489361702127 0.01722648234150564 0.01111702127659574
3 0.305567555891565 0.5793617021276596 0.01632195701479639 0.011524822695035368
2 0.19894157036397023 0.24826241134751773 0.02142509990279731 0.015390070921985834
2 0.45399071173992867 0.24505319148936172 0.02115509234258559 0.01475177304964537
2 0.3264391402959283 0.24721631205673758 0.02131709687871249 0.015212765957446759
2 0.8403310292688195 0.24264184397163122 0.021276595744680764 0.015336879432624073
2 0.5825953126687548 0.24464539007092195 0.02201911653526297 0.015159574468085092
2 0.7113079166216654 0.24354609929078014 0.0228831407279405 0.015567375886524815
2 0.20061561723728263 0.6490070921985815 0.02142509990279731 0.015390070921985738
2 0.5850118803326493 0.6471276595744682 0.02223512258343232 0.015212765957446852
2 0.32823469057133603 0.6488652482269502 0.022275623717464044 0.01563829787234056
2 0.4560967707095798 0.6476418439716312 0.02156010368290313 0.014982269503546112
3 0.18159358462036937 0.981418439716312 0.01763149368182311 0.010691489361702224
2 0.7136029808834647 0.646595744680851 0.022478129387622958 0.01526595744680852
2 0.8410060481693489 0.6456560283687942 0.022140619937358438 0.01574468085106389
2 0.07193001404039313 0.2501950354609929 0.020507074198077534 0.015567375886524815
3 0.5642212981963495 0.9800886524822694 0.01881952694675451 0.011117021276595552
3 0.4363997191921373 0.9819148936170211 0.018320012960362946 0.011329787234042593
3 0.6923533858948051 0.9806560283687944 0.018185009180257193 0.010904255319149266
3 0.3086456420779782 0.9811524822695035 0.017361486121611393 0.0107446808510637
3 0.819823955070742 0.9787056737588652 0.017631493681822895 0.010141843971631108
3 0.9486985635597798 0.9769326241134751 0.017361486121611393 0.010691489361702224
2 0.07279403823307053 0.6495921985815603 0.0209930878064586 0.013546099290780185
3 0.3046360298088346 0.1779787234042553 0.01717248082946327 0.009911347517730462
3 0.6894508046225295 0.17352836879432626 0.017631493681822895 0.009343971631205695
3 0.8174343881628686 0.17382978723404258 0.017793498217950083 0.009414893617021297
3 0.9457689815314828 0.17180851063829786 0.01752349065773858 0.01008865248226949
3 0.43414515606436976 0.5786702127659574 0.01695647478129385 0.011773049645389999
3 0.5622367426287935 0.5776241134751772 0.01742898801166427 0.010230496453900742
3 0.8191624365482234 0.5754787234042553 0.016672966843071343 0.010177304964539075
3 0.9476050329409224 0.5744858156028368 0.016227454368722218 0.00888297872340426
3 0.1788260071281996 0.5799113475177304 0.016767469489145728 0.010673758865248146