3 0.1985890045599243 0.21350847457627117 0.015641400671083217 0.009033898305084734
3 0.5658650950701196 0.20908474576271185 0.016467349221371337 0.011186440677966137
3 0.44309558633743434 0.21022033898305087 0.016093091284522174 0.011762711864406772
3 0.6908543405317044 0.5946610169491525 0.01646734922137148 0.01062711864406784
3 0.32181020390604836 0.5969322033898304 0.015602684332788537 0.011016949152542376
2 0.2193022455476211 0.279 0.020480942957928246 0.014711864406779683
2 0.4633571367116924 0.27591525423728813 0.020222834035963054 0.014101694915254181
2 0.3410780349307408 0.2768983050847458 0.020377699389142214 0.014542372881355922
2 0.8316527574636496 0.27315254237288134 0.020338983050847387 0.014661016949152478
2 0.5866170523961112 0.2749491525423729 0.021048782586251317 0.014491525423728812
2 0.7091284522068313 0.274135593220339 0.02187473113653958 0.014881355932203348
2 0.22114772433967134 0.6627796610169492 0.020480942957928246 0.014711864406779492
2 0.5885915856491439 0.6611694915254237 0.02125526972382353 0.014542372881355922
2 0.3428073647079067 0.6624576271186441 0.021293986062118207 0.014949152542372985
2 0.4653316699647251 0.6618135593220339 0.020609997418910876 0.014322033898305145
3 0.20274455820356188 0.9790847457627119 0.016854512604319014 0.010220338983050775
2 0.7116062978576959 0.6601864406779661 0.02148756775359219 0.014593220338983125
2 0.8336272907166824 0.659542372881356 0.02116493160113565 0.015050847457627015
2 0.0984427428374774 0.28094915254237285 0.019603372623247003 0.014881355932203348
3 0.5698141615761851 0.9790847457627119 0.017990191860965447 0.01062711864406765
3 0.44728985631936674 0.9797457627118643 0.017512690355330037 0.010830508474576466
3 0.691344747483438 0.9784406779661017 0.017383635894347334 0.010423728813559591
3 0.3240299406349479 0.9790847457627119 0.016596403682353968 0.01027118644067779
3 0.8133786457885228 0.9771525423728813 0.016854512604318868 0.009694915254237154
3 0.9363933579970748 0.9758474576271187 0.016596403682353753 0.010220338983050775
2 0.0984427428374774 0.6637627118644067 0.02006796868278415 0.012949152542372909
3 0.32063580831110733 0.21191525423728813 0.016415727436978427 0.009474576271186426
3 0.6885958874645101 0.20815254237288136 0.016854512604318868 0.008932203389830515
3 0.8108878946915599 0.20747457627118643 0.01700937795749817 0.00900000000000001
3 0.9335154435171642 0.20689830508474574 0.01675126903553305 0.009644067796610187
3 0.4446958616536178 0.5967457627118643 0.01620924029940622 0.01125423728813549
3 0.5671427342338466 0.5962372881355932 0.016660930912845175 0.009779661016949034
3 0.8127462789297083 0.5941864406779661 0.015938225931343017 0.00972881355932202
3 0.9355286931084917 0.5932372881355932 0.015512346210100659 0.00849152542372887
3 0.20056353781295705 0.5976440677966102 0.016028564054030824 0.010203389830508437