2 0.09123971315085475 0.7238205961452263 0.021246893045315143 0.015498590326323907
2 0.458978003066684 0.33147837077198905 0.021246893045315143 0.015436719706258848
2 0.21319469365783636 0.7231606428645312 0.020325830084496954 0.014673648725455188
2 0.3350872292183218 0.3326332890132055 0.021527895304547764 0.01531297846612854
2 0.5831185567010309 0.3304884408509464 0.020638054816977648 0.015024248905824393
2 0.5851167949889077 0.721840736303141 0.02080977841984203 0.015312978466128445
2 0.4607264615685762 0.7225006895838361 0.021449839121427592 0.01585950227670416
2 0.7075088901213623 0.32933352260973 0.02104394696920269 0.01496237828575924
2 0.33658590793422943 0.7231606428645312 0.021324949228435315 0.015086119525889547
3 0.31510484633955366 0.656505361514326 0.016906969263832727 0.010940787981523474
3 0.4394951797598851 0.6561753848739785 0.016594744531351964 0.010641746651208565
3 0.1920883017421375 0.6571653147950212 0.017375306362553838 0.010765487891338871
2 0.7090075688372699 0.7205208297417508 0.02137178293830742 0.01445710155522696
3 0.31385594740963063 0.26465810110161014 0.016329353508743302 0.01098203506156691
3 0.9348084953673496 0.2590484982157018 0.016782079370840378 0.01145637648206652
3 0.563635733394232 0.6551854549529359 0.016906969263832654 0.01159042949220778
2 0.8333979022576014 0.7198608764610557 0.022277234662501713 0.01484894881563979
3 0.190214953347253 0.2663079843033479 0.017234805232937526 0.011322323471925352
3 0.5616374951063552 0.26284322957969863 0.016969414210328795 0.011507935332120814
3 0.43799650104397747 0.26366817118056746 0.01710991533994525 0.011641988342261982
2 0.8313996639697245 0.32834359268868735 0.021699618907412146 0.015199548996008996
2 0.21182090483492103 0.3347781371754646 0.02040388626761713 0.014570531025346504
3 0.6855282689547174 0.26135833469813463 0.017234805232937384 0.010399420055953283
3 0.8104181619470181 0.2606983814174395 0.017234805232937384 0.010481914216040155
3 0.9363071740832571 0.6525456418301554 0.017172360286441243 0.010363328860915181
3 0.6875265072425942 0.6541955250318933 0.017172360286441243 0.010858293821436603
3 0.8119168406629257 0.6532055951108505 0.017172360286441243 0.009888987440415668
2 0.08905414002348948 0.33576806709650725 0.0208097784198421 0.015797631656639007
0 0.07131977521858279 0.9297260197220977 0.008672041944652884 0.011105776301697219