3 0.19694092827004225 0.9934375000000002 0.017972046413502134 0.010711805555555808
3 0.9457542194092827 0.9901041666666667 0.01702267932489461 0.01055555555555543
3 0.32085970464135033 0.9940972222222223 0.018169831223628644 0.010972222222222095
3 0.6964003164556962 0.9921006944444446 0.017892932489451285 0.010885416666666667
3 0.8215849156118143 0.9914409722222223 0.017497362869198407 0.010677083333333334
3 0.5712157172995781 0.9934375000000002 0.018103902953586545 0.01102430555555543
3 0.09219409282700423 0.6687673611111111 0.021756329113924052 0.015850694444444383
3 0.4460311181434599 0.9940972222222223 0.017616033755274214 0.01102430555555543
3 0.19302478902953588 0.209375 0.018169831223628644 0.01097222222222219
3 0.9447389240506331 0.5953298611111112 0.01714135021097056 0.010434027777777714
3 0.19479166666666667 0.6013194444444445 0.018103902953586545 0.010885416666666667
3 0.9427215189873419 0.20338541666666668 0.017352320675105677 0.010520833333333333
3 0.09067774261603376 0.27815972222222224 0.02121571729957805 0.01690972222222219
3 0.21599419831223632 0.6687673611111111 0.021505801687763688 0.015538194444444571
3 0.3170622362869199 0.20753472222222225 0.017681962025316456 0.011284722222222238
3 0.8180511603375527 0.20321180555555557 0.01776107594936709 0.010885416666666667
2 0.8402558016877638 0.27034722222222224 0.022178270042193998 0.016041666666666666
3 0.3405458860759494 0.6681076388888889 0.021716772151898735 0.015659722222222096
3 0.8422732067510549 0.6644618055555557 0.021426687763712985 0.016215277777777905
3 0.8200685654008439 0.5966666666666668 0.017220464135020905 0.010434027777777714
3 0.2142273206751055 0.2766666666666667 0.021347573839662425 0.016163194444444477
2 0.7150712025316456 0.27151041666666664 0.021756329113924052 0.015850694444444476
3 0.7165875527426161 0.6661111111111111 0.02134757383966264 0.01578125
3 0.46596782700421946 0.6674479166666667 0.02256065400843877 0.015902777777777714
3 0.3188291139240507 0.6003298611111112 0.017550105485231973 0.01071180555555543
3 0.5681830168776372 0.20505208333333336 0.017550105485231973 0.01171875
3 0.6953850210970465 0.59765625 0.017497362869198407 0.011059027777777715
3 0.6933676160337554 0.20437500000000003 0.017827004219409186 0.011597222222222238
2 0.591402953586498 0.6667881944444445 0.022085970464134973 0.01609375
2 0.3387790084388186 0.27515625000000005 0.02183544303797454 0.01640625
2 0.4644646624472574 0.27350694444444446 0.022257383966244774 0.01673611111111105
2 0.5893855485232068 0.2720138888888889 0.022310126582278482 0.016336805555555618
3 0.4442642405063292 0.5999826388888888 0.01728639240506329 0.01109375
3 0.5696993670886077 0.5986631944444445 0.017616033755274214 0.011232638888888952
3 0.44249736286919833 0.2063715277777778 0.017681962025316456 0.011458333333333333