3 0.18674859738177932 0.19736842105263158 0.016190221747261552 0.009350877192982427
3 0.5670050761421319 0.19187719298245612 0.017045150948437046 0.01157894736842105
3 0.44000801496126096 0.19326315789473683 0.016657761154154398 0.012175438596491214
3 0.6963932674325407 0.5898771929824561 0.017045150948437192 0.011000000000000038
3 0.31437349719476354 0.5925614035087718 0.016150146940956383 0.011403508771929865
2 0.20886989046219612 0.26494736842105265 0.021199572535399443 0.015228070175438594
2 0.46123430403419713 0.2617719298245614 0.020932407160032012 0.014596491228070173
2 0.3350253807106599 0.2639122807017544 0.0210927063852524 0.015052631578947361
2 0.8435078813785734 0.25938596491228066 0.021052631578947448 0.015175438596491233
2 0.5884851723216671 0.2613684210526316 0.021787336361207506 0.015
2 0.7158429067592839 0.26028070175438595 0.022642265562383145 0.015403508771929732
2 0.21052631578947367 0.6614736842105263 0.021199572535399443 0.015228070175438499
2 0.5908763024312049 0.6596140350877193 0.022001068661501453 0.015052631578947361
2 0.33680203045685275 0.6613333333333332 0.02204114346780655 0.015473684210526433
2 0.4633181939620624 0.6601228070175438 0.021333155223083124 0.014824561403508862
3 0.1917045150948437 0.9903859649122806 0.01744589901148809 0.010578947368420966
2 0.7181138124499065 0.6590877192982456 0.02224151749933218 0.01510526315789472
2 0.8441757948169917 0.658157894736842 0.02190756078012294 0.015578947368420965
2 0.08319529788939353 0.266859649122807 0.020291210259150427 0.015403508771929732
3 0.5703045685279188 0.9890701754385964 0.01862142666310457 0.010999999999999848
3 0.44382847982901413 0.990877192982456 0.01812717071867495 0.011210526315789669
3 0.6970878974084959 0.9896315789473685 0.017993588030991343 0.010789473684210786
3 0.31741918247395134 0.9901228070175437 0.0171787336361208 0.010631578947368325
3 0.823216671119423 0.9877017543859649 0.01744589901148816 0.010035087719298114
3 0.9507347047822602 0.9859473684210527 0.017178733636120654 0.010578947368420966
2 0.08405022709056906 0.6620526315789473 0.02077210793481166 0.01340350877192975
3 0.31345177664974616 0.1954035087719298 0.016991717873363635 0.009807017543859615
3 0.694215869623297 0.191 0.01744589901148816 0.009245614035087755
3 0.8208522575474217 0.1912982456140351 0.01760619823670855 0.00931578947368422
3 0.9478359604595243 0.1892982456140351 0.017339032861341332 0.009982456140350896
3 0.4415976489446967 0.5918771929824561 0.016777985573069688 0.01164912280701761
3 0.5683409030189687 0.5908421052631577 0.017245524979962533 0.010122807017543778
3 0.8225621159497728 0.588719298245614 0.01649746192893401 0.010070175438596417
3 0.9496526850120224 0.5877368421052631 0.016056639059577944 0.00878947368421052
3 0.18896606999732832 0.5931052631578947 0.016590969810312592 0.010561403508771909