0 0.0826980985976082 0.915508474576271 0.009382259313430293 0.01062711864406765
2 0.22312225759270407 0.7117796610169491 0.020455132065731792 0.014372881355932161
3 0.9359029510453412 0.25693220338983047 0.015602684332788249 0.01057627118644073
2 0.34502710143680637 0.7111186440677966 0.02097134990966181 0.014762711864406886
2 0.7135808311107287 0.7098305084745763 0.02073905187989329 0.01410169491525437
2 0.4677966101694915 0.7104745762711864 0.02141013507700254 0.015118644067796557
2 0.10183687516131806 0.7117796610169491 0.020532564742321263 0.015830508474576278
2 0.10004301815366085 0.3297627118644068 0.02045513206573172 0.014661016949152478
2 0.836105136367547 0.7085254237288134 0.021461756861395738 0.014491525423728717
3 0.9378774842983739 0.6410508474576272 0.016531876451862614 0.009796610169491562
2 0.34354297513550713 0.32733898305084747 0.02173277122945894 0.014830508474576239
2 0.5905661189021767 0.7104745762711864 0.02097134990966181 0.014762711864406886
2 0.22152198227652067 0.32862711864406774 0.02033898305084746 0.014322033898305052
2 0.46606728039232553 0.32620338983050845 0.020739051879893437 0.015
2 0.5890819926008775 0.3252203389830508 0.02048094295792832 0.014542372881355922
2 0.7116062978576959 0.32393220338983053 0.021164931601135938 0.01442372881355927
2 0.8346210100662479 0.32328813559322034 0.02137141873870757 0.014593220338983031
3 0.6923384668330035 0.643322033898305 0.016919039834810294 0.010389830508474536
3 0.32402994063494794 0.6452711864406779 0.016919039834810294 0.010033898305084676
3 0.8133786457885228 0.257271186440678 0.016660930912845463 0.00994915254237289
3 0.5703045685279188 0.6442881355932203 0.01596403682353947 0.010762711864406735
3 0.8151854082422781 0.6423389830508475 0.016660930912845463 0.009881355932203443
3 0.6908543405317044 0.2577457627118644 0.016531876451862614 0.009881355932203349
3 0.44728985631936674 0.6452711864406779 0.01659640368235404 0.01054237288135596
3 0.2005248214746623 0.26277966101694916 0.016660930912845248 0.010677966101694948
3 0.20225415125182827 0.645915254237288 0.01717714875677534 0.010677966101694854
3 0.3225458143336488 0.2613220338983051 0.015899509593048335 0.010338983050847522
3 0.5678396283231524 0.2593728813559322 0.01744816312483861 0.011322033898305127
3 0.4453153230663339 0.2603389830508474 0.017048094295792852 0.011322033898305127
0 0.09467435257678741 0.6144406779661016 0.00796266024262236 0.01206779661016943