2 0.08056404984874348 0.29595001650528163 0.020687239364566193 0.015406433965118822
3 0.18493037061199682 0.22636306117957744 0.017046926701189027 0.010867696412852108
3 0.31117064059483807 0.22467814700704225 0.017704428107349686 0.010704470352387717
3 0.6934836533477515 0.22097133582746475 0.018121380218573575 0.010704470352387717
3 0.4389504260652749 0.22383568992077463 0.017784611205662014 0.010951942121478831
3 0.5662170397065132 0.2221507757482394 0.017848757684311732 0.011130964252310775
3 0.18685476497149137 0.6246767715669014 0.01757613515005003 0.010867696412852108
3 0.8212634388181882 0.2201288787411972 0.01621302247874154 0.01001997396979533
3 0.9485300524594266 0.21979189590669013 0.01677430416692733 0.010378018231459028
0 0.06253888934814471 0.9188627860915493 0.008908342222493437 0.010704470352387717
2 0.08242429772958819 0.693758252640845 0.021088154856127545 0.014816714004731467
3 0.31296674199703295 0.6243397887323944 0.017640281628699895 0.010951942121478927
2 0.20699675926753414 0.29493906800176056 0.021120228095452477 0.014311239752970929
3 0.6955363406645456 0.621643926056338 0.017704428107349613 0.011046718543684051
3 0.44074652746746973 0.6240028058978873 0.01751198867140017 0.010662347498074307
3 0.8228029543057839 0.6206329775528169 0.017111073179838746 0.010499121437610105
2 0.8428166556445269 0.28870488556338025 0.021649436544313408 0.014258586185079214
3 0.5682697270233072 0.6229918573943661 0.017431805573087916 0.011088841397997271
2 0.7155500420032886 0.2893788512323944 0.020959861898827894 0.0142059326171875
2 0.46050364289161366 0.2915692396566901 0.02153718020667622 0.01487989828620158
2 0.3332370292503753 0.2934226452464788 0.021569253446001153 0.015048389703455125
3 0.9500695679470221 0.6199590118838028 0.01691863374388945 0.010256915025308141
2 0.5877702565328519 0.29038979973591544 0.021007971757815217 0.014258586185079214
2 0.2084079817978301 0.6930842869718309 0.020414616830304495 0.014037441199934051
2 0.8443561711321227 0.6890404929577465 0.02241919428811118 0.014311239752970929
2 0.33503313065257023 0.6930842869718309 0.021489070347688898 0.014585038306007997
2 0.7176027293200828 0.6903884242957746 0.02145699710836411 0.013879480496258718
2 0.5898229438496461 0.6910623899647887 0.021489070347688898 0.013816296214788698
2 0.4625563302084078 0.6917363556338028 0.02203431541621244 0.014879898286201676