3 0.19794828387430588 0.2175800912332215 0.016811543565606574 0.010086161978292789
3 0.31862460023251454 0.21645606124161076 0.016949092558416062 0.0101212879155306
3 0.5614444222055668 0.21356569840604028 0.01720890732261182 0.010858932597525192
3 0.43966771390488196 0.21468972839765102 0.017468722086807546 0.010688320902369975
3 0.6846883197628864 0.5938089869966443 0.01733117309399795 0.010276845637583847
3 0.5629116114622015 0.5947724412751679 0.018370432150780994 0.011069688220952117
3 0.8045087757213913 0.2113176384228188 0.017545138193923858 0.009965730193477356
3 0.32033632103192183 0.5963781984060403 0.01746872208680758 0.010121287915530578
2 0.583941324140633 0.6609296350671141 0.021365943549743704 0.014732821675755
3 0.19941547313094063 0.5970205012583893 0.0170713583298023 0.010808752687185385
3 0.44162396624706163 0.5957358955536913 0.018018918058045636 0.010899076525796924
2 0.34112150216758086 0.6622142407718121 0.02173274086390238 0.015977283452181155
3 0.6827320674207067 0.21244166841442955 0.01661286168710406 0.009739920596948413
2 0.4624091473827207 0.6615719379194632 0.020831030799928933 0.015375124528104038
2 0.7057180324413179 0.6596450293624162 0.02115197844981765 0.014903433370910192
3 0.806465028063571 0.5931666841442954 0.017545138193923858 0.009815190462458077
2 0.2202006542665997 0.6628565436241611 0.020922730128468566 0.01543534042051173
3 0.6856664459339761 0.973088821308725 0.017468722086807692 0.010316989565855769
3 0.322048041831329 0.9743734270134229 0.01720890732261182 0.00985031639969596
3 0.4433356870464689 0.9743734270134229 0.01788136906523604 0.01000587412174923
2 0.8270056776564576 0.6590027265100672 0.021656324756785923 0.014963649263317886
3 0.20161625701589275 0.9737311241610739 0.01727004020830496 0.010201575772074421
3 0.807443154234661 0.972446518456376 0.017606271079617142 0.009514111000419613
3 0.5643788007188363 0.9737311241610739 0.01788136906523604 0.01004601805002115
3 0.9253073578509863 0.21083591128355705 0.01733117309399795 0.010437421350671154
2 0.10172512179334312 0.2848613150167786 0.014305095252188892 0.014793037568162788
3 0.9272636101931659 0.5922032298657718 0.017545138193923858 0.010241719700346152
2 0.3394097813681736 0.2818103764681208 0.02104499589985484 0.01585685166736577
2 0.703761780099138 0.2782777107802014 0.02156462542824629 0.015314908635696345
2 0.4606974265833135 0.28084692218959734 0.020999146235585023 0.015023865155725673
2 0.21836666769580623 0.28325555788590606 0.021151978449817723 0.015615988097734904
2 0.5819850717984534 0.2794017407718121 0.021365943549743704 0.015194476850880866
2 0.8245603622287332 0.27747483221476515 0.020678198585696018 0.015084081048133366
3 0.9282417363642559 0.9711619127516778 0.0168115435656065 0.010086161978292693
2 0.10392590567829524 0.6634988464765101 0.013143570424019682 0.014793037568162692
0 0.08375205339956734 0.9069316275167787 0.009139366411120672 0.010648176974098079